FileVersion 1 2;
FileTimestamp 07-09-19 14:27:53;
InspectionStationID "NONE" "AIT" "ILS201";
SampleType WAFER;
ResultTimestamp 06-27-19 17:33:18;
LotID "195J64";
SampleSize 1 200;
DeviceID "MA65";
SetupID "MA65" 08-01-18 05:25:59;
StepID "M4CCVD";
SampleOrientationMarkType NOTCH;
OrientationMarkLocation DOWN;
DiePitch 5.0442450000e+03 4.2534670000e+03;
DieOrigin 0.0000000000e+00 0.0000000000e+00;
WaferID "@14";
Slot 14;
SampleCenterLocation 5.2280000000e+03 -6.0230000000e+03;
ClassLookup 74
  0 "Uncategorized"
  1 "Small PT"
  2 "Medium PT"
  3 "Large PT"
  4 "Polymer"
  5 "Flake PT"
  6 "Scratch"
  9 "Other Defect"
  10 "Other Residue"
  11 "Wet Residue"
  13 "W Residue"
  14 "PR Residue"
  15 "Liquid Mark"
  16 "Thread Defect"
  20 "Pits"
  22 "Pattern Deformed"
  23 "Defocus"
  24 "PR BUBBLE"
  25 "Crown Defect"
  27 "Bead Defect"
  30 "CMP Scratch"
  31 "Minor CMP Scratch"
  35 "Rip Out"
  40 "Protrusion"
  42 "Top Blocked"
  43 "Bottom Blocked"
  44 "Line broken"
  45 "Metal Corrosion"
  46 "Galvanic Corrosion"
  51 "PR Popping"
  52 "Salicide Bad"
  53 "STI Dimple"
  59 "W Void"
  60 "AA Dep PT"
  61 "GC Dep PT"
  62 "CVD Dep PT"
  63 "Metal Dep PT"
  73 "Cone Defect"
  74 "Metal Depression"
  77 "Underlayer"
  78 "NUISANCE/FALSE"
  79 "Metal Grain"
  80 "Don't Care/Minor"
  95 "Missing AI"
  99 "test2"
  100 "Cluster"
  101 "CU CMP Scratch"
  102 "CU Void"
  103 "2_PO Missing"
  104 "CU Pattern Open"
  105 "CU Remain"
  106 "Circle CU Remain"
  107 "CU CVD PT"
  108 "CU Eclips"
  109 "CU CMP Residue"
  110 "Minor CU CMP Scratch"
  111 "CMP PT"
  112 "CU SEAM PT"
  113 "CU Ox"
  114 "CU Pattern Open(Minor)"
  116 "1_PO Missing"
  117 "PAD Abnormality"
  150 "Guard Ring Circle Defect"
  151 "EBR Circle Defect"
  152 "PAD Hillock"
  153 "PAD Residue"
  154 "PAD Hole"
  155 "Color PR Residue"
  201 "Bin 1"
  202 "Bin 2"
  203 "Bin 3"
  204 "Bin 4"
  205 "Bin 5"
  206 "Bin 6"  ;
OrientationInstructions "";
InspectionTest 1;
SampleTestPlan 1283
  -18 -2 
  -17 -9 
  -17 0 
  -17 4 
  -16 -10 
  -16 0 
  -16 3 
  -15 -6 
  -15 -4 
  -15 -2 
  -14 -11 
  -14 -6 
  -14 1 
  -14 2 
  -13 -12 
  -13 7 
  -12 -12 
  -12 -11 
  -12 4 
  -12 11 
  -11 -14 
  -11 -1 
  -11 11 
  -10 -11 
  -10 16 
  -9 -18 
  -9 2 
  -9 4 
  -9 11 
  -9 13 
  -8 -21 
  -8 -20 
  -8 -19 
  -8 -18 
  -8 -15 
  -8 -5 
  -8 4 
  -7 -17 
  -7 -9 
  -7 -6 
  -7 3 
  -7 11 
  -7 13 
  -6 -14 
  -6 -6 
  -6 0 
  -6 3 
  -6 12 
  -6 14 
  -6 17 
  -5 -18 
  -5 -9 
  -5 -7 
  -5 -3 
  -5 -1 
  -5 10 
  -5 15 
  -4 -11 
  -4 -5 
  -4 10 
  -3 -12 
  -3 -11 
  -3 -7 
  -2 -20 
  -2 -6 
  -2 -4 
  -2 -1 
  -2 5 
  -2 14 
  -1 -21 
  -1 -13 
  -1 -11 
  -1 3 
  -1 10 
  -1 16 
  0 -21 
  0 -20 
  0 -18 
  0 -11 
  0 -6 
  0 4 
  0 14 
  0 16 
  0 18 
  0 19 
  1 -14 
  1 -6 
  1 -2 
  1 10 
  1 14 
  1 17 
  2 -20 
  2 -18 
  2 -6 
  3 -8 
  3 15 
  3 19 
  4 -19 
  4 -15 
  4 16 
  5 -14 
  5 -13 
  5 -10 
  5 -1 
  5 8 
  6 6 
  7 -17 
  7 -13 
  7 -1 
  7 8 
  7 12 
  8 -21 
  8 -18 
  8 -17 
  8 -10 
  8 10 
  8 13 
  9 -10 
  9 12 
  10 -10 
  10 -4 
  10 -1 
  10 5 
  10 7 
  10 11 
  11 -4 
  11 -1 
  11 0 
  11 4 
  11 13 
  12 -8 
  12 13 
  13 -5 
  13 10 
  14 -17 
  14 -11 
  14 5 
  14 7 
  14 10 
  16 -13 
  17 -8 
  17 0 
  17 7 
  18 -1 
  18 5 
  -17 -2 
  -17 2 
  -16 -2 
  -15 -5 
  -15 2 
  -15 4 
  -14 -14 
  -14 -13 
  -14 -4 
  -14 -2 
  -14 6 
  -14 8 
  -13 -11 
  -13 0 
  -13 6 
  -13 9 
  -12 -18 
  -12 -9 
  -12 3 
  -12 13 
  -11 -19 
  -11 -18 
  -11 -9 
  -11 -4 
  -10 -17 
  -10 -13 
  -10 -12 
  -10 -6 
  -10 -5 
  -10 6 
  -10 7 
  -9 -14 
  -9 -12 
  -9 -9 
  -9 3 
  -9 7 
  -8 -8 
  -8 -1 
  -8 8 
  -7 -22 
  -7 -21 
  -7 -14 
  -7 -10 
  -7 7 
  -6 -12 
  -6 -5 
  -6 7 
  -6 9 
  -6 10 
  -6 15 
  -6 18 
  -5 -19 
  -5 -17 
  -5 -15 
  -5 5 
  -5 6 
  -5 9 
  -5 12 
  -5 17 
  -4 -22 
  -4 -3 
  -4 1 
  -4 12 
  -3 -8 
  -3 0 
  -3 2 
  -3 4 
  -3 13 
  -2 -18 
  -2 16 
  -1 -10 
  -1 -5 
  -1 -4 
  -1 0 
  -1 1 
  -1 18 
  0 -7 
  0 3 
  0 5 
  0 9 
  0 15 
  1 -19 
  1 -9 
  1 -1 
  1 6 
  1 16 
  1 18 
  1 19 
  2 -14 
  2 -12 
  2 -11 
  2 -1 
  2 5 
  2 10 
  3 -23 
  3 -3 
  3 6 
  4 -7 
  4 0 
  4 1 
  4 9 
  4 19 
  5 -21 
  5 -20 
  5 -16 
  5 -15 
  5 -5 
  5 13 
  5 17 
  6 -11 
  6 -2 
  6 19 
  7 -21 
  7 -20 
  7 -14 
  7 -12 
  7 0 
  7 4 
  7 6 
  7 16 
  8 -8 
  8 -5 
  8 -2 
  8 0 
  8 2 
  8 15 
  8 17 
  9 -6 
  9 8 
  9 14 
  10 -19 
  10 -11 
  10 -8 
  10 -7 
  11 -20 
  11 -15 
  11 -12 
  11 -6 
  11 -5 
  11 6 
  11 15 
  11 16 
  12 -10 
  12 -7 
  12 -4 
  12 -1 
  12 10 
  13 -10 
  13 -8 
  13 2 
  13 4 
  13 11 
  14 -10 
  14 -8 
  14 -6 
  14 -5 
  14 -2 
  14 2 
  15 -6 
  15 -1 
  15 11 
  16 -12 
  16 -11 
  16 -9 
  16 3 
  16 4 
  16 6 
  17 3 
  17 8 
  18 1 
  18 2 
  18 3 
  19 -2 
  -17 -4 
  -16 -11 
  -16 -6 
  -16 -5 
  -16 2 
  -16 7 
  -15 -10 
  -15 6 
  -15 8 
  -14 -9 
  -14 -1 
  -14 0 
  -13 -5 
  -13 3 
  -12 -14 
  -12 -3 
  -12 12 
  -11 -15 
  -11 -10 
  -11 -7 
  -11 -3 
  -11 14 
  -10 -18 
  -10 -2 
  -10 -1 
  -10 0 
  -10 8 
  -10 12 
  -9 -17 
  -9 -10 
  -9 8 
  -9 9 
  -8 -17 
  -8 -11 
  -8 -7 
  -8 6 
  -8 10 
  -8 15 
  -7 -19 
  -7 -18 
  -7 -15 
  -7 -12 
  -7 -4 
  -6 -17 
  -6 -9 
  -6 -7 
  -6 -2 
  -6 8 
  -5 -11 
  -5 2 
  -5 11 
  -4 -16 
  -4 -14 
  -4 -10 
  -4 5 
  -4 17 
  -3 -16 
  -3 9 
  -3 10 
  -3 16 
  -3 17 
  -3 19 
  -2 -23 
  -2 -21 
  -2 -11 
  -2 -10 
  -2 13 
  -2 18 
  -1 -18 
  -1 6 
  -1 7 
  0 -22 
  0 -5 
  0 -1 
  0 12 
  1 -4 
  1 9 
  1 15 
  2 -16 
  2 -7 
  2 1 
  2 12 
  2 13 
  3 -21 
  3 -6 
  3 10 
  3 14 
  3 17 
  3 18 
  4 -10 
  4 -8 
  4 -4 
  4 11 
  4 13 
  4 14 
  5 -23 
  5 -8 
  5 -7 
  5 -4 
  5 16 
  5 18 
  6 -18 
  6 -17 
  6 -9 
  6 -3 
  6 7 
  6 13 
  6 15 
  6 16 
  7 -19 
  7 -7 
  7 11 
  7 13 
  7 17 
  7 18 
  8 -20 
  8 -16 
  8 -9 
  8 -1 
  8 5 
  9 -21 
  9 -19 
  9 -11 
  9 -9 
  9 -3 
  9 2 
  10 -18 
  10 -9 
  10 -3 
  10 14 
  11 -14 
  11 -11 
  11 11 
  12 -15 
  12 -14 
  12 8 
  12 9 
  12 14 
  13 -18 
  13 -14 
  13 -6 
  13 -4 
  13 1 
  13 3 
  13 7 
  14 -14 
  14 0 
  14 9 
  14 13 
  15 -3 
  15 -2 
  16 -7 
  16 -6 
  16 10 
  17 -7 
  18 -6 
  -18 -3 
  -17 1 
  -16 6 
  -15 -9 
  -15 3 
  -14 -5 
  -14 3 
  -13 -16 
  -13 -13 
  -13 -9 
  -13 -3 
  -13 4 
  -13 11 
  -12 -17 
  -12 -5 
  -12 7 
  -12 10 
  -11 -13 
  -11 3 
  -11 5 
  -11 6 
  -11 8 
  -10 -16 
  -10 -15 
  -10 4 
  -10 9 
  -10 10 
  -10 15 
  -9 -16 
  -9 -6 
  -8 -9 
  -8 -2 
  -8 16 
  -7 -8 
  -7 -5 
  -7 -2 
  -7 2 
  -7 10 
  -7 17 
  -6 -22 
  -6 -18 
  -6 -16 
  -6 -11 
  -6 -4 
  -5 -5 
  -5 -4 
  -5 14 
  -4 -18 
  -4 -12 
  -4 0 
  -4 2 
  -4 3 
  -4 6 
  -3 -22 
  -3 -2 
  -3 -1 
  -3 1 
  -3 3 
  -3 5 
  -3 14 
  -2 -17 
  -2 -8 
  -2 0 
  -2 6 
  -2 12 
  -2 15 
  -1 -7 
  -1 2 
  -1 5 
  -1 8 
  0 -15 
  0 -12 
  0 -10 
  0 -9 
  0 0 
  0 2 
  0 10 
  1 -16 
  1 -8 
  1 -7 
  2 -19 
  2 -17 
  2 -10 
  2 -4 
  2 4 
  2 9 
  2 11 
  3 -22 
  3 -17 
  3 -16 
  3 -15 
  3 -12 
  3 -10 
  3 -4 
  3 2 
  3 4 
  3 8 
  4 -20 
  4 -16 
  4 2 
  4 6 
  4 10 
  5 -19 
  5 -18 
  5 -17 
  5 -2 
  5 4 
  5 7 
  5 11 
  6 -16 
  6 -15 
  6 -13 
  6 -12 
  6 2 
  6 5 
  6 10 
  7 -5 
  7 -4 
  7 1 
  7 9 
  7 10 
  7 14 
  8 -14 
  8 -6 
  8 -3 
  8 12 
  9 -14 
  9 13 
  9 17 
  10 -12 
  10 4 
  10 9 
  10 16 
  11 -9 
  11 5 
  11 7 
  11 9 
  11 12 
  12 -3 
  12 2 
  13 -17 
  13 -1 
  13 0 
  13 6 
  13 8 
  14 -15 
  14 -13 
  14 -12 
  14 -4 
  15 -7 
  16 -14 
  16 -8 
  16 7 
  17 -11 
  17 -9 
  17 -3 
  17 -1 
  17 4 
  18 -8 
  18 0 
  19 -3 
  19 -1 
  -17 -8 
  -17 -1 
  -15 -13 
  -15 -12 
  -15 -11 
  -15 -8 
  -15 -1 
  -15 0 
  -14 -15 
  -14 -10 
  -14 -3 
  -14 11 
  -13 -7 
  -12 -10 
  -12 -7 
  -12 -2 
  -12 2 
  -11 -17 
  -11 -16 
  -11 -2 
  -10 3 
  -10 13 
  -9 -11 
  -9 -8 
  -9 -3 
  -8 -16 
  -8 -4 
  -8 0 
  -8 3 
  -8 9 
  -8 13 
  -7 8 
  -7 14 
  -6 -15 
  -6 -13 
  -6 -1 
  -6 1 
  -6 13 
  -5 -13 
  -5 7 
  -5 8 
  -4 -15 
  -4 9 
  -4 13 
  -4 14 
  -4 18 
  -4 19 
  -3 -14 
  -3 -9 
  -3 12 
  -2 -22 
  -2 -19 
  -2 -12 
  -2 -7 
  -2 -3 
  -2 -2 
  -1 -17 
  -1 -15 
  -1 -8 
  -1 -6 
  -1 -3 
  -1 11 
  -1 12 
  -1 13 
  -1 17 
  -1 19 
  0 -17 
  0 -13 
  0 -3 
  0 -2 
  1 -15 
  1 1 
  1 3 
  1 4 
  1 7 
  2 -22 
  2 -9 
  2 -8 
  2 -5 
  2 14 
  3 -18 
  3 -13 
  3 -7 
  3 9 
  4 -21 
  4 -18 
  4 -12 
  4 -9 
  4 7 
  4 15 
  5 -12 
  5 0 
  5 1 
  5 3 
  5 10 
  6 -23 
  6 -8 
  6 -6 
  6 -1 
  6 8 
  6 9 
  6 11 
  6 12 
  7 -16 
  7 5 
  8 -11 
  8 -4 
  8 6 
  8 14 
  9 -8 
  9 -5 
  9 -4 
  9 1 
  9 5 
  9 6 
  10 -14 
  10 -6 
  10 1 
  10 12 
  11 1 
  11 14 
  12 -16 
  12 -13 
  12 -11 
  12 -2 
  12 0 
  12 3 
  12 6 
  12 11 
  12 12 
  12 15 
  13 -15 
  13 -3 
  13 -2 
  13 12 
  13 13 
  13 14 
  14 -16 
  14 -9 
  14 -7 
  15 -11 
  15 -10 
  15 0 
  16 -4 
  16 -2 
  16 2 
  16 5 
  17 -5 
  18 -7 
  18 -4 
  18 4 
  -18 -4 
  -18 0 
  -17 -7 
  -17 -6 
  -16 -7 
  -15 -7 
  -15 5 
  -15 7 
  -14 -12 
  -14 -8 
  -14 -7 
  -14 7 
  -14 9 
  -13 -14 
  -13 -4 
  -13 -1 
  -13 8 
  -13 10 
  -12 -16 
  -12 0 
  -11 -8 
  -11 12 
  -11 13 
  -11 15 
  -10 1 
  -10 2 
  -10 5 
  -10 14 
  -9 -20 
  -9 -19 
  -9 -13 
  -9 -4 
  -9 -1 
  -9 5 
  -9 6 
  -9 12 
  -8 -14 
  -8 -6 
  -8 1 
  -8 14 
  -7 -13 
  -7 -3 
  -7 4 
  -7 5 
  -7 6 
  -7 12 
  -7 18 
  -6 -3 
  -6 4 
  -5 -23 
  -5 -20 
  -5 -12 
  -5 -10 
  -5 -6 
  -5 1 
  -5 3 
  -5 16 
  -5 18 
  -5 19 
  -4 -9 
  -4 16 
  -3 -21 
  -3 -20 
  -3 -18 
  -3 -13 
  -3 -3 
  -3 7 
  -3 15 
  -3 18 
  -2 -13 
  -2 -5 
  -2 1 
  -2 2 
  -2 3 
  -2 9 
  -2 10 
  -2 17 
  -1 -19 
  -1 -12 
  -1 -1 
  -1 9 
  0 -16 
  1 -23 
  1 -22 
  1 0 
  1 5 
  1 8 
  1 11 
  1 12 
  2 -21 
  2 15 
  2 16 
  3 -19 
  3 -5 
  3 3 
  3 11 
  3 12 
  4 -11 
  4 -6 
  4 -3 
  4 12 
  5 -6 
  5 -3 
  5 2 
  5 5 
  5 9 
  5 14 
  6 -19 
  6 0 
  6 1 
  6 17 
  6 18 
  7 -10 
  7 7 
  8 -19 
  8 -15 
  8 18 
  9 -20 
  9 -17 
  9 -16 
  9 4 
  9 10 
  9 11 
  9 15 
  10 -20 
  10 -17 
  10 -5 
  10 13 
  10 15 
  11 -19 
  11 -17 
  11 -16 
  11 -8 
  11 -3 
  11 8 
  12 -17 
  12 -12 
  12 -5 
  13 -13 
  13 -9 
  13 9 
  14 11 
  14 12 
  15 -14 
  15 -9 
  15 -4 
  15 4 
  15 5 
  15 10 
  16 -3 
  16 -1 
  16 8 
  17 -12 
  17 -10 
  17 -4 
  17 1 
  18 -9 
  18 -2 
  -18 -1 
  -16 -9 
  -16 -4 
  -16 -3 
  -16 -1 
  -16 1 
  -16 4 
  -15 1 
  -15 9 
  -14 4 
  -14 5 
  -14 10 
  -13 -10 
  -13 -6 
  -13 -2 
  -13 2 
  -12 -15 
  -12 -13 
  -12 -6 
  -12 1 
  -12 9 
  -11 -12 
  -11 -6 
  -11 1 
  -11 9 
  -11 10 
  -10 -20 
  -10 -19 
  -10 -14 
  -10 -10 
  -10 -4 
  -10 11 
  -9 -15 
  -9 -7 
  -9 -5 
  -9 -2 
  -8 -10 
  -8 -3 
  -8 2 
  -8 5 
  -8 11 
  -8 12 
  -8 17 
  -7 -7 
  -7 -1 
  -7 0 
  -7 9 
  -6 -20 
  -6 -19 
  -6 -10 
  -6 -8 
  -6 11 
  -5 -14 
  -5 -8 
  -5 4 
  -4 -17 
  -4 -1 
  -4 7 
  -4 8 
  -4 11 
  -4 15 
  -3 -5 
  -3 -4 
  -3 8 
  -2 -16 
  -2 7 
  -1 -23 
  -1 -22 
  -1 -20 
  -1 -16 
  -1 -9 
  -1 14 
  0 -23 
  0 -19 
  0 -14 
  0 -4 
  0 1 
  0 8 
  0 11 
  0 13 
  0 17 
  1 -21 
  1 -20 
  1 -18 
  1 -13 
  1 -11 
  1 -10 
  1 -3 
  2 -13 
  2 -2 
  2 0 
  2 3 
  2 6 
  2 7 
  2 18 
  2 19 
  3 -20 
  3 -11 
  3 -9 
  3 0 
  3 5 
  3 13 
  4 -23 
  4 -22 
  4 -14 
  4 -13 
  4 -5 
  4 -2 
  4 5 
  4 8 
  4 17 
  4 18 
  5 -22 
  5 -11 
  5 -9 
  5 6 
  5 15 
  5 19 
  6 -22 
  6 -21 
  6 -10 
  6 -7 
  6 -5 
  6 3 
  6 14 
  7 -22 
  7 -18 
  7 -15 
  7 -9 
  7 -6 
  7 -2 
  8 -13 
  8 1 
  8 8 
  8 9 
  9 -18 
  9 -13 
  9 -12 
  9 -2 
  9 3 
  9 9 
  9 16 
  10 -16 
  10 0 
  10 3 
  10 10 
  10 17 
  11 -18 
  11 -2 
  11 2 
  11 3 
  12 -19 
  12 -18 
  12 -6 
  13 -12 
  13 5 
  14 1 
  14 3 
  14 6 
  15 -15 
  15 -12 
  15 -8 
  15 -5 
  15 1 
  15 3 
  15 7 
  15 8 
  15 9 
  16 -10 
  16 9 
  17 -6 
  17 -2 
  17 2 
  17 5 
  17 6 
  18 -5 
  19 -4 
  -17 -5 
  -17 -3 
  -17 3 
  -16 -8 
  -16 5 
  -15 -3 
  -13 -15 
  -13 -8 
  -13 1 
  -13 5 
  -13 12 
  -12 -8 
  -12 -4 
  -12 -1 
  -12 5 
  -12 6 
  -12 8 
  -11 -11 
  -11 -5 
  -11 0 
  -11 2 
  -11 4 
  -11 7 
  -10 -9 
  -10 -8 
  -10 -7 
  -10 -3 
  -9 0 
  -9 1 
  -9 10 
  -9 14 
  -9 15 
  -9 16 
  -8 -13 
  -8 -12 
  -8 7 
  -7 -20 
  -7 -16 
  -7 -11 
  -7 1 
  -7 15 
  -7 16 
  -6 -21 
  -6 2 
  -6 5 
  -6 6 
  -6 16 
  -5 -22 
  -5 -21 
  -5 -16 
  -5 -2 
  -5 0 
  -5 13 
  -4 -23 
  -4 -21 
  -4 -20 
  -4 -19 
  -4 -13 
  -4 -8 
  -4 -7 
  -4 -6 
  -4 -4 
  -4 -2 
  -4 4 
  -3 -23 
  -3 -19 
  -3 -17 
  -3 -15 
  -3 -10 
  -3 -6 
  -3 6 
  -3 11 
  -2 -15 
  -2 -14 
  -2 -9 
  -2 4 
  -2 8 
  -2 11 
  -2 19 
  -1 -14 
  -1 -2 
  -1 4 
  -1 15 
  0 -8 
  0 6 
  0 7 
  1 -17 
  1 -12 
  1 -5 
  1 2 
  1 13 
  2 -23 
  2 -15 
  2 -3 
  2 2 
  2 8 
  2 17 
  3 -14 
  3 -2 
  3 -1 
  3 1 
  3 7 
  3 16 
  4 -17 
  4 -1 
  4 3 
  4 4 
  5 12 
  6 -20 
  6 -14 
  6 -4 
  6 4 
  7 -11 
  7 -8 
  7 -3 
  7 2 
  7 3 
  7 15 
  8 -22 
  8 -12 
  8 -7 
  8 3 
  8 4 
  8 7 
  8 11 
  8 16 
  9 -15 
  9 -7 
  9 -1 
  9 0 
  9 7 
  10 -15 
  10 -13 
  10 -2 
  10 2 
  10 6 
  10 8 
  11 -13 
  11 -10 
  11 -7 
  11 10 
  12 -9 
  12 1 
  12 4 
  12 5 
  12 7 
  13 -16 
  13 -11 
  13 -7 
  14 -3 
  14 -1 
  14 4 
  14 8 
  15 -13 
  15 2 
  15 6 
  16 -5 
  16 0 
  16 1 
  18 -3 
  19 0 ;
AreaPerTest 2.3427000048e+10;
DefectRecordSpec 13 DEFECTID XREL YREL XINDEX YINDEX XSIZE YSIZE DEFECTAREA DSIZE CLASSNUMBER TEST IMAGECOUNT IMAGELIST ;
DefectList
 1 818.800 3276.200 6 -23 4.000 1.400 5.000000 192.000 0 1 0 0
 2 699.800 4057.200 1 -23 4.000 2.700 10.000000 244.000 0 1 0 0
 3 2069.199 1132.200 -1 -23 4.000 1.400 5.000000 200.000 0 1 0 0
 4 363.200 2079.199 -1 -23 4.000 1.400 5.000000 225.000 0 1 0 0
 5 2260.400 1338.200 -2 -23 4.000 1.400 5.000000 163.000 0 1 0 0
 6 774.600 1733.200 -3 -23 4.000 1.400 5.000000 204.000 0 1 0 0
 7 1326.800 1737.200 -4 -23 4.000 1.400 5.000000 235.000 0 1 0 0
 8 4710.800 2679.800 -4 -22 4.000 1.400 5.000000 205.000 0 1 0 0
 9 322.400 327.800 -2 -22 4.000 1.400 5.000000 209.000 0 1 0 0
 10 249.000 1148.800 0 -22 4.000 2.700 10.000000 206.000 0 1 0 0
 11 2336.600 682.800 2 -22 4.000 2.700 10.000000 186.000 0 1 0 0
 12 463.400 2525.800 3 -22 8.000 2.700 21.000000 245.000 0 1 0 0
 13 4299.000 1341.800 5 -22 4.000 1.400 5.000000 180.000 0 1 0 0
 14 513.000 3516.400 5 -21 4.000 1.400 5.000000 176.000 0 1 0 0
 15 965.400 3513.400 3 -21 4.000 2.700 10.000000 218.000 0 1 0 0
 16 4426.600 3457.400 2 -21 4.000 1.400 5.000000 180.000 0 1 0 0
 17 913.600 3476.400 2 -21 4.000 2.700 10.000000 174.000 0 1 0 0
 18 937.800 3462.400 1 -21 4.000 1.400 5.000000 189.000 0 1 0 0
 19 454.400 894.400 -2 -21 4.000 1.400 5.000000 204.000 0 1 0 0
 20 4419.600 3428.400 -3 -21 4.000 1.400 5.000000 188.000 0 1 0 0
 21 1038.800 3445.400 -4 -21 4.000 2.700 10.000000 211.000 0 1 0 0
 22 1036.000 3386.400 -5 -21 4.000 1.400 5.000000 188.000 0 1 0 0
 23 335.200 3602.400 -6 -21 4.000 1.400 5.000000 218.000 0 1 0 0
 25 2705.600 3144.000 -8 -20 4.000 1.400 5.000000 153.000 0 1 0 0
 26 4452.600 3538.000 -8 -20 4.000 1.400 5.000000 179.000 0 1 0 0
 27 345.400 1841.000 -2 -20 4.000 2.700 10.000000 223.000 0 1 0 0
 28 3529.800 732.000 1 -20 4.000 1.400 5.000000 199.000 0 1 0 0
 29 3890.400 1243.000 3 -20 4.000 1.400 5.000000 208.000 0 1 0 0
 30 4792.800 2387.000 6 -20 4.000 1.400 5.000000 181.000 0 1 0 0
 31 2969.400 574.000 8 -20 4.000 1.400 5.000000 214.000 0 1 0 0
 32 676.800 3603.600 11 -19 4.000 1.400 5.000000 260.000 0 1 0 0
 33 981.200 3528.600 9 -19 4.000 1.400 5.000000 166.000 0 1 0 0
 34 3192.400 3096.600 8 -19 4.000 1.400 5.000000 154.000 0 1 0 0
 35 481.400 829.600 8 -19 4.000 1.400 5.000000 147.000 0 1 0 0
 36 412.600 3218.600 7 -19 4.000 1.400 5.000000 239.000 0 1 0 0
 37 423.800 559.600 6 -19 8.000 1.400 10.000000 187.000 0 1 0 0
 39 954.200 3409.600 4 -19 8.000 2.700 21.000000 172.000 0 1 0 0
 40 721.600 1078.600 2 -19 4.000 1.400 5.000000 168.000 0 1 0 0
 41 958.400 3521.600 -2 -19 4.000 2.700 10.000000 171.000 0 1 0 0
 42 426.400 3161.600 -2 -19 4.000 1.400 5.000000 190.000 0 1 0 0
 43 4450.600 3420.600 -3 -19 4.000 1.400 5.000000 204.000 0 1 0 0
 44 1030.598 3463.600 -3 -19 4.000 1.400 5.000000 176.000 0 1 0 0
 45 1022.600 3580.600 -3 -19 4.000 2.700 10.000000 160.000 0 1 0 0
 46 810.000 3675.600 -5 -19 4.000 1.400 5.000000 184.000 0 1 0 0
 47 373.200 2588.600 -6 -19 4.000 2.700 10.000000 219.000 0 1 0 0
 48 4458.400 3339.600 -7 -19 4.000 1.400 5.000000 194.000 0 1 0 0
 49 918.400 952.600 -7 -19 4.000 1.400 5.000000 191.000 0 1 0 0
 50 351.000 2636.200 -10 -18 4.000 1.400 5.000000 230.000 0 1 0 0
 51 230.000 2218.200 5 -18 4.000 1.400 5.000000 206.000 0 1 0 0
 52 923.000 3394.200 10 -18 4.000 1.400 5.000000 188.000 0 1 0 0
 54 2007.800 1197.800 11 -17 4.000 1.400 5.000000 160.000 0 1 0 0
 55 4454.200 3418.800 9 -17 4.000 2.700 10.000000 201.000 0 1 0 0
 56 4409.800 3537.800 1 -17 4.000 1.400 5.000000 169.000 0 1 0 0
 57 1724.200 3899.800 -1 -17 28.000 13.600 130.000000 762.000 0 1 0 0
 58 1326.200 331.800 -1 -17 4.000 2.700 10.000000 207.000 0 1 0 0
 59 2228.800 1762.800 -4 -17 4.000 2.700 10.000000 186.000 0 1 0 0
 60 1321.800 331.800 -9 -17 4.000 1.400 5.000000 199.000 0 1 0 0
 61 566.800 3600.800 -9 -17 4.000 1.400 5.000000 215.000 0 1 0 0
 62 335.400 2067.800 -12 -17 4.000 1.400 5.000000 240.000 0 1 0 0
 63 4454.400 3539.400 -12 -16 4.000 1.400 5.000000 188.000 0 1 0 0
 64 974.800 3481.400 -9 -16 4.000 1.400 5.000000 180.000 0 1 0 0
 65 1014.600 3528.400 -8 -16 4.000 1.400 5.000000 194.000 0 1 0 0
 66 252.000 4003.000 15 -15 4.000 1.400 5.000000 231.000 0 1 0 0
 68 3513.400 499.000 3 -15 4.000 1.400 5.000000 114.000 0 1 0 0
 69 3382.000 997.000 0 -15 8.000 4.100 27.000000 316.000 0 1 0 0
 70 409.600 2270.000 -8 -15 4.000 1.400 5.000000 201.000 0 1 0 0
 72 659.800 1322.000 -14 -15 4.000 1.400 5.000000 96.000 0 1 0 0
 73 1017.800 3507.600 -4 -14 4.000 1.400 5.000000 176.000 0 1 0 0
 74 964.600 3454.600 7 -14 4.000 1.400 5.000000 159.000 0 1 0 0
 75 1229.000 2221.600 10 -14 8.000 4.100 27.000000 190.000 0 1 0 0
 76 1295.400 3372.200 13 -13 4.000 1.400 5.000000 163.000 0 1 0 0
 77 586.000 1591.200 10 -13 4.000 2.700 10.000000 209.000 0 1 0 0
 78 4407.200 3376.200 9 -13 4.000 1.400 5.000000 183.000 0 1 0 0
 79 1602.800 1734.200 -9 -13 4.000 1.400 5.000000 184.000 0 1 0 0
 80 1207.000 568.200 -10 -13 8.000 2.700 16.000000 163.000 0 1 0 0
 82 1000.000 3034.200 -15 -13 12.000 4.100 37.000000 392.000 0 1 0 0
 83 391.000 3405.400 15 -11 4.000 1.400 5.000000 201.000 0 1 0 0
 85 1947.800 3090.400 -14 -11 4.000 1.400 5.000000 186.000 0 1 0 0
 86 584.200 1175.000 4 -10 8.000 1.400 10.000000 225.000 0 1 0 0
 87 4529.800 321.000 6 -10 4.000 4.100 16.000000 225.000 0 1 0 0
 88 1024.200 3485.000 14 -10 4.000 1.400 5.000000 163.000 0 1 0 0
 89 4441.000 3338.000 15 -10 4.000 1.400 5.000000 189.000 0 1 0 0
 90 259.399 3336.600 18 -9 8.000 4.100 21.000000 260.000 0 1 0 0
 91 1008.600 3522.600 17 -9 4.000 1.400 5.000000 226.000 0 1 0 0
 92 824.600 2179.600 12 -9 8.000 1.400 10.000000 146.000 0 1 0 0
 93 1322.600 3887.600 7 -9 8.000 4.100 32.000000 312.000 0 1 0 0
 94 910.600 1080.600 -13 -9 4.000 1.400 5.000000 186.000 0 1 0 0
 96 4415.000 3331.200 15 -8 4.000 1.400 5.000000 155.000 0 1 0 0
 97 3287.800 643.200 16 -8 4.000 1.400 5.000000 162.000 0 1 0 0
 98 500.800 1422.800 -9 -7 4.000 2.700 10.000000 233.000 0 1 0 0
 99 2022.400 3564.400 -17 -6 4.000 1.400 5.000000 132.000 0 1 0 0
 100 4451.200 3399.400 -16 -6 4.000 2.700 10.000000 203.000 0 1 0 0
 101 3048.800 641.400 -14 -6 4.000 1.400 5.000000 180.000 0 1 0 0
 102 4047.400 2683.400 8 -6 4.000 1.400 5.000000 101.000 0 1 0 0
 103 2242.400 699.000 18 -5 4.000 2.700 10.000000 247.000 0 1 0 0
 104 1298.400 332.000 18 -5 4.000 1.400 5.000000 181.000 0 1 0 0
 105 523.400 3603.000 18 -5 4.000 1.400 5.000000 193.000 0 1 0 0
 106 528.200 1833.000 9 -5 4.000 1.400 5.000000 170.000 0 1 0 0
 107 530.000 2293.000 0 -5 4.000 2.700 10.000000 139.000 0 1 0 0
 108 1140.600 3798.000 -13 -5 4.000 1.400 5.000000 226.000 0 1 0 0
 109 4462.000 3406.600 -15 -4 4.000 1.400 5.000000 186.000 0 1 0 0
 110 200.800 3090.600 -14 -4 4.000 1.400 5.000000 162.000 0 1 0 0
 111 2605.600 3128.600 -13 -4 4.000 1.400 5.000000 171.000 0 1 0 0
 113 3325.400 3646.600 -12 -4 4.000 1.400 5.000000 216.000 0 1 0 0
 119 4678.600 1936.600 2 -4 4.000 1.400 5.000000 196.000 0 1 0 0
 124 2247.800 1550.200 16 -3 8.000 2.700 16.000000 233.000 0 1 0 0
 125 490.600 1435.200 12 -3 4.000 1.400 5.000000 213.000 0 1 0 0
 126 2819.800 4030.200 11 -3 4.000 1.400 5.000000 230.000 0 1 0 0
 127 307.800 840.200 -9 -3 4.000 2.700 10.000000 184.000 0 1 0 0
 129 2835.200 3036.200 -16 -3 4.000 1.400 5.000000 189.000 0 1 0 0
 130 2832.600 620.200 -18 -3 4.000 1.400 5.000000 162.000 0 1 0 0
 131 227.000 2105.800 -15 -2 4.000 1.400 5.000000 216.000 0 1 0 0
 132 4499.000 2372.800 -15 -2 4.000 1.400 5.000000 200.000 0 1 0 0
 133 4891.800 1319.800 1 -2 12.000 4.100 32.000000 301.000 0 1 0 0
 134 4300.800 346.800 11 -2 4.000 1.400 5.000000 119.000 0 1 0 0
 135 1789.400 3089.800 13 -2 4.000 1.400 5.000000 150.000 0 1 0 0
 136 2079.400 1198.800 13 -2 4.000 1.400 5.000000 140.000 0 1 0 0
 137 303.600 1641.800 17 -2 4.000 1.400 5.000000 186.000 0 1 0 0
 138 3317.200 1091.800 19 -2 4.000 1.400 5.000000 132.000 0 1 0 0
 140 945.800 3536.400 16 -1 4.000 1.400 5.000000 148.000 0 1 0 0
 146 2873.200 3550.400 -6 -1 8.000 2.700 21.000000 112.000 0 1 0 0
 147 598.000 1226.400 -10 -1 4.000 1.400 5.000000 182.000 0 1 0 0
 148 4423.600 3353.400 -18 -1 4.000 1.400 5.000000 215.000 0 1 0 0
 149 588.200 1636.000 9 0 4.000 1.400 5.000000 182.000 0 1 0 0
 150 4464.800 3346.000 16 0 4.000 2.700 10.000000 171.000 0 1 0 0
 151 4461.000 3363.600 15 1 4.000 2.700 10.000000 176.000 0 1 0 0
 152 2682.000 920.600 15 1 4.000 1.400 5.000000 148.000 0 1 0 0
 153 527.000 1859.600 15 1 4.000 1.400 5.000000 182.000 0 1 0 0
 154 4234.400 346.600 13 1 4.000 1.400 5.000000 163.000 0 1 0 0
 155 4178.000 344.600 5 1 4.000 1.400 5.000000 166.000 0 1 0 0
 156 933.800 3469.600 -14 1 4.000 1.400 5.000000 170.000 0 1 0 0
 157 473.000 2786.600 -15 1 4.000 1.400 5.000000 199.000 0 1 0 0
 158 3734.400 561.600 -17 1 4.000 1.400 5.000000 178.000 0 1 0 0
 159 586.400 1693.200 -7 2 4.000 1.400 5.000000 172.000 0 1 0 0
 160 1237.200 2254.200 -1 2 8.000 2.700 16.000000 183.000 0 1 0 0
 161 4607.400 322.200 8 2 4.000 2.700 10.000000 133.000 0 1 0 0
 162 419.000 1063.200 15 2 4.000 2.700 10.000000 229.000 0 1 0 0
 163 4581.800 1723.200 16 2 4.000 1.400 5.000000 245.000 0 1 0 0
 164 983.600 3401.800 17 3 8.000 1.400 10.000000 211.000 0 1 0 0
 165 1217.800 3045.800 16 3 4.000 2.700 10.000000 202.000 0 1 0 0
 166 2264.000 1278.800 15 3 4.000 2.700 10.000000 204.000 0 1 0 0
 170 1244.000 1982.800 0 3 4.000 2.700 10.000000 188.000 0 1 0 0
 176 4791.800 2370.800 -9 3 4.000 1.400 5.000000 158.000 0 1 0 0
 177 2202.000 1118.800 -10 3 4.000 1.400 5.000000 180.000 0 1 0 0
 178 371.800 2009.800 -14 3 4.000 2.700 10.000000 214.000 0 1 0 0
 179 2257.000 1123.800 -15 3 4.000 1.400 5.000000 192.000 0 1 0 0
 180 2071.400 1108.800 -17 3 8.000 2.700 21.000000 251.000 0 1 0 0
 181 570.800 3659.400 -14 4 4.000 1.400 5.000000 195.000 0 1 0 0
 182 966.800 3484.400 -14 4 4.000 1.400 5.000000 172.000 0 1 0 0
 183 939.600 3394.400 -13 4 4.000 2.700 10.000000 225.000 0 1 0 0
 184 4331.800 344.400 11 4 4.000 1.400 5.000000 170.000 0 1 0 0
 185 1948.600 2504.000 12 5 4.000 1.400 5.000000 116.000 0 1 0 0
 186 2139.000 1412.000 10 5 4.000 1.400 5.000000 180.000 0 1 0 0
 187 1659.800 1444.000 -4 5 4.000 1.400 5.000000 162.000 0 1 0 0
 188 4429.800 3332.000 -14 5 4.000 2.700 10.000000 182.000 0 1 0 0
 189 2633.000 3127.000 -15 5 4.000 1.400 5.000000 179.000 0 1 0 0
 190 4558.200 2746.000 -16 5 4.000 1.400 5.000000 217.000 0 1 0 0
 191 2759.200 817.000 -16 5 4.000 1.400 5.000000 191.000 0 1 0 0
 192 1005.200 3529.600 -16 6 4.000 1.400 5.000000 250.000 0 1 0 0
 193 4401.200 3534.600 -16 6 4.000 1.400 5.000000 217.000 0 1 0 0
 194 193.800 3609.600 -14 6 4.000 1.400 5.000000 177.000 0 1 0 0
 195 1029.800 3463.600 -14 6 4.000 1.400 5.000000 169.000 0 1 0 0
 196 774.600 925.600 -13 6 4.000 1.400 5.000000 224.000 0 1 0 0
 197 433.400 3388.600 -12 6 4.000 1.400 5.000000 207.000 0 1 0 0
 198 590.000 3660.600 -5 6 4.000 1.400 5.000000 191.000 0 1 0 0
 199 957.800 3515.600 -4 6 4.000 2.700 10.000000 181.000 0 1 0 0
 203 962.800 3432.200 16 7 4.000 1.400 5.000000 217.000 0 1 0 0
 204 951.400 3536.200 8 7 4.000 1.400 5.000000 175.000 0 1 0 0
 205 581.000 1554.200 5 7 4.000 1.400 5.000000 226.000 0 1 0 0
 206 3557.800 596.200 1 7 8.000 4.100 21.000000 213.000 0 1 0 0
 207 4336.800 345.200 -4 7 4.000 1.400 5.000000 190.000 0 1 0 0
 208 4369.000 345.200 -5 7 4.000 1.400 5.000000 171.000 0 1 0 0
 209 712.600 1716.200 -13 7 8.000 2.700 16.000000 224.000 0 1 0 0
 210 4068.800 3544.200 -14 7 4.000 1.400 5.000000 152.000 0 1 0 0
 211 2560.200 326.200 -16 7 4.000 2.700 10.000000 201.000 0 1 0 0
 212 2393.000 732.800 -15 8 4.000 2.700 10.000000 202.000 0 1 0 0
 213 1666.800 1197.800 -4 8 8.000 1.400 10.000000 178.000 0 1 0 0
 214 1450.200 2386.800 4 8 4.000 1.400 5.000000 194.000 0 1 0 0
 215 526.400 1835.800 8 8 4.000 1.400 5.000000 180.000 0 1 0 0
 216 2331.800 460.400 16 9 4.000 1.400 5.000000 220.000 0 1 0 0
 217 909.800 3471.400 11 9 4.000 1.400 5.000000 158.000 0 1 0 0
 218 576.400 887.400 8 9 4.000 1.400 5.000000 221.000 0 1 0 0
 220 1535.200 3464.400 -6 9 4.000 1.400 5.000000 173.000 0 1 0 0
 221 357.200 755.400 -6 9 4.000 1.400 5.000000 198.000 0 1 0 0
 222 2295.200 3087.400 -11 9 4.000 1.400 5.000000 175.000 0 1 0 0
 223 4349.400 1876.400 -12 9 4.000 1.400 5.000000 215.000 0 1 0 0
 224 4428.600 564.400 -13 9 4.000 1.400 5.000000 268.000 0 1 0 0
 225 309.600 3163.400 -13 9 8.000 1.400 10.000000 201.000 0 1 0 0
 226 1026.000 3517.400 -15 9 4.000 2.700 10.000000 253.000 0 1 0 0
 227 1005.000 3411.400 -15 9 8.000 2.700 16.000000 251.000 0 1 0 0
 228 847.000 3288.400 -15 9 4.000 1.400 5.000000 203.000 0 1 0 0
 229 532.800 4020.000 -14 10 4.000 1.400 5.000000 233.000 0 1 0 0
 230 4224.800 1798.000 -14 10 4.000 2.700 10.000000 217.000 0 1 0 0
 231 428.400 3611.000 -12 10 4.000 1.400 5.000000 193.000 0 1 0 0
 232 465.000 560.000 -10 10 8.000 2.700 21.000000 212.000 0 1 0 0
 233 2243.600 1794.000 2 10 4.000 1.400 5.000000 170.000 0 1 0 0
 234 2202.800 1081.000 11 10 4.000 1.400 5.000000 179.000 0 1 0 0
 235 931.600 3469.000 12 10 4.000 1.400 5.000000 154.000 0 1 0 0
 236 3010.000 576.000 15 10 4.000 2.700 10.000000 226.000 0 1 0 0
 237 4143.600 2822.600 12 11 4.000 2.700 10.000000 249.000 0 1 0 0
 238 489.800 1541.600 6 11 4.000 1.400 5.000000 180.000 0 1 0 0
 239 4436.800 3321.600 1 11 4.000 1.400 5.000000 154.000 0 1 0 0
 240 970.200 3522.600 -1 11 4.000 1.400 5.000000 152.000 0 1 0 0
 241 310.400 3163.600 -2 11 4.000 1.400 5.000000 174.000 0 1 0 0
 242 2365.000 655.600 -10 11 8.000 1.400 10.000000 170.000 0 1 0 0
 243 2202.200 546.600 -11 11 4.000 1.400 5.000000 196.000 0 1 0 0
 244 934.200 3367.600 -11 11 4.000 1.400 5.000000 191.000 0 1 0 0
 245 2992.200 696.200 -11 12 4.000 1.400 5.000000 211.000 0 1 0 0
 246 2228.000 1119.200 -10 12 4.000 1.400 5.000000 183.000 0 1 0 0
 247 307.800 3397.200 -9 12 4.000 1.400 5.000000 205.000 0 1 0 0
 248 473.800 3282.200 -9 12 8.000 2.700 16.000000 197.000 0 1 0 0
 249 4408.800 3421.200 -9 12 4.000 1.400 5.000000 158.000 0 1 0 0
 250 4455.800 3326.200 -9 12 4.000 1.400 5.000000 188.000 0 1 0 0
 251 458.600 561.200 -8 12 8.000 2.700 16.000000 214.000 0 1 0 0
 252 423.400 2353.200 -7 12 4.000 2.700 10.000000 208.000 0 1 0 0
 253 637.200 3901.200 -6 12 4.000 1.400 5.000000 195.000 0 1 0 0
 254 1024.000 3374.200 0 12 4.000 2.700 10.000000 192.000 0 1 0 0
 255 342.400 3387.200 3 12 4.000 1.400 5.000000 196.000 0 1 0 0
 256 4131.399 344.200 3 12 4.000 1.400 5.000000 129.000 0 1 0 0
 257 4530.400 2940.200 3 12 4.000 1.400 5.000000 221.000 0 1 0 0
 259 602.000 1737.200 10 12 4.000 1.400 5.000000 205.000 0 1 0 0
 260 1013.800 3508.200 11 12 8.000 1.400 10.000000 173.000 0 1 0 0
 261 407.600 1874.200 12 12 8.000 1.400 10.000000 216.000 0 1 0 0
 262 993.600 1776.200 12 12 4.000 1.400 5.000000 161.000 0 1 0 0
 263 1062.200 1774.200 14 12 4.000 1.400 5.000000 163.000 0 1 0 0
 264 3272.400 629.800 13 13 4.000 2.700 10.000000 190.000 0 1 0 0
 265 406.400 2292.800 8 13 4.000 1.400 5.000000 195.000 0 1 0 0
 266 3837.600 3178.800 7 13 4.000 1.400 5.000000 185.000 0 1 0 0
 268 4302.200 2228.800 4 13 4.000 1.400 5.000000 184.000 0 1 0 0
 269 559.400 2709.800 3 13 8.000 5.400 43.000000 222.000 0 1 0 0
 270 461.400 3162.800 3 13 4.000 1.400 5.000000 181.000 0 1 0 0
 271 2211.800 1793.800 1 13 4.000 2.700 10.000000 175.000 0 1 0 0
 272 847.800 1735.800 1 13 4.000 1.400 5.000000 163.000 0 1 0 0
 273 730.800 2181.800 1 13 4.000 1.400 5.000000 134.000 0 1 0 0
 274 1383.800 2335.800 -4 13 4.000 1.400 5.000000 193.000 0 1 0 0
 275 655.600 1942.800 -8 13 4.000 1.400 5.000000 202.000 0 1 0 0
 276 4154.800 2561.800 -9 13 4.000 1.400 5.000000 182.000 0 1 0 0
 277 490.800 3602.800 -9 13 4.000 2.700 10.000000 237.000 0 1 0 0
 278 350.200 2564.800 -11 13 4.000 2.700 10.000000 243.000 0 1 0 0
 279 2993.400 582.800 -12 13 4.000 1.400 5.000000 204.000 0 1 0 0
 280 450.400 2874.800 -12 13 4.000 1.400 5.000000 235.000 0 1 0 0
 281 372.400 1641.800 -12 13 4.000 1.400 5.000000 231.000 0 1 0 0
 282 373.800 1193.400 -9 14 4.000 1.400 5.000000 238.000 0 1 0 0
 283 907.600 3369.400 -8 14 4.000 2.700 10.000000 177.000 0 1 0 0
 284 2307.600 731.400 -3 14 8.000 2.700 21.000000 207.000 0 1 0 0
 285 452.000 2894.400 0 14 4.000 1.400 5.000000 201.000 0 1 0 0
 286 860.800 1081.400 1 14 4.000 1.400 5.000000 182.000 0 1 0 0
 287 892.400 1081.400 3 14 4.000 1.400 5.000000 202.000 0 1 0 0
 288 1364.400 1735.400 3 14 4.000 1.400 5.000000 229.000 0 1 0 0
 289 800.000 2004.400 5 14 4.000 1.400 5.000000 208.000 0 1 0 0
 290 334.600 3378.400 7 14 4.000 1.400 5.000000 185.000 0 1 0 0
 291 591.600 3611.400 7 14 8.000 1.400 10.000000 219.000 0 1 0 0
 292 653.600 3550.400 7 14 4.000 1.400 5.000000 192.000 0 1 0 0
 293 1617.200 883.400 9 14 4.000 2.700 10.000000 162.000 0 1 0 0
 294 946.000 3501.400 10 14 4.000 1.400 5.000000 205.000 0 1 0 0
 295 351.800 2126.400 11 14 4.000 1.400 5.000000 209.000 0 1 0 0
 296 445.400 2543.400 13 14 8.000 4.100 27.000000 362.000 0 1 0 0
 297 950.400 3433.400 13 14 4.000 1.400 5.000000 192.000 0 1 0 0
 298 4399.600 3533.000 12 15 4.000 1.400 5.000000 219.000 0 1 0 0
 299 3881.600 324.000 12 15 28.000 21.700 314.000000 938.000 0 1 0 0
 300 2674.800 845.000 11 15 4.000 1.400 5.000000 200.000 0 1 0 0
 301 980.200 1738.000 9 15 4.000 1.400 5.000000 192.000 0 1 0 0
 302 459.200 3750.000 9 15 4.000 1.400 5.000000 187.000 0 1 0 0
 303 376.200 1696.000 9 15 4.000 2.700 10.000000 201.000 0 1 0 0
 304 408.600 2477.000 7 15 4.000 2.700 10.000000 278.000 0 1 0 0
 305 1023.200 3462.000 4 15 4.000 1.400 5.000000 174.000 0 1 0 0
 306 968.200 3373.000 4 15 4.000 1.400 5.000000 148.000 0 1 0 0
 307 1349.200 1736.000 -1 15 4.000 1.400 5.000000 183.000 0 1 0 0
 308 488.200 3387.000 -1 15 8.000 2.700 16.000000 227.000 0 1 0 0
 309 472.200 1190.000 -1 15 4.000 1.400 5.000000 192.000 0 1 0 0
 310 545.600 3071.000 -3 15 12.000 2.700 27.000000 310.000 0 1 0 0
 311 2937.800 3220.000 -4 15 4.000 1.400 5.000000 177.000 0 1 0 0
 312 2225.400 3374.000 -7 15 4.000 1.400 5.000000 158.000 0 1 0 0
 313 4437.600 3384.000 -8 15 4.000 1.400 5.000000 166.000 0 1 0 0
 314 2238.600 734.000 -8 15 4.000 1.400 5.000000 165.000 0 1 0 0
 315 945.800 3470.600 -9 16 4.000 2.700 10.000000 231.000 0 1 0 0
 316 937.600 3478.600 -8 16 4.000 1.400 5.000000 232.000 0 1 0 0
 317 4429.600 3431.600 -8 16 4.000 2.700 10.000000 210.000 0 1 0 0
 318 1014.400 3538.600 -7 16 4.000 1.400 5.000000 184.000 0 1 0 0
 319 4360.200 1876.600 -6 16 4.000 1.400 5.000000 188.000 0 1 0 0
 320 691.000 1082.600 -5 16 4.000 1.400 5.000000 167.000 0 1 0 0
 321 4705.000 1748.600 -5 16 8.000 2.700 16.000000 245.000 0 1 0 0
 322 1666.800 759.600 -4 16 4.000 1.400 5.000000 180.000 0 1 0 0
 323 603.400 1081.600 -2 16 4.000 1.400 5.000000 204.000 0 1 0 0
 324 3343.200 603.600 -1 16 4.000 2.700 10.000000 215.000 0 1 0 0
 325 369.600 756.600 2 16 4.000 1.400 5.000000 184.000 0 1 0 0
 326 1937.600 694.600 2 16 4.000 2.700 10.000000 241.000 0 1 0 0
 327 2693.200 909.600 4 16 4.000 1.400 5.000000 176.000 0 1 0 0
 328 941.000 3493.600 5 16 4.000 2.700 10.000000 201.000 0 1 0 0
 329 1598.000 405.600 5 16 4.000 2.700 10.000000 178.000 0 1 0 0
 330 4265.800 904.600 6 16 4.000 1.400 5.000000 201.000 0 1 0 0
 331 720.600 3646.600 7 16 4.000 1.400 5.000000 188.000 0 1 0 0
 332 2329.600 729.600 7 16 4.000 1.400 5.000000 181.000 0 1 0 0
 333 4183.600 2562.600 7 16 4.000 1.400 5.000000 192.000 0 1 0 0
 334 353.400 1059.600 8 16 4.000 1.400 5.000000 226.000 0 1 0 0
 335 436.400 3608.600 8 16 4.000 1.400 5.000000 201.000 0 1 0 0
 337 746.000 1084.600 10 16 4.000 2.700 10.000000 210.000 0 1 0 0
 338 1614.000 881.600 10 16 4.000 1.400 5.000000 158.000 0 1 0 0
 339 2251.600 725.200 7 17 4.000 1.400 5.000000 194.000 0 1 0 0
 340 982.600 3441.200 7 17 4.000 1.400 5.000000 173.000 0 1 0 0
 341 2663.200 816.200 4 17 4.000 1.400 5.000000 180.000 0 1 0 0
 342 2282.200 1081.200 4 17 4.000 2.700 10.000000 191.000 0 1 0 0
 343 1771.200 561.200 4 17 4.000 2.700 10.000000 203.000 0 1 0 0
 344 2282.400 1281.200 3 17 4.000 1.400 5.000000 171.000 0 1 0 0
 345 998.600 3375.200 2 17 4.000 1.400 5.000000 175.000 0 1 0 0
 346 323.600 3766.200 2 17 4.000 2.700 10.000000 183.000 0 1 0 0
 347 409.800 1815.200 1 17 4.000 2.700 10.000000 224.000 0 1 0 0
 348 3244.000 3092.200 0 17 4.000 1.400 5.000000 183.000 0 1 0 0
 349 445.000 3931.200 0 17 4.000 1.400 5.000000 182.000 0 1 0 0
 350 3772.200 1226.200 -1 17 4.000 2.700 10.000000 217.000 0 1 0 0
 351 4425.400 3534.200 -2 17 4.000 2.700 10.000000 163.000 0 1 0 0
 352 1097.400 3623.200 -2 17 4.000 1.400 5.000000 189.000 0 1 0 0
 353 1002.400 3374.200 -2 17 8.000 1.400 10.000000 189.000 0 1 0 0
 354 977.400 3493.200 -2 17 4.000 1.400 5.000000 179.000 0 1 0 0
 355 4762.600 1511.200 -3 17 12.000 4.100 37.000000 470.000 0 1 0 0
 356 1054.600 1774.200 -3 17 4.000 1.400 5.000000 151.000 0 1 0 0
 357 988.600 3396.200 -3 17 4.000 2.700 10.000000 193.000 0 1 0 0
 358 2592.800 520.200 -4 17 4.000 1.400 5.000000 165.000 0 1 0 0
 359 2588.800 733.200 -4 17 4.000 1.400 5.000000 171.000 0 1 0 0
 360 454.800 2045.200 -4 17 4.000 1.400 5.000000 238.000 0 1 0 0
 361 597.000 3796.200 -5 17 4.000 1.400 5.000000 174.000 0 1 0 0
 362 2753.200 755.200 -6 17 4.000 1.400 5.000000 176.000 0 1 0 0
 363 2247.200 1794.200 -6 17 4.000 1.400 5.000000 167.000 0 1 0 0
 364 2193.200 470.200 -6 17 4.000 1.400 5.000000 164.000 0 1 0 0
 365 4715.600 3312.200 -8 17 4.000 1.400 5.000000 220.000 0 1 0 0
 366 3064.600 3508.200 -8 17 4.000 1.400 5.000000 222.000 0 1 0 0
 367 256.600 3610.200 -8 17 4.000 1.400 5.000000 214.000 0 1 0 0
 368 300.200 1949.800 -6 18 4.000 2.700 10.000000 226.000 0 1 0 0
 369 2015.200 1249.800 -6 18 8.000 1.400 10.000000 176.000 0 1 0 0
 370 4431.000 3563.800 -5 18 4.000 1.400 5.000000 176.000 0 1 0 0
 371 1406.800 1742.800 -4 18 8.000 1.400 10.000000 185.000 0 1 0 0
 372 1818.800 494.800 -4 18 4.000 1.400 5.000000 167.000 0 1 0 0
 373 4287.800 2242.800 -4 18 4.000 2.700 10.000000 191.000 0 1 0 0
 374 1378.600 336.800 -3 18 4.000 2.700 10.000000 182.000 0 1 0 0
 375 2955.400 3037.800 -2 18 4.000 1.400 5.000000 195.000 0 1 0 0
 376 4441.400 3436.800 -2 18 8.000 2.700 21.000000 250.000 0 1 0 0
 377 2236.200 1119.800 -1 18 8.000 2.700 21.000000 201.000 0 1 0 0
 378 225.800 1685.800 1 18 8.000 4.100 21.000000 292.000 0 1 0 0
 379 2332.800 723.800 1 18 4.000 1.400 5.000000 163.000 0 1 0 0
 380 2652.800 753.800 1 18 4.000 2.700 10.000000 183.000 0 1 0 0
 381 224.600 2192.800 2 18 8.000 2.700 21.000000 217.000 0 1 0 0
 382 1349.600 3093.800 2 18 4.000 2.700 10.000000 187.000 0 1 0 0
 383 2836.600 386.800 2 18 4.000 1.400 5.000000 194.000 0 1 0 0
 384 2360.200 1136.800 4 18 4.000 1.400 5.000000 188.000 0 1 0 0
 385 3557.200 3097.800 4 18 4.000 1.400 5.000000 162.000 0 1 0 0
 386 2229.000 3041.800 5 18 4.000 2.700 10.000000 200.000 0 1 0 0
 387 2239.000 1743.800 5 18 4.000 2.700 10.000000 185.000 0 1 0 0
 388 1940.800 724.800 6 18 4.000 2.700 10.000000 198.000 0 1 0 0
 389 718.400 4058.800 8 18 4.000 1.400 5.000000 211.000 0 1 0 0
 390 4236.400 757.800 8 18 4.000 2.700 10.000000 244.000 0 1 0 0
 391 4413.800 3482.400 6 19 4.000 1.400 5.000000 200.000 0 1 0 0
 392 567.800 3765.400 6 19 8.000 2.700 16.000000 251.000 0 1 0 0
 393 1204.000 1755.400 5 19 4.000 1.400 5.000000 210.000 0 1 0 0
 394 919.400 623.400 3 19 4.000 1.400 5.000000 159.000 0 1 0 0
 395 423.600 2154.400 2 19 4.000 1.400 5.000000 228.000 0 1 0 0
 396 477.800 3841.400 1 19 4.000 1.400 5.000000 220.000 0 1 0 0
 397 447.000 4005.400 0 19 4.000 1.400 5.000000 198.000 0 1 0 0
 398 424.200 2913.400 -1 19 4.000 1.400 5.000000 214.000 0 1 0 0
 399 449.400 2710.400 -2 19 4.000 1.400 5.000000 209.000 0 1 0 0
 400 194.600 3485.400 -3 19 4.000 1.400 5.000000 192.000 0 1 0 0;
SummarySpec 5
  TESTNO    NDEFECT    DEFDENSITY    NDIE    NDEFDIE  ;
SummaryList 
  1    360    1.5366884470e+00    1283    275  ;
EndOfFile;
