FileVersion 1 2;
FileTimestamp 07-09-19 14:23:14;
InspectionStationID "NONE" "AIT" "ILS201";
SampleType WAFER;
ResultTimestamp 06-27-19 17:33:18;
LotID "195J64";
SampleSize 1 200;
DeviceID "MA65";
SetupID "MA65" 08-01-18 05:25:59;
StepID "M4CCVD";
SampleOrientationMarkType NOTCH;
OrientationMarkLocation DOWN;
DiePitch 5.0442450000e+03 4.2534670000e+03;
DieOrigin 0.0000000000e+00 0.0000000000e+00;
WaferID "@13";
Slot 13;
SampleCenterLocation 5.2280000000e+03 -6.0230000000e+03;
ClassLookup 74
  0 "Uncategorized"
  1 "Small PT"
  2 "Medium PT"
  3 "Large PT"
  4 "Polymer"
  5 "Flake PT"
  6 "Scratch"
  9 "Other Defect"
  10 "Other Residue"
  11 "Wet Residue"
  13 "W Residue"
  14 "PR Residue"
  15 "Liquid Mark"
  16 "Thread Defect"
  20 "Pits"
  22 "Pattern Deformed"
  23 "Defocus"
  24 "PR BUBBLE"
  25 "Crown Defect"
  27 "Bead Defect"
  30 "CMP Scratch"
  31 "Minor CMP Scratch"
  35 "Rip Out"
  40 "Protrusion"
  42 "Top Blocked"
  43 "Bottom Blocked"
  44 "Line broken"
  45 "Metal Corrosion"
  46 "Galvanic Corrosion"
  51 "PR Popping"
  52 "Salicide Bad"
  53 "STI Dimple"
  59 "W Void"
  60 "AA Dep PT"
  61 "GC Dep PT"
  62 "CVD Dep PT"
  63 "Metal Dep PT"
  73 "Cone Defect"
  74 "Metal Depression"
  77 "Underlayer"
  78 "NUISANCE/FALSE"
  79 "Metal Grain"
  80 "Don't Care/Minor"
  95 "Missing AI"
  99 "test2"
  100 "Cluster"
  101 "CU CMP Scratch"
  102 "CU Void"
  103 "2_PO Missing"
  104 "CU Pattern Open"
  105 "CU Remain"
  106 "Circle CU Remain"
  107 "CU CVD PT"
  108 "CU Eclips"
  109 "CU CMP Residue"
  110 "Minor CU CMP Scratch"
  111 "CMP PT"
  112 "CU SEAM PT"
  113 "CU Ox"
  114 "CU Pattern Open(Minor)"
  116 "1_PO Missing"
  117 "PAD Abnormality"
  150 "Guard Ring Circle Defect"
  151 "EBR Circle Defect"
  152 "PAD Hillock"
  153 "PAD Residue"
  154 "PAD Hole"
  155 "Color PR Residue"
  201 "Bin 1"
  202 "Bin 2"
  203 "Bin 3"
  204 "Bin 4"
  205 "Bin 5"
  206 "Bin 6"  ;
OrientationInstructions "";
InspectionTest 1;
SampleTestPlan 1283
  -18 -2 
  -17 -9 
  -17 0 
  -17 4 
  -16 -10 
  -16 0 
  -16 3 
  -15 -6 
  -15 -4 
  -15 -2 
  -14 -11 
  -14 -6 
  -14 1 
  -14 2 
  -13 -12 
  -13 7 
  -12 -12 
  -12 -11 
  -12 4 
  -12 11 
  -11 -14 
  -11 -1 
  -11 11 
  -10 -11 
  -10 16 
  -9 -18 
  -9 2 
  -9 4 
  -9 11 
  -9 13 
  -8 -21 
  -8 -20 
  -8 -19 
  -8 -18 
  -8 -15 
  -8 -5 
  -8 4 
  -7 -17 
  -7 -9 
  -7 -6 
  -7 3 
  -7 11 
  -7 13 
  -6 -14 
  -6 -6 
  -6 0 
  -6 3 
  -6 12 
  -6 14 
  -6 17 
  -5 -18 
  -5 -9 
  -5 -7 
  -5 -3 
  -5 -1 
  -5 10 
  -5 15 
  -4 -11 
  -4 -5 
  -4 10 
  -3 -12 
  -3 -11 
  -3 -7 
  -2 -20 
  -2 -6 
  -2 -4 
  -2 -1 
  -2 5 
  -2 14 
  -1 -21 
  -1 -13 
  -1 -11 
  -1 3 
  -1 10 
  -1 16 
  0 -21 
  0 -20 
  0 -18 
  0 -11 
  0 -6 
  0 4 
  0 14 
  0 16 
  0 18 
  0 19 
  1 -14 
  1 -6 
  1 -2 
  1 10 
  1 14 
  1 17 
  2 -20 
  2 -18 
  2 -6 
  3 -8 
  3 15 
  3 19 
  4 -19 
  4 -15 
  4 16 
  5 -14 
  5 -13 
  5 -10 
  5 -1 
  5 8 
  6 6 
  7 -17 
  7 -13 
  7 -1 
  7 8 
  7 12 
  8 -21 
  8 -18 
  8 -17 
  8 -10 
  8 10 
  8 13 
  9 -10 
  9 12 
  10 -10 
  10 -4 
  10 -1 
  10 5 
  10 7 
  10 11 
  11 -4 
  11 -1 
  11 0 
  11 4 
  11 13 
  12 -8 
  12 13 
  13 -5 
  13 10 
  14 -17 
  14 -11 
  14 5 
  14 7 
  14 10 
  16 -13 
  17 -8 
  17 0 
  17 7 
  18 -1 
  18 5 
  -17 -2 
  -17 2 
  -16 -2 
  -15 -5 
  -15 2 
  -15 4 
  -14 -14 
  -14 -13 
  -14 -4 
  -14 -2 
  -14 6 
  -14 8 
  -13 -11 
  -13 0 
  -13 6 
  -13 9 
  -12 -18 
  -12 -9 
  -12 3 
  -12 13 
  -11 -19 
  -11 -18 
  -11 -9 
  -11 -4 
  -10 -17 
  -10 -13 
  -10 -12 
  -10 -6 
  -10 -5 
  -10 6 
  -10 7 
  -9 -14 
  -9 -12 
  -9 -9 
  -9 3 
  -9 7 
  -8 -8 
  -8 -1 
  -8 8 
  -7 -22 
  -7 -21 
  -7 -14 
  -7 -10 
  -7 7 
  -6 -12 
  -6 -5 
  -6 7 
  -6 9 
  -6 10 
  -6 15 
  -6 18 
  -5 -19 
  -5 -17 
  -5 -15 
  -5 5 
  -5 6 
  -5 9 
  -5 12 
  -5 17 
  -4 -22 
  -4 -3 
  -4 1 
  -4 12 
  -3 -8 
  -3 0 
  -3 2 
  -3 4 
  -3 13 
  -2 -18 
  -2 16 
  -1 -10 
  -1 -5 
  -1 -4 
  -1 0 
  -1 1 
  -1 18 
  0 -7 
  0 3 
  0 5 
  0 9 
  0 15 
  1 -19 
  1 -9 
  1 -1 
  1 6 
  1 16 
  1 18 
  1 19 
  2 -14 
  2 -12 
  2 -11 
  2 -1 
  2 5 
  2 10 
  3 -23 
  3 -3 
  3 6 
  4 -7 
  4 0 
  4 1 
  4 9 
  4 19 
  5 -21 
  5 -20 
  5 -16 
  5 -15 
  5 -5 
  5 13 
  5 17 
  6 -11 
  6 -2 
  6 19 
  7 -21 
  7 -20 
  7 -14 
  7 -12 
  7 0 
  7 4 
  7 6 
  7 16 
  8 -8 
  8 -5 
  8 -2 
  8 0 
  8 2 
  8 15 
  8 17 
  9 -6 
  9 8 
  9 14 
  10 -19 
  10 -11 
  10 -8 
  10 -7 
  11 -20 
  11 -15 
  11 -12 
  11 -6 
  11 -5 
  11 6 
  11 15 
  11 16 
  12 -10 
  12 -7 
  12 -4 
  12 -1 
  12 10 
  13 -10 
  13 -8 
  13 2 
  13 4 
  13 11 
  14 -10 
  14 -8 
  14 -6 
  14 -5 
  14 -2 
  14 2 
  15 -6 
  15 -1 
  15 11 
  16 -12 
  16 -11 
  16 -9 
  16 3 
  16 4 
  16 6 
  17 3 
  17 8 
  18 1 
  18 2 
  18 3 
  19 -2 
  -17 -4 
  -16 -11 
  -16 -6 
  -16 -5 
  -16 2 
  -16 7 
  -15 -10 
  -15 6 
  -15 8 
  -14 -9 
  -14 -1 
  -14 0 
  -13 -5 
  -13 3 
  -12 -14 
  -12 -3 
  -12 12 
  -11 -15 
  -11 -10 
  -11 -7 
  -11 -3 
  -11 14 
  -10 -18 
  -10 -2 
  -10 -1 
  -10 0 
  -10 8 
  -10 12 
  -9 -17 
  -9 -10 
  -9 8 
  -9 9 
  -8 -17 
  -8 -11 
  -8 -7 
  -8 6 
  -8 10 
  -8 15 
  -7 -19 
  -7 -18 
  -7 -15 
  -7 -12 
  -7 -4 
  -6 -17 
  -6 -9 
  -6 -7 
  -6 -2 
  -6 8 
  -5 -11 
  -5 2 
  -5 11 
  -4 -16 
  -4 -14 
  -4 -10 
  -4 5 
  -4 17 
  -3 -16 
  -3 9 
  -3 10 
  -3 16 
  -3 17 
  -3 19 
  -2 -23 
  -2 -21 
  -2 -11 
  -2 -10 
  -2 13 
  -2 18 
  -1 -18 
  -1 6 
  -1 7 
  0 -22 
  0 -5 
  0 -1 
  0 12 
  1 -4 
  1 9 
  1 15 
  2 -16 
  2 -7 
  2 1 
  2 12 
  2 13 
  3 -21 
  3 -6 
  3 10 
  3 14 
  3 17 
  3 18 
  4 -10 
  4 -8 
  4 -4 
  4 11 
  4 13 
  4 14 
  5 -23 
  5 -8 
  5 -7 
  5 -4 
  5 16 
  5 18 
  6 -18 
  6 -17 
  6 -9 
  6 -3 
  6 7 
  6 13 
  6 15 
  6 16 
  7 -19 
  7 -7 
  7 11 
  7 13 
  7 17 
  7 18 
  8 -20 
  8 -16 
  8 -9 
  8 -1 
  8 5 
  9 -21 
  9 -19 
  9 -11 
  9 -9 
  9 -3 
  9 2 
  10 -18 
  10 -9 
  10 -3 
  10 14 
  11 -14 
  11 -11 
  11 11 
  12 -15 
  12 -14 
  12 8 
  12 9 
  12 14 
  13 -18 
  13 -14 
  13 -6 
  13 -4 
  13 1 
  13 3 
  13 7 
  14 -14 
  14 0 
  14 9 
  14 13 
  15 -3 
  15 -2 
  16 -7 
  16 -6 
  16 10 
  17 -7 
  18 -6 
  -18 -3 
  -17 1 
  -16 6 
  -15 -9 
  -15 3 
  -14 -5 
  -14 3 
  -13 -16 
  -13 -13 
  -13 -9 
  -13 -3 
  -13 4 
  -13 11 
  -12 -17 
  -12 -5 
  -12 7 
  -12 10 
  -11 -13 
  -11 3 
  -11 5 
  -11 6 
  -11 8 
  -10 -16 
  -10 -15 
  -10 4 
  -10 9 
  -10 10 
  -10 15 
  -9 -16 
  -9 -6 
  -8 -9 
  -8 -2 
  -8 16 
  -7 -8 
  -7 -5 
  -7 -2 
  -7 2 
  -7 10 
  -7 17 
  -6 -22 
  -6 -18 
  -6 -16 
  -6 -11 
  -6 -4 
  -5 -5 
  -5 -4 
  -5 14 
  -4 -18 
  -4 -12 
  -4 0 
  -4 2 
  -4 3 
  -4 6 
  -3 -22 
  -3 -2 
  -3 -1 
  -3 1 
  -3 3 
  -3 5 
  -3 14 
  -2 -17 
  -2 -8 
  -2 0 
  -2 6 
  -2 12 
  -2 15 
  -1 -7 
  -1 2 
  -1 5 
  -1 8 
  0 -15 
  0 -12 
  0 -10 
  0 -9 
  0 0 
  0 2 
  0 10 
  1 -16 
  1 -8 
  1 -7 
  2 -19 
  2 -17 
  2 -10 
  2 -4 
  2 4 
  2 9 
  2 11 
  3 -22 
  3 -17 
  3 -16 
  3 -15 
  3 -12 
  3 -10 
  3 -4 
  3 2 
  3 4 
  3 8 
  4 -20 
  4 -16 
  4 2 
  4 6 
  4 10 
  5 -19 
  5 -18 
  5 -17 
  5 -2 
  5 4 
  5 7 
  5 11 
  6 -16 
  6 -15 
  6 -13 
  6 -12 
  6 2 
  6 5 
  6 10 
  7 -5 
  7 -4 
  7 1 
  7 9 
  7 10 
  7 14 
  8 -14 
  8 -6 
  8 -3 
  8 12 
  9 -14 
  9 13 
  9 17 
  10 -12 
  10 4 
  10 9 
  10 16 
  11 -9 
  11 5 
  11 7 
  11 9 
  11 12 
  12 -3 
  12 2 
  13 -17 
  13 -1 
  13 0 
  13 6 
  13 8 
  14 -15 
  14 -13 
  14 -12 
  14 -4 
  15 -7 
  16 -14 
  16 -8 
  16 7 
  17 -11 
  17 -9 
  17 -3 
  17 -1 
  17 4 
  18 -8 
  18 0 
  19 -3 
  19 -1 
  -17 -8 
  -17 -1 
  -15 -13 
  -15 -12 
  -15 -11 
  -15 -8 
  -15 -1 
  -15 0 
  -14 -15 
  -14 -10 
  -14 -3 
  -14 11 
  -13 -7 
  -12 -10 
  -12 -7 
  -12 -2 
  -12 2 
  -11 -17 
  -11 -16 
  -11 -2 
  -10 3 
  -10 13 
  -9 -11 
  -9 -8 
  -9 -3 
  -8 -16 
  -8 -4 
  -8 0 
  -8 3 
  -8 9 
  -8 13 
  -7 8 
  -7 14 
  -6 -15 
  -6 -13 
  -6 -1 
  -6 1 
  -6 13 
  -5 -13 
  -5 7 
  -5 8 
  -4 -15 
  -4 9 
  -4 13 
  -4 14 
  -4 18 
  -4 19 
  -3 -14 
  -3 -9 
  -3 12 
  -2 -22 
  -2 -19 
  -2 -12 
  -2 -7 
  -2 -3 
  -2 -2 
  -1 -17 
  -1 -15 
  -1 -8 
  -1 -6 
  -1 -3 
  -1 11 
  -1 12 
  -1 13 
  -1 17 
  -1 19 
  0 -17 
  0 -13 
  0 -3 
  0 -2 
  1 -15 
  1 1 
  1 3 
  1 4 
  1 7 
  2 -22 
  2 -9 
  2 -8 
  2 -5 
  2 14 
  3 -18 
  3 -13 
  3 -7 
  3 9 
  4 -21 
  4 -18 
  4 -12 
  4 -9 
  4 7 
  4 15 
  5 -12 
  5 0 
  5 1 
  5 3 
  5 10 
  6 -23 
  6 -8 
  6 -6 
  6 -1 
  6 8 
  6 9 
  6 11 
  6 12 
  7 -16 
  7 5 
  8 -11 
  8 -4 
  8 6 
  8 14 
  9 -8 
  9 -5 
  9 -4 
  9 1 
  9 5 
  9 6 
  10 -14 
  10 -6 
  10 1 
  10 12 
  11 1 
  11 14 
  12 -16 
  12 -13 
  12 -11 
  12 -2 
  12 0 
  12 3 
  12 6 
  12 11 
  12 12 
  12 15 
  13 -15 
  13 -3 
  13 -2 
  13 12 
  13 13 
  13 14 
  14 -16 
  14 -9 
  14 -7 
  15 -11 
  15 -10 
  15 0 
  16 -4 
  16 -2 
  16 2 
  16 5 
  17 -5 
  18 -7 
  18 -4 
  18 4 
  -18 -4 
  -18 0 
  -17 -7 
  -17 -6 
  -16 -7 
  -15 -7 
  -15 5 
  -15 7 
  -14 -12 
  -14 -8 
  -14 -7 
  -14 7 
  -14 9 
  -13 -14 
  -13 -4 
  -13 -1 
  -13 8 
  -13 10 
  -12 -16 
  -12 0 
  -11 -8 
  -11 12 
  -11 13 
  -11 15 
  -10 1 
  -10 2 
  -10 5 
  -10 14 
  -9 -20 
  -9 -19 
  -9 -13 
  -9 -4 
  -9 -1 
  -9 5 
  -9 6 
  -9 12 
  -8 -14 
  -8 -6 
  -8 1 
  -8 14 
  -7 -13 
  -7 -3 
  -7 4 
  -7 5 
  -7 6 
  -7 12 
  -7 18 
  -6 -3 
  -6 4 
  -5 -23 
  -5 -20 
  -5 -12 
  -5 -10 
  -5 -6 
  -5 1 
  -5 3 
  -5 16 
  -5 18 
  -5 19 
  -4 -9 
  -4 16 
  -3 -21 
  -3 -20 
  -3 -18 
  -3 -13 
  -3 -3 
  -3 7 
  -3 15 
  -3 18 
  -2 -13 
  -2 -5 
  -2 1 
  -2 2 
  -2 3 
  -2 9 
  -2 10 
  -2 17 
  -1 -19 
  -1 -12 
  -1 -1 
  -1 9 
  0 -16 
  1 -23 
  1 -22 
  1 0 
  1 5 
  1 8 
  1 11 
  1 12 
  2 -21 
  2 15 
  2 16 
  3 -19 
  3 -5 
  3 3 
  3 11 
  3 12 
  4 -11 
  4 -6 
  4 -3 
  4 12 
  5 -6 
  5 -3 
  5 2 
  5 5 
  5 9 
  5 14 
  6 -19 
  6 0 
  6 1 
  6 17 
  6 18 
  7 -10 
  7 7 
  8 -19 
  8 -15 
  8 18 
  9 -20 
  9 -17 
  9 -16 
  9 4 
  9 10 
  9 11 
  9 15 
  10 -20 
  10 -17 
  10 -5 
  10 13 
  10 15 
  11 -19 
  11 -17 
  11 -16 
  11 -8 
  11 -3 
  11 8 
  12 -17 
  12 -12 
  12 -5 
  13 -13 
  13 -9 
  13 9 
  14 11 
  14 12 
  15 -14 
  15 -9 
  15 -4 
  15 4 
  15 5 
  15 10 
  16 -3 
  16 -1 
  16 8 
  17 -12 
  17 -10 
  17 -4 
  17 1 
  18 -9 
  18 -2 
  -18 -1 
  -16 -9 
  -16 -4 
  -16 -3 
  -16 -1 
  -16 1 
  -16 4 
  -15 1 
  -15 9 
  -14 4 
  -14 5 
  -14 10 
  -13 -10 
  -13 -6 
  -13 -2 
  -13 2 
  -12 -15 
  -12 -13 
  -12 -6 
  -12 1 
  -12 9 
  -11 -12 
  -11 -6 
  -11 1 
  -11 9 
  -11 10 
  -10 -20 
  -10 -19 
  -10 -14 
  -10 -10 
  -10 -4 
  -10 11 
  -9 -15 
  -9 -7 
  -9 -5 
  -9 -2 
  -8 -10 
  -8 -3 
  -8 2 
  -8 5 
  -8 11 
  -8 12 
  -8 17 
  -7 -7 
  -7 -1 
  -7 0 
  -7 9 
  -6 -20 
  -6 -19 
  -6 -10 
  -6 -8 
  -6 11 
  -5 -14 
  -5 -8 
  -5 4 
  -4 -17 
  -4 -1 
  -4 7 
  -4 8 
  -4 11 
  -4 15 
  -3 -5 
  -3 -4 
  -3 8 
  -2 -16 
  -2 7 
  -1 -23 
  -1 -22 
  -1 -20 
  -1 -16 
  -1 -9 
  -1 14 
  0 -23 
  0 -19 
  0 -14 
  0 -4 
  0 1 
  0 8 
  0 11 
  0 13 
  0 17 
  1 -21 
  1 -20 
  1 -18 
  1 -13 
  1 -11 
  1 -10 
  1 -3 
  2 -13 
  2 -2 
  2 0 
  2 3 
  2 6 
  2 7 
  2 18 
  2 19 
  3 -20 
  3 -11 
  3 -9 
  3 0 
  3 5 
  3 13 
  4 -23 
  4 -22 
  4 -14 
  4 -13 
  4 -5 
  4 -2 
  4 5 
  4 8 
  4 17 
  4 18 
  5 -22 
  5 -11 
  5 -9 
  5 6 
  5 15 
  5 19 
  6 -22 
  6 -21 
  6 -10 
  6 -7 
  6 -5 
  6 3 
  6 14 
  7 -22 
  7 -18 
  7 -15 
  7 -9 
  7 -6 
  7 -2 
  8 -13 
  8 1 
  8 8 
  8 9 
  9 -18 
  9 -13 
  9 -12 
  9 -2 
  9 3 
  9 9 
  9 16 
  10 -16 
  10 0 
  10 3 
  10 10 
  10 17 
  11 -18 
  11 -2 
  11 2 
  11 3 
  12 -19 
  12 -18 
  12 -6 
  13 -12 
  13 5 
  14 1 
  14 3 
  14 6 
  15 -15 
  15 -12 
  15 -8 
  15 -5 
  15 1 
  15 3 
  15 7 
  15 8 
  15 9 
  16 -10 
  16 9 
  17 -6 
  17 -2 
  17 2 
  17 5 
  17 6 
  18 -5 
  19 -4 
  -17 -5 
  -17 -3 
  -17 3 
  -16 -8 
  -16 5 
  -15 -3 
  -13 -15 
  -13 -8 
  -13 1 
  -13 5 
  -13 12 
  -12 -8 
  -12 -4 
  -12 -1 
  -12 5 
  -12 6 
  -12 8 
  -11 -11 
  -11 -5 
  -11 0 
  -11 2 
  -11 4 
  -11 7 
  -10 -9 
  -10 -8 
  -10 -7 
  -10 -3 
  -9 0 
  -9 1 
  -9 10 
  -9 14 
  -9 15 
  -9 16 
  -8 -13 
  -8 -12 
  -8 7 
  -7 -20 
  -7 -16 
  -7 -11 
  -7 1 
  -7 15 
  -7 16 
  -6 -21 
  -6 2 
  -6 5 
  -6 6 
  -6 16 
  -5 -22 
  -5 -21 
  -5 -16 
  -5 -2 
  -5 0 
  -5 13 
  -4 -23 
  -4 -21 
  -4 -20 
  -4 -19 
  -4 -13 
  -4 -8 
  -4 -7 
  -4 -6 
  -4 -4 
  -4 -2 
  -4 4 
  -3 -23 
  -3 -19 
  -3 -17 
  -3 -15 
  -3 -10 
  -3 -6 
  -3 6 
  -3 11 
  -2 -15 
  -2 -14 
  -2 -9 
  -2 4 
  -2 8 
  -2 11 
  -2 19 
  -1 -14 
  -1 -2 
  -1 4 
  -1 15 
  0 -8 
  0 6 
  0 7 
  1 -17 
  1 -12 
  1 -5 
  1 2 
  1 13 
  2 -23 
  2 -15 
  2 -3 
  2 2 
  2 8 
  2 17 
  3 -14 
  3 -2 
  3 -1 
  3 1 
  3 7 
  3 16 
  4 -17 
  4 -1 
  4 3 
  4 4 
  5 12 
  6 -20 
  6 -14 
  6 -4 
  6 4 
  7 -11 
  7 -8 
  7 -3 
  7 2 
  7 3 
  7 15 
  8 -22 
  8 -12 
  8 -7 
  8 3 
  8 4 
  8 7 
  8 11 
  8 16 
  9 -15 
  9 -7 
  9 -1 
  9 0 
  9 7 
  10 -15 
  10 -13 
  10 -2 
  10 2 
  10 6 
  10 8 
  11 -13 
  11 -10 
  11 -7 
  11 10 
  12 -9 
  12 1 
  12 4 
  12 5 
  12 7 
  13 -16 
  13 -11 
  13 -7 
  14 -3 
  14 -1 
  14 4 
  14 8 
  15 -13 
  15 2 
  15 6 
  16 -5 
  16 0 
  16 1 
  18 -3 
  19 0 ;
AreaPerTest 2.3427000048e+10;
DefectRecordSpec 13 DEFECTID XREL YREL XINDEX YINDEX XSIZE YSIZE DEFECTAREA DSIZE CLASSNUMBER TEST IMAGECOUNT IMAGELIST ;
DefectList
 1 445.200 3497.200 -1 -23 4.000 1.400 5.000000 161.000 0 1 0 0
 2 441.400 3717.200 -2 -23 4.000 1.400 5.000000 210.000 0 1 0 0
 3 952.800 3539.200 -4 -23 4.000 1.400 5.000000 202.000 0 1 0 0
 4 190.800 1838.200 -4 -23 4.000 1.400 5.000000 218.000 0 1 0 0
 5 2391.200 3029.800 -6 -22 4.000 1.400 5.000000 220.000 0 1 0 0
 6 693.600 1076.800 -3 -22 4.000 4.100 16.000000 271.000 0 1 0 0
 7 4407.000 3441.800 0 -22 4.000 1.400 5.000000 198.000 0 1 0 0
 8 258.600 2160.800 2 -22 4.000 1.400 5.000000 228.000 0 1 0 0
 9 228.400 290.800 3 -22 4.000 1.400 5.000000 189.000 0 1 0 0
 10 949.800 3464.800 6 -22 4.000 1.400 5.000000 212.000 0 1 0 0
 11 682.200 3052.400 4 -21 4.000 1.400 5.000000 205.000 0 1 0 0
 12 1023.000 3521.400 -5 -21 4.000 2.700 10.000000 222.000 0 1 0 0
 14 4549.200 1815.000 -6 -20 4.000 1.400 5.000000 246.000 0 1 0 0
 15 1609.000 1752.000 0 -20 4.000 1.400 5.000000 169.000 0 1 0 0
 16 3118.000 572.000 5 -20 4.000 2.700 10.000000 190.000 0 1 0 0
 20 1629.200 1360.600 -11 -19 8.000 2.700 21.000000 199.000 0 1 0 0
 21 2935.600 3126.200 -8 -18 4.000 1.400 5.000000 174.000 0 1 0 0
 22 254.400 1659.200 -7 -18 4.000 1.400 5.000000 238.000 0 1 0 0
 23 247.600 2748.200 2 -18 8.000 4.100 32.000000 484.000 0 1 0 0
 24 3047.800 573.200 6 -18 4.000 2.700 10.000000 172.000 0 1 0 0
 25 910.400 3371.200 8 -18 4.000 2.700 10.000000 165.000 0 1 0 0
 26 2844.600 583.800 12 -17 4.000 1.400 5.000000 194.000 0 1 0 0
 27 919.200 3467.800 -1 -17 4.000 2.700 10.000000 202.000 0 1 0 0
 28 4800.200 1508.800 -11 -17 4.000 1.400 5.000000 273.000 0 1 0 0
 29 3613.400 529.800 -12 -17 4.000 2.700 10.000000 287.000 0 1 0 0
 31 700.600 501.400 -13 -16 4.000 1.400 5.000000 130.000 0 1 0 0
 32 4410.800 3362.400 1 -16 4.000 1.400 5.000000 175.000 0 1 0 0
 33 4483.600 1830.000 12 -15 4.000 1.400 5.000000 181.000 0 1 0 0
 34 977.000 3437.000 5 -15 8.000 2.700 16.000000 216.000 0 1 0 0
 36 4587.800 1331.000 -9 -15 4.000 1.400 5.000000 184.000 0 1 0 0
 37 393.000 3601.000 -10 -15 4.000 1.400 5.000000 205.000 0 1 0 0
 38 4822.200 2034.600 4 -14 12.000 5.400 43.000000 424.000 0 1 0 0
 39 2514.000 338.600 5 -14 4.000 1.400 5.000000 194.000 0 1 0 0
 40 4455.400 664.600 8 -14 8.000 4.100 27.000000 337.000 0 1 0 0
 41 2238.400 1548.600 13 -14 4.000 2.700 10.000000 221.000 0 1 0 0
 42 3320.400 3553.200 -12 -13 4.000 1.400 5.000000 140.000 0 1 0 0
 43 1007.000 3504.800 -15 -12 4.000 1.400 5.000000 207.000 0 1 0 0
 44 1510.400 3740.800 -12 -12 4.000 1.400 5.000000 238.000 0 1 0 0
 45 1915.600 867.800 -8 -12 8.000 1.400 10.000000 223.000 0 1 0 0
 46 2736.800 752.800 1 -12 4.000 1.400 5.000000 177.000 0 1 0 0
 47 2088.800 1125.400 16 -11 4.000 1.400 5.000000 207.000 0 1 0 0
 48 2840.000 754.400 15 -11 4.000 1.400 5.000000 185.000 0 1 0 0
 52 514.799 3404.400 1 -11 4.000 1.400 5.000000 229.000 0 1 0 0
 66 2208.800 1787.000 -14 -10 4.000 1.400 5.000000 214.000 0 1 0 0
 67 4472.800 3516.000 -14 -10 4.000 2.700 10.000000 183.000 0 1 0 0
 68 4621.000 811.000 5 -10 8.000 1.400 10.000000 277.000 0 1 0 0
 69 1500.400 3305.000 8 -10 4.000 1.400 5.000000 187.000 0 1 0 0
 70 935.600 3462.000 12 -10 4.000 1.400 5.000000 180.000 0 1 0 0
 71 3065.600 574.000 17 -10 4.000 1.400 5.000000 203.000 0 1 0 0
 72 3067.000 342.600 10 -9 12.000 5.400 48.000000 639.000 0 1 0 0
 73 973.000 3499.600 10 -9 4.000 1.400 5.000000 175.000 0 1 0 0
 74 4117.399 831.600 8 -9 4.000 1.400 5.000000 178.000 0 1 0 0
 76 2921.000 516.200 0 -8 12.000 1.400 16.000000 201.000 0 1 0 0
 77 2957.000 504.200 0 -8 28.000 4.100 75.000000 524.000 0 1 0 0
 78 2993.000 491.200 0 -8 76.000 19.000 742.000000 1005.000 0 1 0 0
 81 2319.800 1785.800 16 -7 4.000 1.400 5.000000 199.000 0 1 0 0
 82 2322.000 3090.800 -15 -7 4.000 1.400 5.000000 179.000 0 1 0 0
 83 4019.200 2023.800 -16 -7 4.000 1.400 5.000000 244.000 0 1 0 0
 84 4427.400 3354.400 -17 -6 4.000 1.400 5.000000 184.000 0 1 0 0
 85 975.000 3395.400 -15 -6 4.000 2.700 10.000000 216.000 0 1 0 0
 86 987.000 3388.400 -15 -6 4.000 1.400 5.000000 208.000 0 1 0 0
 87 4345.800 1349.400 -14 -6 4.000 2.700 10.000000 200.000 0 1 0 0
 88 4082.600 998.400 2 -6 8.000 4.100 27.000000 210.000 0 1 0 0
 89 4123.800 3795.000 11 -5 12.000 4.100 43.000000 482.000 0 1 0 0
 90 643.600 1735.000 7 -5 4.000 1.400 5.000000 189.000 0 1 0 0
 91 4433.000 3317.000 -15 -5 4.000 1.400 5.000000 212.000 0 1 0 0
 92 1697.400 1031.000 -17 -5 8.000 2.700 16.000000 102.000 0 1 0 0
 93 1925.600 3279.600 -18 -4 4.000 1.400 5.000000 141.000 0 1 0 0
 101 581.400 1089.600 3 -4 4.000 1.400 5.000000 210.000 0 1 0 0
 106 4433.800 2642.200 11 -3 20.000 16.300 157.000000 797.000 0 1 0 0
 107 998.800 3508.200 -14 -3 8.000 2.700 16.000000 208.000 0 1 0 0
 110 3372.400 1131.800 18 -2 4.000 1.400 5.000000 181.000 0 1 0 0
 117 4090.800 3725.400 -4 -1 20.000 5.400 75.000000 630.000 0 1 0 0
 121 3390.200 1223.400 -11 -1 116.000 40.700 1203.000064 981.000 0 1 0 0
 122 3322.200 1232.400 -11 -1 4.000 2.700 10.000000 214.000 0 1 0 0
 123 3314.200 1221.400 -11 -1 20.000 4.100 37.000000 304.000 0 1 0 0
 124 3306.200 1233.400 -11 -1 4.000 4.100 16.000000 198.000 0 1 0 0
 125 3258.200 1222.400 -11 -1 4.000 1.400 5.000000 180.000 0 1 0 0
 128 487.000 753.000 -15 0 4.000 1.400 5.000000 210.000 0 1 0 0
 129 4345.000 2300.000 15 0 4.000 1.400 5.000000 262.000 0 1 0 0
 130 2109.400 655.600 8 1 4.000 4.100 16.000000 141.000 0 1 0 0
 131 586.400 1088.600 -7 1 4.000 2.700 10.000000 205.000 0 1 0 0
 132 250.400 2003.200 -17 2 4.000 1.400 5.000000 268.000 0 1 0 0
 133 968.000 3529.200 15 2 4.000 2.700 10.000000 189.000 0 1 0 0
 140 2705.800 788.800 -9 3 4.000 2.700 10.000000 191.000 0 1 0 0
 141 474.000 2588.800 -15 3 4.000 1.400 5.000000 232.000 0 1 0 0
 142 3041.000 586.400 -15 4 4.000 1.400 5.000000 206.000 0 1 0 0
 143 990.600 3476.400 -13 4 4.000 2.700 10.000000 180.000 0 1 0 0
 144 2378.000 1137.400 -10 4 4.000 1.400 5.000000 194.000 0 1 0 0
 145 1005.800 3449.400 16 4 4.000 2.700 10.000000 232.000 0 1 0 0
 146 1155.400 2305.000 18 5 8.000 1.400 10.000000 247.000 0 1 0 0
 147 4683.800 1940.000 6 5 4.000 1.400 5.000000 218.000 0 1 0 0
 148 591.600 1227.000 -8 5 4.000 2.700 10.000000 267.000 0 1 0 0
 149 4436.200 3479.000 -11 5 4.000 1.400 5.000000 193.000 0 1 0 0
 150 4501.400 2375.000 -12 5 4.000 1.400 5.000000 226.000 0 1 0 0
 151 1016.200 3580.000 -16 5 4.000 1.400 5.000000 207.000 0 1 0 0
 152 3038.200 643.600 -16 6 4.000 1.400 5.000000 187.000 0 1 0 0
 153 917.800 3373.600 -14 6 4.000 1.400 5.000000 178.000 0 1 0 0
 154 973.800 3484.600 -14 6 4.000 1.400 5.000000 172.000 0 1 0 0
 158 353.400 1530.600 -2 6 8.000 2.700 21.000000 185.000 0 1 0 0
 159 1579.200 1574.600 -1 6 12.000 6.800 59.000000 355.000 0 1 0 0
 160 1579.200 1555.600 -1 6 12.000 12.200 124.000000 424.000 0 1 0 0
 163 313.600 938.600 17 6 4.000 1.400 5.000000 226.000 0 1 0 0
 164 633.400 1709.200 13 7 4.000 1.400 5.000000 292.000 0 1 0 0
 165 4481.800 2063.199 11 7 4.000 1.400 5.000000 182.000 0 1 0 0
 166 4486.400 846.200 8 7 4.000 1.400 5.000000 170.000 0 1 0 0
 167 535.400 3162.200 -12 7 4.000 1.400 5.000000 192.000 0 1 0 0
 168 4169.600 2982.200 -13 7 16.000 9.500 92.000000 534.000 0 1 0 0
 169 3048.600 644.200 -13 7 4.000 1.400 5.000000 205.000 0 1 0 0
 170 2347.600 1527.800 7 8 4.000 1.400 5.000000 89.000 0 1 0 0
 171 342.800 1974.800 11 8 4.000 2.700 10.000000 265.000 0 1 0 0
 172 934.200 3500.400 14 9 4.000 1.400 5.000000 206.000 0 1 0 0
 174 588.600 1632.400 2 9 4.000 1.400 5.000000 221.000 0 1 0 0
 175 2741.200 4010.400 -6 9 8.000 4.100 27.000000 256.000 0 1 0 0
 176 971.400 3358.400 -12 9 4.000 1.400 5.000000 154.000 0 1 0 0
 177 4430.000 3593.400 -15 9 4.000 1.400 5.000000 179.000 0 1 0 0
 178 2291.600 1098.000 -13 10 4.000 1.400 5.000000 199.000 0 1 0 0
 179 3528.200 1072.000 -6 10 4.000 1.400 5.000000 207.000 0 1 0 0
 181 525.800 1915.000 11 10 16.000 20.300 189.000000 621.000 0 1 0 0
 182 915.600 3439.000 12 10 4.000 1.400 5.000000 229.000 0 1 0 0
 185 385.000 3165.600 15 11 4.000 1.400 5.000000 205.000 0 1 0 0
 186 2341.600 693.600 12 11 4.000 1.400 5.000000 241.000 0 1 0 0
 187 189.800 756.600 6 11 4.000 1.400 5.000000 205.000 0 1 0 0
 188 1036.400 3440.600 3 11 4.000 1.400 5.000000 139.000 0 1 0 0
 189 950.400 3486.600 -7 11 4.000 1.400 5.000000 197.000 0 1 0 0
 190 570.800 905.600 -9 11 4.000 1.400 5.000000 197.000 0 1 0 0
 191 491.600 1439.200 -8 12 4.000 1.400 5.000000 191.000 0 1 0 0
 192 378.600 1470.200 -3 12 4.000 1.400 5.000000 234.000 0 1 0 0
 193 861.200 1711.200 4 12 4.000 1.400 5.000000 250.000 0 1 0 0
 194 4403.600 3505.200 7 12 4.000 1.400 5.000000 207.000 0 1 0 0
 195 1020.000 3485.200 10 12 4.000 2.700 10.000000 165.000 0 1 0 0
 197 583.600 1330.800 2 13 4.000 1.400 5.000000 212.000 0 1 0 0
 198 3951.800 2599.800 1 13 8.000 2.700 21.000000 246.000 0 1 0 0
 199 366.600 2675.800 -8 13 4.000 2.700 10.000000 219.000 0 1 0 0
 200 2918.800 3219.800 -9 13 4.000 1.400 5.000000 226.000 0 1 0 0
 201 4647.200 2395.800 -11 13 4.000 1.400 5.000000 233.000 0 1 0 0
 202 450.400 2788.800 -12 13 4.000 1.400 5.000000 232.000 0 1 0 0
 203 194.400 2827.800 -12 13 4.000 2.700 10.000000 230.000 0 1 0 0
 204 2238.200 925.400 -11 14 4.000 1.400 5.000000 214.000 0 1 0 0
 205 409.800 1535.400 -9 14 4.000 1.400 5.000000 231.000 0 1 0 0
 206 829.600 1772.400 -8 14 4.000 1.400 5.000000 194.000 0 1 0 0
 207 4078.600 3546.400 -8 14 4.000 1.400 5.000000 121.000 0 1 0 0
 208 813.400 719.400 -7 14 4.000 1.400 5.000000 172.000 0 1 0 0
 209 921.400 3478.400 -2 14 8.000 2.700 16.000000 202.000 0 1 0 0
 210 580.800 1119.400 11 14 4.000 1.400 5.000000 224.000 0 1 0 0
 211 636.800 1941.400 11 14 4.000 1.400 5.000000 208.000 0 1 0 0
 212 748.400 3396.000 8 15 4.000 1.400 5.000000 189.000 0 1 0 0
 213 4476.000 3399.000 5 15 4.000 1.400 5.000000 184.000 0 1 0 0
 214 781.400 1710.000 -2 15 4.000 2.700 10.000000 220.000 0 1 0 0
 215 324.800 1813.000 -4 15 4.000 2.700 10.000000 231.000 0 1 0 0
 216 412.000 2307.000 -5 15 8.000 2.700 16.000000 249.000 0 1 0 0
 217 2459.200 717.000 -6 15 4.000 2.700 10.000000 217.000 0 1 0 0
 218 2383.200 724.000 -6 15 4.000 1.400 5.000000 197.000 0 1 0 0
 219 3001.600 3238.000 -8 15 4.000 1.400 5.000000 175.000 0 1 0 0
 220 444.600 1983.000 -8 15 4.000 2.700 10.000000 258.000 0 1 0 0
 221 1922.000 3280.600 -10 16 4.000 1.400 5.000000 136.000 0 1 0 0
 222 4605.000 2676.600 -10 16 4.000 2.700 10.000000 292.000 0 1 0 0
 223 4686.000 3073.600 -10 16 4.000 1.400 5.000000 265.000 0 1 0 0
 224 3214.000 3520.600 -5 16 4.000 1.400 5.000000 153.000 0 1 0 0
 225 974.000 3448.600 0 16 4.000 1.400 5.000000 185.000 0 1 0 0
 226 4396.400 3385.600 3 16 4.000 1.400 5.000000 180.000 0 1 0 0
 227 951.600 3531.200 7 17 4.000 1.400 5.000000 197.000 0 1 0 0
 228 4173.000 1802.200 5 17 4.000 1.400 5.000000 181.000 0 1 0 0
 229 1795.000 355.200 5 17 4.000 2.700 10.000000 169.000 0 1 0 0
 230 2212.400 1026.200 -2 17 4.000 1.400 5.000000 192.000 0 1 0 0
 231 954.400 2840.200 -2 17 16.000 9.500 92.000000 397.000 0 1 0 0
 232 175.400 1871.200 -2 17 4.000 1.400 5.000000 229.000 0 1 0 0
 233 2333.600 1155.200 -3 17 8.000 1.400 10.000000 177.000 0 1 0 0
 234 2199.600 888.200 -8 17 4.000 1.400 5.000000 228.000 0 1 0 0
 237 2786.200 631.800 -6 18 4.000 1.400 5.000000 208.000 0 1 0 0
 238 2422.000 666.800 -5 18 4.000 1.400 5.000000 190.000 0 1 0 0
 239 3390.800 3093.800 -4 18 4.000 1.400 5.000000 163.000 0 1 0 0
 240 1077.200 1737.800 -1 18 4.000 1.400 5.000000 201.000 0 1 0 0
 241 585.000 1237.800 0 18 4.000 1.400 5.000000 216.000 0 1 0 0
 242 2826.000 737.800 0 18 4.000 1.400 5.000000 169.000 0 1 0 0
 243 1001.800 3460.800 1 18 4.000 1.400 5.000000 198.000 0 1 0 0
 244 393.600 2518.800 2 18 4.000 2.700 10.000000 250.000 0 1 0 0
 245 1517.600 2869.800 2 18 4.000 1.400 5.000000 131.000 0 1 0 0
 246 1177.800 3048.800 6 18 4.000 1.400 5.000000 214.000 0 1 0 0
 248 4435.600 3504.400 2 19 8.000 2.700 16.000000 254.000 0 1 0 0
 249 211.600 347.400 2 19 4.000 1.400 5.000000 206.000 0 1 0 0
 250 4697.200 2748.400 -1 19 4.000 1.400 5.000000 252.000 0 1 0 0
 251 2297.200 694.400 -1 19 4.000 1.400 5.000000 214.000 0 1 0 0
 252 699.400 3612.400 -2 19 4.000 1.400 5.000000 236.000 0 1 0 0
 253 529.000 787.400 -5 19 4.000 1.400 5.000000 226.000 0 1 0 0;
SummarySpec 5
  TESTNO    NDEFECT    DEFDENSITY    NDIE    NDEFDIE  ;
SummaryList 
  1    185    7.8968709707e-01    1283    158  ;
EndOfFile;
