FileVersion 1 2;
FileTimestamp 06-06-19 18:00:57;
InspectionStationID "NONE" "2360" "IPS204";
SampleType WAFER;
ResultTimestamp 06-06-19 10:56:41;
LotID "195L45";
SampleSize 1 200;
DeviceID "SW73";
SetupID "SW73_RD_LDDP2" 04-02-15 09:01:32;
StepID "RD_LDDP2";
SampleOrientationMarkType NOTCH;
OrientationMarkLocation DOWN;
DiePitch 2.9190580000e+03 3.0209790000e+03;
DieOrigin 0.0000000000e+00 0.0000000000e+00;
WaferID "@07";
Slot 7;
SampleCenterLocation 2.9603470000e+03 1.4797880000e+03;
ClassLookup 74
  0 "Uncategorized"
  1 "Small PT"
  2 "Medium PT"
  3 "Large PT"
  4 "Polymer"
  5 "Flake PT"
  6 "Scratch"
  9 "Other Defect"
  10 "Other Residue"
  11 "Wet Residue"
  13 "W Residue"
  14 "PR Residue"
  15 "Liquid Mark"
  16 "Thread Defect"
  20 "Pits"
  22 "Pattern Deformed"
  23 "Defocus"
  24 "PR BUBBLE"
  25 "Crown Defect"
  27 "Bead Defect"
  30 "CMP Scratch"
  31 "Minor CMP Scratch"
  35 "Rip Out"
  40 "Protrusion"
  42 "Top Blocked"
  43 "Bottom Blocked"
  44 "Line broken"
  45 "Metal Corrosion"
  46 "Galvanic Corrosion"
  51 "PR Popping"
  52 "Salicide Bad"
  53 "STI Dimple"
  59 "W Void"
  60 "AA Dep PT"
  61 "GC Dep PT"
  62 "CVD Dep PT"
  63 "Metal Dep PT"
  73 "Cone Defect"
  74 "Metal Depression"
  77 "Underlayer"
  78 "NUISANCE/FALSE"
  79 "Metal Grain"
  80 "Don't Care/Minor"
  95 "Missing AI"
  99 "test2"
  100 "Cluster"
  101 "CU CMP Scratch"
  102 "CU Void"
  103 "2_PO Missing"
  104 "CU Pattern Open"
  105 "CU Remain"
  106 "Circle CU Remain"
  107 "CU CVD PT"
  108 "CU Eclips"
  109 "CU CMP Residue"
  110 "Minor CU CMP Scratch"
  111 "CMP PT"
  112 "CU SEAM PT"
  113 "CU Ox"
  114 "CU Pattern Open(Minor)"
  116 "1_PO Missing"
  117 "PAD Abnormality"
  150 "Guard Ring Circle Defect"
  151 "EBR Circle Defect"
  152 "PAD Hillock"
  153 "PAD Residue"
  154 "PAD Hole"
  155 "Color PR Residue"
  201 "Bin 1"
  202 "Bin 2"
  203 "Bin 3"
  204 "Bin 4"
  205 "Bin 5"
  206 "Bin 6"  ;
OrientationInstructions "";
InspectionTest 2;
SampleTestPlan 3234
  -32 0 
  -30 -3 
  -30 10 
  -29 -4 
  -29 3 
  -29 12 
  -28 -15 
  -28 -4 
  -27 -15 
  -27 -13 
  -27 -7 
  -27 -3 
  -27 4 
  -27 9 
  -26 -10 
  -26 -5 
  -26 -4 
  -26 3 
  -26 4 
  -26 12 
  -25 -11 
  -25 -8 
  -25 -1 
  -25 6 
  -25 7 
  -25 10 
  -24 -3 
  -24 13 
  -24 17 
  -24 20 
  -23 -14 
  -23 -12 
  -23 -4 
  -23 -1 
  -23 4 
  -23 10 
  -22 -20 
  -22 -6 
  -22 -1 
  -22 6 
  -22 13 
  -21 -22 
  -21 -21 
  -21 -17 
  -21 -8 
  -21 -7 
  -21 -3 
  -21 -1 
  -21 5 
  -21 13 
  -21 21 
  -20 -15 
  -20 -13 
  -20 -8 
  -20 -5 
  -20 -4 
  -20 1 
  -20 10 
  -20 15 
  -20 18 
  -20 23 
  -19 -17 
  -19 -14 
  -19 -10 
  -19 -9 
  -19 -6 
  -19 3 
  -19 5 
  -19 18 
  -18 -21 
  -18 -3 
  -18 -2 
  -18 1 
  -18 2 
  -18 10 
  -18 23 
  -17 -11 
  -17 1 
  -17 8 
  -17 16 
  -17 23 
  -17 25 
  -16 -13 
  -16 -12 
  -16 -1 
  -16 9 
  -16 22 
  -15 -24 
  -15 -22 
  -15 -12 
  -15 -7 
  -15 -3 
  -15 5 
  -15 10 
  -15 13 
  -14 -18 
  -14 -10 
  -14 -6 
  -14 4 
  -14 8 
  -14 10 
  -14 19 
  -14 21 
  -13 -15 
  -13 -11 
  -12 -17 
  -12 -8 
  -12 6 
  -12 9 
  -12 18 
  -12 25 
  -11 -3 
  -11 12 
  -11 24 
  -10 -23 
  -10 -21 
  -10 -14 
  -10 -3 
  -10 0 
  -10 1 
  -10 3 
  -10 22 
  -10 24 
  -9 -20 
  -9 -18 
  -9 -14 
  -9 -2 
  -9 -1 
  -9 4 
  -9 10 
  -9 17 
  -9 20 
  -8 -28 
  -8 -21 
  -8 -20 
  -8 -10 
  -8 -1 
  -8 15 
  -8 24 
  -8 25 
  -8 26 
  -7 -30 
  -7 -27 
  -7 -21 
  -7 -19 
  -7 -10 
  -7 -1 
  -7 4 
  -7 10 
  -7 13 
  -7 15 
  -7 27 
  -7 29 
  -6 -21 
  -6 -13 
  -6 -10 
  -6 -9 
  -6 -3 
  -6 26 
  -6 27 
  -6 28 
  -5 -9 
  -5 -6 
  -5 20 
  -5 26 
  -4 -15 
  -4 -13 
  -4 -9 
  -4 -6 
  -4 -2 
  -4 11 
  -4 14 
  -4 21 
  -3 -27 
  -3 -23 
  -3 -21 
  -3 -19 
  -3 -16 
  -3 -14 
  -3 -13 
  -3 -9 
  -3 3 
  -3 9 
  -3 17 
  -3 31 
  -2 -20 
  -2 -18 
  -2 -6 
  -2 1 
  -2 6 
  -2 9 
  -2 14 
  -2 18 
  -2 24 
  -2 25 
  -1 -29 
  -1 -27 
  -1 -13 
  -1 0 
  -1 2 
  -1 3 
  -1 17 
  -1 26 
  0 -15 
  0 -12 
  0 -1 
  0 4 
  0 5 
  0 13 
  0 14 
  0 25 
  1 -21 
  1 -18 
  1 5 
  1 6 
  1 14 
  1 30 
  2 -21 
  2 -18 
  2 -16 
  2 -13 
  2 3 
  2 26 
  3 -29 
  3 -28 
  3 -20 
  3 -19 
  3 -8 
  3 -5 
  3 -4 
  3 -3 
  3 8 
  3 17 
  3 20 
  4 -24 
  4 -22 
  4 -15 
  4 -14 
  4 -4 
  4 1 
  4 8 
  4 18 
  4 19 
  4 20 
  4 21 
  4 22 
  4 23 
  4 30 
  5 -16 
  5 -15 
  5 -9 
  5 -6 
  5 5 
  5 17 
  5 18 
  5 26 
  5 27 
  6 -31 
  6 -29 
  6 -7 
  6 -2 
  6 21 
  7 -27 
  7 -17 
  7 -10 
  7 0 
  7 3 
  7 6 
  7 21 
  8 -30 
  8 -27 
  8 -17 
  8 -16 
  8 -13 
  8 -9 
  8 -7 
  8 0 
  8 7 
  8 17 
  8 28 
  8 30 
  9 -24 
  9 -6 
  9 0 
  9 2 
  9 8 
  9 19 
  9 21 
  10 -23 
  10 -22 
  10 -16 
  10 -14 
  10 4 
  10 13 
  10 27 
  10 29 
  11 -29 
  11 -27 
  11 -24 
  11 -16 
  11 -15 
  11 -9 
  11 -7 
  11 2 
  11 7 
  12 -29 
  12 -25 
  12 -24 
  12 -20 
  12 -18 
  12 -12 
  12 -6 
  12 -5 
  12 5 
  12 13 
  12 25 
  13 -24 
  13 -16 
  13 -8 
  13 6 
  13 16 
  13 20 
  13 23 
  13 29 
  14 -17 
  14 -14 
  14 -12 
  14 -9 
  14 -3 
  14 2 
  14 8 
  14 13 
  14 18 
  15 -25 
  15 -23 
  15 -19 
  15 -16 
  15 -5 
  15 0 
  15 5 
  15 6 
  15 11 
  15 14 
  15 27 
  15 28 
  16 -19 
  16 -17 
  16 -14 
  16 -5 
  16 3 
  16 12 
  16 15 
  16 19 
  16 27 
  17 -27 
  17 -23 
  17 -19 
  17 -14 
  17 -4 
  18 -24 
  18 -20 
  18 -18 
  18 -6 
  18 0 
  18 3 
  18 14 
  18 22 
  18 26 
  19 -23 
  19 -18 
  19 -17 
  19 -7 
  19 4 
  20 6 
  20 8 
  20 16 
  21 -11 
  21 1 
  21 22 
  22 -16 
  22 -9 
  22 -6 
  22 -2 
  22 0 
  23 -12 
  23 -3 
  23 10 
  24 -18 
  24 -16 
  24 0 
  24 5 
  25 -16 
  25 -11 
  25 -10 
  25 3 
  25 15 
  25 17 
  26 -11 
  26 -9 
  26 -8 
  26 -2 
  26 5 
  26 19 
  27 -13 
  27 9 
  27 16 
  28 -15 
  28 -10 
  28 15 
  29 -15 
  29 -10 
  29 -3 
  29 6 
  30 -11 
  30 -2 
  30 8 
  31 1 
  31 5 
  32 8 
  -31 -8 
  -31 -3 
  -31 -1 
  -30 -7 
  -30 -6 
  -30 8 
  -30 9 
  -29 -6 
  -29 1 
  -29 13 
  -28 -5 
  -28 12 
  -28 14 
  -27 -16 
  -27 -9 
  -26 -17 
  -26 0 
  -26 18 
  -25 -16 
  -25 -12 
  -25 -5 
  -25 0 
  -25 5 
  -25 18 
  -24 -12 
  -24 5 
  -24 15 
  -23 -21 
  -23 -15 
  -23 -7 
  -23 -6 
  -23 12 
  -23 18 
  -22 -5 
  -22 4 
  -22 15 
  -22 17 
  -21 14 
  -21 18 
  -21 19 
  -21 23 
  -20 -24 
  -20 -3 
  -20 6 
  -20 13 
  -20 20 
  -19 -23 
  -19 -22 
  -19 10 
  -19 12 
  -19 19 
  -19 22 
  -19 23 
  -18 -17 
  -18 -15 
  -18 11 
  -18 18 
  -17 -21 
  -17 -17 
  -17 -14 
  -17 2 
  -17 6 
  -17 10 
  -17 11 
  -17 19 
  -17 20 
  -17 21 
  -17 22 
  -16 -23 
  -16 -17 
  -16 -16 
  -16 -14 
  -16 -4 
  -16 5 
  -16 6 
  -16 8 
  -16 15 
  -15 -27 
  -15 -19 
  -15 -14 
  -15 -11 
  -15 -8 
  -15 0 
  -15 23 
  -15 27 
  -14 -27 
  -14 -21 
  -14 -15 
  -14 -13 
  -14 -8 
  -14 5 
  -14 12 
  -14 20 
  -14 22 
  -14 25 
  -14 26 
  -13 -23 
  -13 -8 
  -13 -5 
  -13 0 
  -13 1 
  -13 10 
  -13 13 
  -13 14 
  -13 21 
  -13 24 
  -12 -28 
  -12 -20 
  -12 14 
  -12 22 
  -12 27 
  -11 -28 
  -11 -22 
  -11 -17 
  -11 -15 
  -11 -14 
  -11 -11 
  -11 -4 
  -11 1 
  -11 20 
  -11 21 
  -11 28 
  -10 -10 
  -10 -5 
  -10 13 
  -10 18 
  -9 -22 
  -9 -17 
  -9 1 
  -9 21 
  -9 29 
  -8 -16 
  -8 8 
  -8 10 
  -8 29 
  -7 -25 
  -7 -17 
  -7 -15 
  -7 -13 
  -7 5 
  -7 12 
  -7 22 
  -7 23 
  -7 30 
  -6 -30 
  -6 -12 
  -6 -6 
  -6 -4 
  -6 5 
  -6 6 
  -6 18 
  -6 23 
  -6 29 
  -5 -31 
  -5 -5 
  -5 -1 
  -5 5 
  -5 18 
  -5 19 
  -5 27 
  -4 -31 
  -4 -27 
  -4 -26 
  -4 9 
  -4 23 
  -4 25 
  -4 27 
  -3 -3 
  -3 7 
  -3 19 
  -3 21 
  -2 -30 
  -2 -26 
  -2 -23 
  -2 -22 
  -2 -15 
  -2 -3 
  -2 12 
  -2 16 
  -2 26 
  -1 -19 
  -1 -7 
  -1 5 
  -1 8 
  -1 24 
  -1 31 
  0 -29 
  0 -28 
  0 -27 
  0 -23 
  0 1 
  0 7 
  0 15 
  0 18 
  0 19 
  0 20 
  1 -27 
  1 -20 
  1 -15 
  1 -14 
  1 -11 
  1 -5 
  1 -1 
  1 3 
  2 -28 
  2 -27 
  2 -17 
  2 -10 
  2 -7 
  2 0 
  2 14 
  2 20 
  2 27 
  3 -1 
  3 4 
  3 13 
  3 18 
  3 22 
  4 -20 
  4 -7 
  4 15 
  5 -24 
  5 -21 
  5 -18 
  5 13 
  5 15 
  6 -18 
  6 -9 
  6 1 
  6 6 
  6 7 
  6 8 
  6 12 
  6 14 
  6 19 
  6 24 
  6 30 
  7 14 
  7 19 
  7 25 
  7 28 
  8 -25 
  8 -24 
  8 -21 
  8 -18 
  8 -12 
  8 -5 
  8 -4 
  8 -1 
  8 6 
  8 11 
  8 14 
  8 20 
  8 26 
  8 29 
  9 -29 
  9 -7 
  9 -5 
  9 -3 
  9 -2 
  9 9 
  9 14 
  9 20 
  10 -28 
  10 -17 
  10 -7 
  10 -4 
  10 5 
  10 9 
  10 22 
  11 -25 
  11 -21 
  11 -20 
  11 -4 
  11 -2 
  11 -1 
  11 1 
  11 11 
  11 13 
  11 17 
  11 19 
  11 24 
  12 -27 
  12 -26 
  12 -21 
  12 -13 
  12 -1 
  12 6 
  12 9 
  12 10 
  12 14 
  12 23 
  13 -28 
  13 -25 
  13 -5 
  13 0 
  13 8 
  13 9 
  13 17 
  13 21 
  13 28 
  14 -21 
  14 -20 
  14 3 
  14 5 
  14 10 
  14 11 
  14 15 
  15 -14 
  15 -13 
  15 -11 
  15 -2 
  16 -16 
  16 -8 
  16 0 
  16 8 
  17 -26 
  17 5 
  17 7 
  17 11 
  17 13 
  18 -26 
  18 -19 
  18 -14 
  18 7 
  18 20 
  19 -10 
  19 -8 
  19 -6 
  19 2 
  20 -20 
  20 -19 
  20 -9 
  20 -1 
  20 11 
  20 18 
  21 -19 
  21 -8 
  21 -3 
  21 8 
  21 17 
  22 -23 
  22 -18 
  22 -17 
  22 -3 
  22 1 
  22 4 
  22 10 
  23 -13 
  23 -5 
  23 20 
  23 22 
  24 -14 
  24 15 
  26 -12 
  26 -10 
  26 3 
  26 4 
  26 10 
  26 13 
  26 15 
  27 -14 
  27 -5 
  27 -4 
  27 -2 
  27 3 
  27 6 
  28 7 
  28 16 
  29 5 
  29 9 
  29 12 
  30 -13 
  30 1 
  30 9 
  31 2 
  31 10 
  32 -7 
  32 -6 
  32 -2 
  33 1 
  -31 -2 
  -31 1 
  -31 3 
  -30 -9 
  -29 -13 
  -29 -3 
  -29 4 
  -28 0 
  -28 7 
  -27 -14 
  -27 -6 
  -27 3 
  -27 14 
  -26 -12 
  -26 -1 
  -26 11 
  -25 -17 
  -25 -15 
  -25 -10 
  -25 -4 
  -25 3 
  -25 8 
  -25 14 
  -24 -13 
  -24 -11 
  -24 -9 
  -24 -4 
  -24 0 
  -24 3 
  -24 4 
  -24 10 
  -24 18 
  -23 -20 
  -23 -17 
  -23 -3 
  -23 8 
  -22 -19 
  -22 -17 
  -22 -10 
  -22 1 
  -22 10 
  -21 -11 
  -21 11 
  -21 15 
  -21 16 
  -21 20 
  -20 -23 
  -20 -16 
  -20 -2 
  -20 7 
  -20 8 
  -20 17 
  -19 -25 
  -19 -20 
  -19 17 
  -19 24 
  -18 -12 
  -18 3 
  -18 9 
  -18 14 
  -18 15 
  -17 -10 
  -17 0 
  -17 7 
  -17 9 
  -16 -27 
  -16 10 
  -16 21 
  -15 -26 
  -15 -25 
  -15 1 
  -15 2 
  -15 19 
  -15 26 
  -14 -22 
  -14 -7 
  -14 0 
  -14 7 
  -14 24 
  -13 -25 
  -13 -19 
  -13 -10 
  -13 6 
  -13 7 
  -13 16 
  -13 17 
  -13 19 
  -12 -22 
  -12 -12 
  -12 -3 
  -12 -1 
  -12 0 
  -12 13 
  -12 26 
  -11 -18 
  -11 7 
  -11 14 
  -10 -28 
  -10 -16 
  -10 -12 
  -10 4 
  -10 23 
  -10 26 
  -9 -19 
  -9 -4 
  -9 2 
  -9 9 
  -9 22 
  -8 -30 
  -8 -23 
  -8 -17 
  -8 -14 
  -8 -9 
  -8 18 
  -7 -2 
  -7 7 
  -7 17 
  -7 26 
  -7 28 
  -6 -27 
  -6 -24 
  -6 -20 
  -6 -16 
  -6 -14 
  -6 -2 
  -6 0 
  -6 8 
  -6 14 
  -5 -27 
  -5 -25 
  -5 -23 
  -5 -17 
  -5 -2 
  -5 6 
  -5 22 
  -5 23 
  -5 24 
  -5 25 
  -5 28 
  -5 29 
  -4 -24 
  -4 -18 
  -4 -17 
  -4 -14 
  -4 0 
  -4 2 
  -4 18 
  -3 -22 
  -3 -10 
  -3 6 
  -3 8 
  -3 13 
  -3 15 
  -3 20 
  -3 25 
  -3 30 
  -2 -27 
  -2 5 
  -2 15 
  -2 19 
  -2 21 
  -2 27 
  -1 -28 
  -1 -8 
  -1 -3 
  -1 18 
  -1 19 
  -1 22 
  -1 30 
  0 -31 
  0 -26 
  0 -24 
  0 -20 
  0 -8 
  0 -3 
  0 0 
  0 6 
  2 -22 
  2 -14 
  2 -12 
  2 -1 
  2 5 
  2 7 
  2 8 
  2 22 
  2 29 
  3 -18 
  3 -10 
  3 -2 
  3 0 
  3 1 
  3 2 
  3 11 
  3 21 
  3 29 
  4 -23 
  4 -8 
  4 -2 
  4 0 
  4 10 
  4 17 
  4 28 
  5 -23 
  5 -20 
  5 -11 
  5 -8 
  5 1 
  5 2 
  5 6 
  5 28 
  5 29 
  6 -27 
  6 -20 
  6 -12 
  6 -10 
  6 0 
  6 4 
  6 18 
  6 22 
  7 -13 
  7 -11 
  7 -5 
  7 -3 
  7 16 
  7 18 
  7 27 
  7 30 
  8 -23 
  8 3 
  8 12 
  8 15 
  8 25 
  9 -27 
  9 -25 
  9 -21 
  9 -14 
  9 -11 
  9 -10 
  9 -9 
  9 -8 
  9 -1 
  9 23 
  9 24 
  9 30 
  10 -12 
  10 -2 
  10 19 
  11 -19 
  11 -13 
  11 -3 
  11 0 
  11 6 
  11 8 
  11 12 
  11 20 
  11 25 
  12 -22 
  12 -19 
  12 -17 
  12 -9 
  12 -4 
  12 0 
  12 4 
  12 7 
  12 19 
  13 -9 
  13 5 
  13 25 
  14 -18 
  14 12 
  14 16 
  14 20 
  15 -18 
  15 -10 
  15 -9 
  15 -7 
  15 -4 
  15 1 
  15 2 
  15 10 
  15 20 
  16 -24 
  16 10 
  17 -24 
  17 -22 
  17 -13 
  17 -8 
  17 1 
  17 3 
  17 6 
  17 15 
  17 24 
  17 26 
  17 27 
  18 -5 
  18 -4 
  18 2 
  18 5 
  18 6 
  19 -19 
  19 -11 
  19 -5 
  19 -4 
  19 14 
  19 15 
  19 23 
  20 -23 
  20 -13 
  20 -8 
  20 -2 
  20 4 
  20 5 
  20 7 
  20 14 
  20 17 
  21 -18 
  21 -16 
  21 -15 
  21 -14 
  21 -7 
  21 -4 
  21 3 
  21 7 
  21 11 
  21 12 
  21 19 
  21 20 
  21 24 
  22 -13 
  22 -12 
  22 -11 
  22 -8 
  22 -5 
  22 12 
  22 21 
  23 -10 
  23 -8 
  23 -2 
  23 2 
  23 6 
  24 -12 
  24 -11 
  24 -2 
  24 2 
  24 4 
  24 12 
  24 13 
  25 -17 
  25 -5 
  25 -2 
  25 4 
  25 6 
  25 7 
  25 10 
  25 11 
  25 14 
  25 16 
  25 18 
  26 -5 
  26 8 
  27 -17 
  28 -12 
  28 1 
  28 3 
  28 12 
  29 -13 
  29 1 
  29 13 
  30 -6 
  30 4 
  30 12 
  31 -1 
  31 0 
  31 7 
  32 -5 
  32 1 
  32 3 
  32 4 
  32 6 
  33 -2 
  -32 1 
  -32 2 
  -30 -11 
  -30 -10 
  -30 -2 
  -30 3 
  -30 7 
  -30 11 
  -29 -8 
  -29 2 
  -29 6 
  -28 -8 
  -28 -7 
  -28 -2 
  -28 -1 
  -28 2 
  -28 6 
  -27 11 
  -27 12 
  -26 -8 
  -26 5 
  -26 6 
  -26 7 
  -26 13 
  -26 16 
  -25 -14 
  -25 -13 
  -25 9 
  -25 17 
  -24 -20 
  -24 -7 
  -24 -1 
  -24 7 
  -24 11 
  -23 -13 
  -23 3 
  -23 11 
  -23 17 
  -22 -12 
  -22 -7 
  -22 -4 
  -22 -2 
  -22 8 
  -22 20 
  -22 21 
  -21 -20 
  -21 -19 
  -21 -14 
  -21 -10 
  -21 -6 
  -21 3 
  -21 4 
  -21 7 
  -21 8 
  -21 9 
  -20 -11 
  -20 -6 
  -20 -1 
  -20 2 
  -20 4 
  -20 12 
  -20 14 
  -20 22 
  -19 -16 
  -19 -7 
  -19 -2 
  -19 -1 
  -19 4 
  -18 -22 
  -18 -14 
  -18 -9 
  -18 -6 
  -18 5 
  -18 7 
  -18 24 
  -18 25 
  -17 -24 
  -17 -23 
  -17 -7 
  -17 -4 
  -17 4 
  -17 5 
  -17 13 
  -17 14 
  -17 26 
  -16 -25 
  -16 -11 
  -16 -9 
  -16 -8 
  -16 -5 
  -16 0 
  -16 12 
  -16 13 
  -15 -23 
  -15 -18 
  -15 -2 
  -15 4 
  -15 17 
  -15 18 
  -15 24 
  -14 -26 
  -14 -23 
  -14 -3 
  -14 18 
  -14 23 
  -14 28 
  -13 -26 
  -13 -17 
  -13 15 
  -13 25 
  -13 26 
  -12 -26 
  -12 -25 
  -12 10 
  -12 12 
  -12 15 
  -12 16 
  -12 28 
  -11 -25 
  -11 -21 
  -11 -19 
  -11 -7 
  -11 11 
  -11 13 
  -11 16 
  -10 -27 
  -10 -24 
  -10 -22 
  -10 -9 
  -10 -8 
  -10 5 
  -10 10 
  -10 28 
  -10 29 
  -9 -30 
  -9 -24 
  -9 -12 
  -9 -9 
  -9 -8 
  -9 -5 
  -9 -3 
  -9 12 
  -9 13 
  -9 18 
  -9 19 
  -9 27 
  -9 28 
  -8 -25 
  -8 -22 
  -8 -18 
  -8 -8 
  -8 5 
  -8 12 
  -7 -26 
  -7 -23 
  -7 -20 
  -7 -16 
  -7 -6 
  -7 0 
  -7 11 
  -7 19 
  -7 21 
  -6 -17 
  -6 2 
  -6 19 
  -5 -30 
  -5 -19 
  -5 -15 
  -5 -14 
  -5 4 
  -5 7 
  -5 9 
  -5 12 
  -5 14 
  -5 17 
  -4 -28 
  -4 -20 
  -4 -10 
  -4 -1 
  -4 4 
  -4 5 
  -4 6 
  -4 8 
  -4 12 
  -4 19 
  -4 28 
  -4 31 
  -3 -30 
  -3 -26 
  -3 -6 
  -3 1 
  -3 2 
  -3 12 
  -3 18 
  -3 28 
  -2 -5 
  -2 -4 
  -2 3 
  -1 -26 
  -1 -21 
  -1 -17 
  -1 -5 
  -1 1 
  -1 4 
  -1 10 
  -1 14 
  -1 15 
  -1 16 
  -1 21 
  -1 27 
  -1 28 
  0 -22 
  0 -21 
  0 -14 
  0 -4 
  0 -2 
  0 3 
  0 29 
  0 31 
  1 -28 
  1 -12 
  1 -10 
  1 -3 
  1 -2 
  1 0 
  1 1 
  1 10 
  1 16 
  1 26 
  2 -31 
  2 -26 
  2 -6 
  2 2 
  2 6 
  2 11 
  2 15 
  2 21 
  3 -31 
  3 -30 
  3 -25 
  3 -23 
  3 -11 
  3 12 
  3 14 
  3 15 
  4 -9 
  4 -6 
  4 -1 
  4 11 
  4 25 
  5 -31 
  5 3 
  5 12 
  5 24 
  5 30 
  6 -26 
  6 -25 
  6 -16 
  6 -15 
  6 -11 
  6 -8 
  6 -6 
  6 -4 
  6 -3 
  6 11 
  6 13 
  6 27 
  7 -26 
  7 -25 
  7 -24 
  7 -23 
  7 -22 
  7 -4 
  7 5 
  7 7 
  7 9 
  7 13 
  7 26 
  8 -28 
  8 -11 
  8 -10 
  8 -2 
  8 1 
  8 5 
  9 -23 
  9 1 
  9 4 
  9 5 
  9 7 
  9 12 
  9 15 
  9 25 
  9 26 
  10 -15 
  10 -1 
  10 10 
  10 12 
  10 16 
  11 -17 
  11 -6 
  11 9 
  11 15 
  11 27 
  12 -11 
  12 -8 
  12 -7 
  12 21 
  12 27 
  13 -23 
  13 -13 
  13 -7 
  13 4 
  13 13 
  13 22 
  14 -27 
  14 -25 
  14 -23 
  14 -19 
  14 -16 
  14 -6 
  14 1 
  14 6 
  14 9 
  14 26 
  14 28 
  15 -26 
  15 -8 
  15 -6 
  15 3 
  15 9 
  15 21 
  15 23 
  15 25 
  16 -6 
  16 -1 
  16 4 
  16 13 
  16 16 
  16 22 
  16 24 
  17 -17 
  17 2 
  17 8 
  17 12 
  17 16 
  17 17 
  17 18 
  18 -1 
  18 1 
  18 4 
  18 9 
  18 13 
  18 23 
  18 25 
  19 -20 
  19 10 
  19 25 
  20 -16 
  20 -14 
  20 -4 
  20 9 
  20 10 
  20 12 
  20 13 
  20 20 
  21 -12 
  21 -10 
  21 16 
  22 -15 
  22 -1 
  22 6 
  22 16 
  23 -21 
  23 -15 
  23 -4 
  23 5 
  23 17 
  23 18 
  23 21 
  24 -17 
  24 -9 
  24 3 
  24 7 
  24 9 
  24 19 
  25 -13 
  25 8 
  25 12 
  26 -18 
  26 -15 
  26 -4 
  26 2 
  26 7 
  27 -16 
  27 -9 
  27 2 
  27 8 
  27 10 
  27 12 
  27 14 
  28 -3 
  29 -12 
  29 -9 
  29 -8 
  29 -7 
  29 -1 
  29 4 
  29 7 
  29 15 
  30 -8 
  30 -3 
  31 -11 
  31 4 
  31 9 
  32 -1 
  32 2 
  32 7 
  33 0 
  -32 -1 
  -31 -7 
  -31 4 
  -31 7 
  -30 -8 
  -30 6 
  -29 -9 
  -29 -1 
  -29 7 
  -29 10 
  -29 11 
  -28 -9 
  -28 1 
  -28 3 
  -28 5 
  -28 8 
  -28 13 
  -28 15 
  -27 -8 
  -27 -5 
  -27 7 
  -27 8 
  -27 10 
  -27 15 
  -26 -16 
  -26 -11 
  -26 -9 
  -26 -3 
  -25 -18 
  -25 -9 
  -25 -7 
  -25 4 
  -25 19 
  -24 -19 
  -24 -17 
  -24 -15 
  -24 -6 
  -24 2 
  -24 9 
  -23 -5 
  -23 5 
  -23 6 
  -23 13 
  -22 -22 
  -22 -16 
  -22 -13 
  -22 -9 
  -22 -3 
  -22 2 
  -22 9 
  -22 11 
  -22 19 
  -21 -12 
  -21 -2 
  -21 6 
  -20 -20 
  -20 -14 
  -20 11 
  -19 -24 
  -19 -21 
  -19 -18 
  -19 15 
  -19 20 
  -18 -24 
  -18 -16 
  -18 -7 
  -18 6 
  -18 17 
  -18 20 
  -18 22 
  -17 -25 
  -17 -22 
  -17 -19 
  -17 -12 
  -17 -9 
  -16 -18 
  -16 -3 
  -16 1 
  -16 14 
  -16 17 
  -16 24 
  -15 -16 
  -15 -15 
  -15 -13 
  -15 -4 
  -15 14 
  -14 -28 
  -14 -25 
  -14 -17 
  -14 -14 
  -14 -11 
  -14 -9 
  -14 1 
  -14 15 
  -14 16 
  -13 -6 
  -13 2 
  -13 3 
  -13 4 
  -13 5 
  -13 22 
  -12 -27 
  -12 -18 
  -12 -10 
  -12 1 
  -12 5 
  -12 7 
  -11 -27 
  -11 -26 
  -11 -23 
  -11 -6 
  -11 4 
  -11 5 
  -11 19 
  -10 -20 
  -10 -6 
  -10 -2 
  -10 -1 
  -10 11 
  -10 12 
  -10 15 
  -10 16 
  -9 -27 
  -9 -26 
  -9 -25 
  -9 -15 
  -9 -13 
  -9 -7 
  -9 8 
  -9 25 
  -9 30 
  -8 -27 
  -8 -13 
  -8 -12 
  -8 -7 
  -8 -3 
  -8 6 
  -8 13 
  -8 17 
  -8 21 
  -8 22 
  -8 28 
  -7 -29 
  -7 -14 
  -7 9 
  -7 16 
  -7 20 
  -7 24 
  -6 -25 
  -6 -22 
  -6 -18 
  -6 -15 
  -6 -7 
  -6 -5 
  -6 -1 
  -6 1 
  -6 10 
  -6 11 
  -6 17 
  -6 25 
  -6 30 
  -5 -26 
  -5 -20 
  -5 -13 
  -5 21 
  -5 31 
  -4 -22 
  -4 -11 
  -4 -7 
  -4 -3 
  -4 3 
  -4 7 
  -4 10 
  -4 16 
  -4 26 
  -3 -25 
  -3 -24 
  -3 -20 
  -3 -7 
  -3 -4 
  -3 -2 
  -3 4 
  -3 14 
  -3 24 
  -3 26 
  -3 29 
  -2 -28 
  -2 -17 
  -2 -16 
  -2 7 
  -2 8 
  -2 11 
  -2 20 
  -2 22 
  -1 -31 
  -1 -18 
  -1 -10 
  -1 -6 
  -1 9 
  -1 20 
  -1 25 
  0 -18 
  0 -11 
  0 2 
  0 9 
  0 12 
  0 30 
  1 -23 
  1 -19 
  1 -16 
  1 -9 
  1 -4 
  1 7 
  1 9 
  1 15 
  1 28 
  2 -29 
  2 -20 
  2 -9 
  2 -4 
  2 16 
  2 19 
  2 25 
  2 31 
  3 -24 
  3 -15 
  3 -7 
  3 6 
  3 23 
  3 24 
  3 28 
  4 -28 
  4 -3 
  4 6 
  4 7 
  4 26 
  5 -14 
  5 -13 
  5 16 
  5 22 
  5 25 
  6 -28 
  6 -19 
  6 5 
  6 10 
  6 16 
  6 20 
  6 25 
  7 -30 
  7 -9 
  7 -2 
  7 2 
  7 22 
  8 -19 
  8 23 
  9 -30 
  9 -28 
  9 -26 
  9 -19 
  9 -18 
  9 -17 
  9 -15 
  9 10 
  9 13 
  9 28 
  10 -30 
  10 -26 
  10 -25 
  10 -8 
  10 0 
  10 1 
  10 18 
  10 21 
  10 26 
  11 -26 
  11 -12 
  11 -11 
  11 3 
  11 10 
  11 14 
  11 26 
  11 28 
  11 29 
  12 -15 
  12 -3 
  12 29 
  13 -21 
  13 -15 
  13 -12 
  13 -3 
  13 -2 
  13 -1 
  13 3 
  13 26 
  14 -28 
  14 -22 
  14 -15 
  14 -13 
  14 -10 
  14 -5 
  14 -4 
  15 -24 
  15 -1 
  15 12 
  15 22 
  16 -27 
  16 -25 
  16 -21 
  16 -18 
  16 -15 
  16 -12 
  16 1 
  16 5 
  16 7 
  16 18 
  16 21 
  16 23 
  16 26 
  17 -18 
  17 -10 
  17 0 
  17 4 
  17 10 
  17 20 
  17 25 
  18 -17 
  18 -15 
  18 -9 
  18 -7 
  18 10 
  19 6 
  19 9 
  19 11 
  19 12 
  19 17 
  19 22 
  20 -22 
  20 -5 
  20 0 
  20 15 
  20 19 
  21 -20 
  21 -17 
  21 -6 
  21 4 
  21 9 
  22 -22 
  22 -19 
  22 -7 
  22 7 
  22 8 
  22 13 
  22 19 
  23 -22 
  23 -16 
  23 11 
  24 -10 
  24 16 
  24 18 
  25 -15 
  25 -14 
  25 -6 
  25 -4 
  25 1 
  26 -17 
  26 -16 
  26 -14 
  26 -13 
  26 14 
  26 16 
  27 -11 
  27 -8 
  28 -7 
  28 4 
  28 5 
  28 8 
  29 -6 
  29 0 
  29 3 
  30 5 
  30 7 
  31 -10 
  31 -6 
  31 -5 
  31 8 
  32 -4 
  32 5 
  33 -3 
  33 3 
  -32 -2 
  -31 -5 
  -31 2 
  -31 5 
  -30 -5 
  -30 -1 
  -30 2 
  -29 -11 
  -29 -7 
  -29 8 
  -28 -14 
  -28 -10 
  -28 -6 
  -28 9 
  -28 10 
  -27 -11 
  -27 -4 
  -27 16 
  -26 1 
  -26 8 
  -26 9 
  -26 10 
  -26 17 
  -24 -16 
  -24 -2 
  -24 1 
  -24 8 
  -24 16 
  -24 19 
  -23 -18 
  -23 -11 
  -23 -2 
  -23 1 
  -23 20 
  -22 -21 
  -22 -14 
  -22 7 
  -22 12 
  -21 -23 
  -21 -13 
  -21 -9 
  -21 -5 
  -21 -4 
  -21 17 
  -20 -18 
  -20 -17 
  -20 -12 
  -20 -10 
  -20 -7 
  -20 21 
  -20 24 
  -19 -15 
  -19 -11 
  -19 -8 
  -19 -5 
  -19 6 
  -19 7 
  -19 9 
  -19 21 
  -18 -25 
  -18 -19 
  -18 -8 
  -18 -5 
  -18 -1 
  -18 12 
  -18 16 
  -17 -26 
  -17 -16 
  -17 -15 
  -17 -2 
  -17 12 
  -17 15 
  -17 18 
  -16 -22 
  -16 -21 
  -16 -20 
  -16 -19 
  -16 -10 
  -16 3 
  -16 4 
  -16 7 
  -16 20 
  -16 23 
  -16 26 
  -15 -10 
  -15 -9 
  -15 -5 
  -15 6 
  -15 12 
  -15 16 
  -15 21 
  -15 22 
  -14 -19 
  -14 -1 
  -14 17 
  -14 27 
  -13 -27 
  -13 -22 
  -13 -18 
  -13 -16 
  -13 -14 
  -13 -12 
  -13 -4 
  -13 -3 
  -13 -2 
  -13 8 
  -13 18 
  -13 23 
  -12 -24 
  -12 -19 
  -12 -16 
  -12 -13 
  -12 -9 
  -12 -7 
  -12 -4 
  -12 -2 
  -12 2 
  -12 11 
  -12 19 
  -12 21 
  -12 24 
  -11 -24 
  -11 -20 
  -11 -9 
  -11 -8 
  -11 -5 
  -11 -2 
  -11 8 
  -11 9 
  -11 10 
  -11 17 
  -11 26 
  -10 -29 
  -10 -19 
  -10 17 
  -10 19 
  -9 -29 
  -9 -23 
  -9 -21 
  -9 -16 
  -9 -11 
  -9 -10 
  -9 6 
  -9 16 
  -9 23 
  -9 26 
  -8 -2 
  -8 0 
  -8 1 
  -8 2 
  -8 4 
  -8 11 
  -8 16 
  -8 20 
  -7 -18 
  -7 -12 
  -7 -8 
  -7 -3 
  -7 1 
  -7 3 
  -7 8 
  -7 14 
  -7 18 
  -6 -23 
  -6 20 
  -5 -29 
  -5 -24 
  -5 -18 
  -5 -11 
  -5 -8 
  -5 -3 
  -5 1 
  -5 3 
  -5 16 
  -4 -30 
  -4 -25 
  -4 -19 
  -4 -5 
  -4 -4 
  -4 15 
  -4 24 
  -3 -31 
  -3 -17 
  -3 -15 
  -3 -12 
  -3 10 
  -3 27 
  -2 -25 
  -2 -24 
  -2 -21 
  -2 -14 
  -2 -10 
  -2 17 
  -2 23 
  -2 31 
  -1 -24 
  -1 -23 
  -1 -16 
  -1 -15 
  -1 -14 
  -1 -11 
  -1 -9 
  -1 -4 
  -1 -2 
  -1 11 
  -1 12 
  -1 13 
  -1 23 
  0 -19 
  0 -16 
  0 -10 
  0 8 
  0 11 
  0 16 
  0 17 
  0 27 
  1 -24 
  1 -8 
  1 4 
  1 22 
  1 23 
  1 29 
  2 -19 
  2 -15 
  2 -11 
  2 -5 
  2 1 
  2 12 
  2 23 
  2 28 
  3 -21 
  3 -16 
  3 -14 
  3 -13 
  3 -6 
  3 5 
  3 19 
  4 -31 
  4 -27 
  4 -18 
  4 -17 
  4 -13 
  4 -12 
  4 -5 
  4 4 
  4 9 
  4 29 
  5 -29 
  5 -28 
  5 -12 
  5 -7 
  5 -4 
  5 -2 
  5 9 
  5 19 
  5 21 
  5 23 
  5 31 
  6 -23 
  6 -21 
  6 2 
  6 17 
  7 -20 
  7 -12 
  7 -6 
  7 -1 
  7 12 
  7 23 
  8 -6 
  8 2 
  8 9 
  8 21 
  8 24 
  9 -20 
  9 17 
  10 -19 
  10 -11 
  10 3 
  10 6 
  11 -23 
  11 -14 
  11 -8 
  11 4 
  11 18 
  11 21 
  12 -23 
  12 1 
  12 17 
  12 18 
  12 20 
  13 -27 
  13 -11 
  13 1 
  13 2 
  14 -2 
  14 -1 
  14 0 
  14 7 
  14 19 
  14 22 
  14 24 
  14 27 
  15 -28 
  15 -27 
  15 -21 
  15 8 
  15 16 
  15 17 
  16 -23 
  16 -22 
  16 -10 
  16 -9 
  16 -3 
  16 20 
  17 -9 
  17 -7 
  17 -3 
  17 9 
  17 19 
  17 22 
  18 -16 
  18 -13 
  18 -11 
  18 -8 
  18 -3 
  18 12 
  18 18 
  18 24 
  19 -13 
  19 -9 
  19 -3 
  19 1 
  19 5 
  19 13 
  19 21 
  20 -24 
  20 -15 
  20 -6 
  20 -3 
  20 1 
  20 24 
  21 -24 
  21 -9 
  21 13 
  22 5 
  22 9 
  22 23 
  23 -20 
  23 -19 
  23 -11 
  23 -7 
  23 -6 
  23 0 
  23 3 
  23 4 
  24 -20 
  24 -8 
  24 -7 
  24 -6 
  24 6 
  24 8 
  24 17 
  24 21 
  25 -18 
  25 13 
  26 -7 
  26 -6 
  26 -1 
  26 9 
  26 18 
  27 -18 
  27 -12 
  27 -10 
  27 -6 
  27 -1 
  27 0 
  27 17 
  28 -16 
  28 -13 
  28 -11 
  28 -8 
  28 -4 
  28 -2 
  28 2 
  28 9 
  28 10 
  29 -4 
  29 -2 
  29 2 
  30 -12 
  30 -10 
  30 2 
  30 3 
  31 -9 
  31 -8 
  31 -7 
  31 -3 
  31 3 
  31 6 
  32 -8 
  32 -3 
  32 0 
  -32 -3 
  -32 3 
  -31 -6 
  -31 0 
  -31 6 
  -31 8 
  -30 1 
  -30 4 
  -29 -10 
  -29 -2 
  -29 0 
  -28 -13 
  -28 -12 
  -28 -11 
  -28 4 
  -27 -12 
  -27 -10 
  -27 1 
  -27 5 
  -26 -18 
  -26 -7 
  -26 -6 
  -26 15 
  -25 -19 
  -25 -3 
  -25 -2 
  -25 1 
  -25 2 
  -25 11 
  -25 12 
  -25 13 
  -24 -18 
  -24 -10 
  -24 -5 
  -24 12 
  -23 -19 
  -23 -16 
  -23 -10 
  -23 0 
  -23 7 
  -23 9 
  -23 21 
  -22 -15 
  -22 -11 
  -22 0 
  -22 14 
  -22 16 
  -22 18 
  -21 -15 
  -21 2 
  -21 12 
  -21 22 
  -20 -22 
  -20 -19 
  -20 -9 
  -20 5 
  -20 16 
  -19 -12 
  -19 -4 
  -19 1 
  -19 8 
  -19 11 
  -19 13 
  -19 14 
  -19 16 
  -19 25 
  -18 -13 
  -18 -11 
  -18 -10 
  -18 -4 
  -18 8 
  -18 19 
  -18 21 
  -17 -20 
  -17 -18 
  -17 -13 
  -17 -8 
  -17 -6 
  -17 -3 
  -17 3 
  -17 17 
  -16 -7 
  -16 -6 
  -16 2 
  -16 18 
  -16 19 
  -16 27 
  -15 -1 
  -15 3 
  -15 7 
  -15 8 
  -15 11 
  -15 15 
  -15 25 
  -14 -24 
  -14 -16 
  -14 -2 
  -14 2 
  -14 6 
  -14 9 
  -14 11 
  -13 -24 
  -13 -9 
  -13 -1 
  -13 9 
  -13 11 
  -13 20 
  -12 -29 
  -12 -23 
  -12 -21 
  -12 -15 
  -12 -14 
  -12 -6 
  -12 -5 
  -12 3 
  -12 17 
  -12 20 
  -11 -13 
  -11 -12 
  -11 2 
  -11 18 
  -11 22 
  -11 23 
  -11 25 
  -11 27 
  -10 -17 
  -10 -15 
  -10 -13 
  -10 -11 
  -10 -7 
  -10 9 
  -10 14 
  -10 27 
  -9 -28 
  -9 3 
  -9 11 
  -9 24 
  -8 -29 
  -8 -26 
  -8 -24 
  -8 -19 
  -8 -15 
  -8 -11 
  -8 -6 
  -8 14 
  -8 27 
  -8 30 
  -7 -5 
  -7 25 
  -6 -8 
  -6 7 
  -6 15 
  -6 16 
  -6 21 
  -6 24 
  -5 -21 
  -5 11 
  -5 13 
  -5 15 
  -5 30 
  -4 -16 
  -4 1 
  -4 20 
  -4 22 
  -4 29 
  -3 -28 
  -3 -18 
  -3 -11 
  -3 -5 
  -3 0 
  -3 11 
  -3 22 
  -3 23 
  -2 -19 
  -2 -12 
  -2 -8 
  -2 -7 
  -2 -2 
  -2 0 
  -2 2 
  -2 4 
  -2 13 
  -2 29 
  -1 -30 
  -1 -22 
  -1 7 
  0 -9 
  0 -6 
  0 -5 
  0 10 
  0 23 
  0 24 
  1 -31 
  1 -30 
  1 -22 
  1 -17 
  1 -6 
  1 8 
  1 12 
  1 24 
  2 -25 
  2 -24 
  2 -23 
  2 -3 
  2 4 
  2 24 
  3 -27 
  3 -22 
  3 -12 
  3 3 
  3 7 
  3 16 
  3 25 
  3 26 
  3 27 
  4 -30 
  4 -29 
  4 -21 
  4 -19 
  4 -16 
  4 3 
  4 12 
  4 14 
  4 16 
  4 31 
  5 -27 
  5 -25 
  5 -19 
  5 -17 
  5 -10 
  5 -5 
  5 0 
  5 4 
  5 8 
  6 -22 
  6 -14 
  6 -13 
  6 -1 
  6 9 
  6 28 
  7 -21 
  7 -19 
  7 -16 
  7 -14 
  7 -8 
  7 -7 
  7 1 
  7 8 
  7 10 
  7 11 
  7 15 
  7 17 
  7 24 
  7 29 
  8 -22 
  8 -20 
  8 -14 
  8 13 
  8 16 
  8 18 
  8 22 
  9 -22 
  9 -16 
  9 -13 
  9 -12 
  9 3 
  9 11 
  9 16 
  9 18 
  10 -24 
  10 -20 
  10 -9 
  10 8 
  10 14 
  10 15 
  10 17 
  10 25 
  10 28 
  10 30 
  11 -28 
  11 -22 
  11 -10 
  11 -5 
  11 22 
  11 23 
  12 -28 
  12 -16 
  12 -14 
  12 -2 
  12 2 
  12 3 
  12 8 
  12 11 
  12 12 
  12 15 
  12 16 
  12 24 
  13 -26 
  13 -22 
  13 -20 
  13 7 
  13 14 
  13 24 
  13 27 
  14 -24 
  14 -11 
  14 -8 
  14 -7 
  14 4 
  14 14 
  14 17 
  14 25 
  15 -17 
  15 -15 
  15 -12 
  15 13 
  15 18 
  15 19 
  16 -11 
  16 -7 
  16 -2 
  16 6 
  16 9 
  17 -25 
  17 -21 
  17 -15 
  17 -5 
  17 -1 
  17 23 
  18 -25 
  18 -23 
  18 -22 
  18 -12 
  18 -10 
  18 8 
  18 11 
  18 17 
  18 19 
  19 -25 
  19 -22 
  19 -16 
  19 -15 
  19 -2 
  19 0 
  19 3 
  19 8 
  19 18 
  19 19 
  19 20 
  19 24 
  20 -17 
  20 -11 
  20 -10 
  20 -7 
  20 2 
  20 21 
  20 25 
  21 -21 
  21 -5 
  21 -2 
  21 2 
  21 6 
  21 10 
  21 14 
  21 21 
  22 -21 
  22 -20 
  22 -4 
  22 2 
  22 3 
  22 14 
  22 15 
  22 17 
  22 18 
  22 22 
  23 -18 
  23 -14 
  23 8 
  24 -19 
  24 -15 
  24 -4 
  24 1 
  24 20 
  25 -12 
  25 -9 
  25 -8 
  25 -7 
  25 -3 
  25 -1 
  25 0 
  25 9 
  25 19 
  25 20 
  26 -3 
  26 0 
  27 7 
  27 18 
  28 -14 
  28 -9 
  28 -6 
  28 -1 
  29 -5 
  29 14 
  30 -9 
  30 -7 
  30 -4 
  30 -1 
  30 0 
  30 10 
  -31 -4 
  -30 -4 
  -30 0 
  -30 5 
  -29 -12 
  -29 -5 
  -29 5 
  -29 9 
  -28 -3 
  -28 11 
  -27 -2 
  -27 -1 
  -27 0 
  -27 2 
  -27 6 
  -27 13 
  -26 -15 
  -26 -14 
  -26 -13 
  -26 -2 
  -26 2 
  -26 14 
  -25 -6 
  -25 15 
  -25 16 
  -24 -14 
  -24 -8 
  -24 6 
  -24 14 
  -23 -9 
  -23 -8 
  -23 2 
  -23 14 
  -23 15 
  -23 16 
  -23 19 
  -22 -18 
  -22 -8 
  -22 3 
  -22 5 
  -22 22 
  -21 -18 
  -21 -16 
  -21 0 
  -21 1 
  -21 10 
  -20 -21 
  -20 0 
  -20 3 
  -20 9 
  -20 19 
  -19 -19 
  -19 -13 
  -19 -3 
  -19 0 
  -19 2 
  -18 -23 
  -18 -20 
  -18 -18 
  -18 0 
  -18 4 
  -18 13 
  -17 -5 
  -17 -1 
  -17 24 
  -16 -26 
  -16 -24 
  -16 -15 
  -16 -2 
  -16 11 
  -16 16 
  -16 25 
  -15 -21 
  -15 -20 
  -15 -17 
  -15 -6 
  -15 9 
  -15 20 
  -14 -20 
  -14 -12 
  -14 -5 
  -14 -4 
  -14 3 
  -14 13 
  -14 14 
  -13 -28 
  -13 -21 
  -13 -20 
  -13 -13 
  -13 -7 
  -13 12 
  -13 27 
  -13 28 
  -12 -11 
  -12 4 
  -12 8 
  -12 23 
  -12 29 
  -11 -29 
  -11 -16 
  -11 -10 
  -11 -1 
  -11 0 
  -11 3 
  -11 6 
  -11 15 
  -11 29 
  -10 -26 
  -10 -25 
  -10 -18 
  -10 -4 
  -10 2 
  -10 6 
  -10 7 
  -10 8 
  -10 20 
  -10 21 
  -10 25 
  -9 -6 
  -9 0 
  -9 5 
  -9 7 
  -9 14 
  -9 15 
  -8 -5 
  -8 -4 
  -8 3 
  -8 7 
  -8 9 
  -8 19 
  -8 23 
  -7 -28 
  -7 -24 
  -7 -22 
  -7 -11 
  -7 -9 
  -7 -7 
  -7 -4 
  -7 2 
  -7 6 
  -6 -29 
  -6 -28 
  -6 -26 
  -6 -19 
  -6 -11 
  -6 3 
  -6 4 
  -6 9 
  -6 12 
  -6 13 
  -6 22 
  -5 -28 
  -5 -22 
  -5 -16 
  -5 -12 
  -5 -10 
  -5 -7 
  -5 -4 
  -5 0 
  -5 2 
  -5 8 
  -5 10 
  -4 -29 
  -4 -23 
  -4 -21 
  -4 -12 
  -4 -8 
  -4 13 
  -4 17 
  -4 30 
  -3 -29 
  -3 -8 
  -3 -1 
  -3 5 
  -3 16 
  -2 -31 
  -2 -29 
  -2 -13 
  -2 -11 
  -2 -9 
  -2 -1 
  -2 10 
  -2 28 
  -2 30 
  -1 -25 
  -1 -20 
  -1 -12 
  -1 -1 
  -1 6 
  -1 29 
  0 -30 
  0 -25 
  0 -17 
  0 -13 
  0 -7 
  0 21 
  0 22 
  0 26 
  0 28 
  1 -29 
  1 -26 
  1 -25 
  1 -13 
  1 -7 
  1 2 
  1 11 
  1 13 
  1 17 
  1 18 
  1 19 
  1 20 
  1 21 
  1 25 
  1 27 
  1 31 
  2 -30 
  2 -8 
  2 -2 
  2 9 
  2 10 
  2 13 
  2 17 
  2 18 
  2 30 
  3 -26 
  3 -17 
  3 -9 
  3 9 
  3 10 
  3 30 
  3 31 
  4 -26 
  4 -25 
  4 -11 
  4 -10 
  4 2 
  4 5 
  4 13 
  4 24 
  4 27 
  5 -30 
  5 -26 
  5 -22 
  5 -3 
  5 -1 
  5 7 
  5 10 
  5 11 
  5 14 
  5 20 
  6 -30 
  6 -24 
  6 -17 
  6 -5 
  6 3 
  6 15 
  6 23 
  6 26 
  6 29 
  6 31 
  7 -29 
  7 -28 
  7 -18 
  7 -15 
  7 4 
  7 20 
  8 -29 
  8 -26 
  8 -15 
  8 -8 
  8 -3 
  8 4 
  8 8 
  8 10 
  8 19 
  8 27 
  9 -4 
  9 6 
  9 22 
  9 27 
  9 29 
  10 -29 
  10 -27 
  10 -21 
  10 -18 
  10 -13 
  10 -10 
  10 -6 
  10 -5 
  10 -3 
  10 2 
  10 7 
  10 11 
  10 20 
  10 23 
  10 24 
  11 -18 
  11 5 
  11 16 
  12 -10 
  12 22 
  12 26 
  12 28 
  13 -29 
  13 -19 
  13 -18 
  13 -17 
  13 -14 
  13 -10 
  13 -6 
  13 -4 
  13 10 
  13 11 
  13 12 
  13 15 
  13 18 
  13 19 
  14 -26 
  14 21 
  14 23 
  15 -22 
  15 -20 
  15 -3 
  15 4 
  15 7 
  15 15 
  15 24 
  15 26 
  16 -26 
  16 -20 
  16 -13 
  16 -4 
  16 2 
  16 11 
  16 14 
  16 17 
  16 25 
  17 -20 
  17 -16 
  17 -12 
  17 -11 
  17 -6 
  17 -2 
  17 14 
  17 21 
  18 -21 
  18 -2 
  18 15 
  18 16 
  18 21 
  19 -24 
  19 -21 
  19 -14 
  19 -12 
  19 -1 
  19 7 
  19 16 
  20 -25 
  20 -21 
  20 -18 
  20 -12 
  20 3 
  20 22 
  20 23 
  21 -23 
  21 -22 
  21 -13 
  21 -1 
  21 0 
  21 5 
  21 15 
  21 18 
  21 23 
  22 -14 
  22 -10 
  22 11 
  22 20 
  23 -17 
  23 -9 
  23 -1 
  23 1 
  23 7 
  23 9 
  23 12 
  23 13 
  23 14 
  23 15 
  23 16 
  23 19 
  24 -21 
  24 -13 
  24 -5 
  24 -3 
  24 -1 
  24 10 
  24 11 
  24 14 
  25 -20 
  25 -19 
  25 2 
  25 5 
  26 -19 
  26 1 
  26 6 
  26 11 
  26 12 
  26 17 
  27 -15 
  27 -7 
  27 -3 
  27 1 
  27 4 
  27 5 
  27 11 
  27 13 
  27 15 
  28 -5 
  28 0 
  28 6 
  28 11 
  28 13 
  28 14 
  29 -14 
  29 -11 
  29 8 
  29 10 
  29 11 
  30 -5 
  30 6 
  30 11 
  30 13 
  31 -4 
  31 -2 
  31 11 
  33 -1 
  33 2 ;
AreaPerTest 2.2896998936e+10;
DieOrigin 0.0000000000e+00 0.0000000000e+00;
WaferID "@14";
Slot 14;
SampleCenterLocation 2.9603470000e+03 1.4797880000e+03;
OrientationInstructions "";
InspectionTest 2;
AreaPerTest 2.2896998936e+10;
EndOfFile;
