FileVersion 1 2;
FileTimestamp 06-06-19 18:02:00;
InspectionStationID "NONE" "AIT" "ILS202";
SampleType WAFER;
ResultTimestamp 05-25-19 23:47:01;
LotID "195L45";
SampleSize 1 200;
DeviceID "SW73";
SetupID "SW73" 07-08-18 04:48:22;
StepID "3050ACMP";
SampleOrientationMarkType NOTCH;
OrientationMarkLocation DOWN;
DiePitch 2.9190770000e+03 3.0210530000e+03;
DieOrigin 0.0000000000e+00 0.0000000000e+00;
WaferID "@08";
Slot 8;
SampleCenterLocation 3.1090000000e+03 -1.4260000000e+03;
ClassLookup 74
  0 "Uncategorized"
  1 "Small PT"
  2 "Medium PT"
  3 "Large PT"
  4 "Polymer"
  5 "Flake PT"
  6 "Scratch"
  9 "Other Defect"
  10 "Other Residue"
  11 "Wet Residue"
  13 "W Residue"
  14 "PR Residue"
  15 "Liquid Mark"
  16 "Thread Defect"
  20 "Pits"
  22 "Pattern Deformed"
  23 "Defocus"
  24 "PR BUBBLE"
  25 "Crown Defect"
  27 "Bead Defect"
  30 "CMP Scratch"
  31 "Minor CMP Scratch"
  35 "Rip Out"
  40 "Protrusion"
  42 "Top Blocked"
  43 "Bottom Blocked"
  44 "Line broken"
  45 "Metal Corrosion"
  46 "Galvanic Corrosion"
  51 "PR Popping"
  52 "Salicide Bad"
  53 "STI Dimple"
  59 "W Void"
  60 "AA Dep PT"
  61 "GC Dep PT"
  62 "CVD Dep PT"
  63 "Metal Dep PT"
  73 "Cone Defect"
  74 "Metal Depression"
  77 "Underlayer"
  78 "NUISANCE/FALSE"
  79 "Metal Grain"
  80 "Don't Care/Minor"
  95 "Missing AI"
  99 "test2"
  100 "Cluster"
  101 "CU CMP Scratch"
  102 "CU Void"
  103 "2_PO Missing"
  104 "CU Pattern Open"
  105 "CU Remain"
  106 "Circle CU Remain"
  107 "CU CVD PT"
  108 "CU Eclips"
  109 "CU CMP Residue"
  110 "Minor CU CMP Scratch"
  111 "CMP PT"
  112 "CU SEAM PT"
  113 "CU Ox"
  114 "CU Pattern Open(Minor)"
  116 "1_PO Missing"
  117 "PAD Abnormality"
  150 "Guard Ring Circle Defect"
  151 "EBR Circle Defect"
  152 "PAD Hillock"
  153 "PAD Residue"
  154 "PAD Hole"
  155 "Color PR Residue"
  201 "Bin 1"
  202 "Bin 2"
  203 "Bin 3"
  204 "Bin 4"
  205 "Bin 5"
  206 "Bin 6"  ;
OrientationInstructions "";
InspectionTest 1;
SampleTestPlan 3195
  -31 -6 
  -31 2 
  -31 5 
  -30 -11 
  -30 4 
  -29 -8 
  -29 -7 
  -29 6 
  -29 10 
  -28 -2 
  -28 8 
  -28 9 
  -27 -5 
  -27 2 
  -26 -10 
  -26 2 
  -26 9 
  -26 12 
  -26 14 
  -26 15 
  -25 -20 
  -25 7 
  -25 14 
  -24 -7 
  -24 -5 
  -24 2 
  -24 4 
  -23 -14 
  -23 -5 
  -23 19 
  -22 -18 
  -22 -15 
  -22 -6 
  -22 2 
  -22 4 
  -22 11 
  -22 12 
  -22 13 
  -22 16 
  -21 -23 
  -21 -15 
  -21 -9 
  -21 -6 
  -21 3 
  -21 5 
  -21 8 
  -21 16 
  -20 -18 
  -20 -16 
  -20 -12 
  -20 -10 
  -20 1 
  -20 6 
  -20 15 
  -20 23 
  -19 -20 
  -19 -14 
  -19 1 
  -19 19 
  -18 -21 
  -18 -20 
  -18 -16 
  -18 22 
  -17 -15 
  -17 -13 
  -17 -10 
  -17 -4 
  -17 5 
  -17 18 
  -16 -22 
  -16 -20 
  -16 -6 
  -16 1 
  -16 7 
  -16 12 
  -16 15 
  -16 18 
  -16 21 
  -15 -27 
  -15 -20 
  -15 -15 
  -15 -5 
  -15 5 
  -15 7 
  -15 9 
  -15 10 
  -15 25 
  -14 -23 
  -14 -15 
  -14 -11 
  -14 1 
  -14 5 
  -14 8 
  -14 16 
  -14 21 
  -13 -29 
  -13 -27 
  -13 -15 
  -12 -17 
  -12 6 
  -12 10 
  -12 15 
  -12 17 
  -12 19 
  -11 -28 
  -11 -24 
  -11 7 
  -11 17 
  -11 28 
  -10 -23 
  -10 -22 
  -10 -19 
  -10 -10 
  -10 -1 
  -10 27 
  -9 -3 
  -9 13 
  -9 18 
  -9 21 
  -9 24 
  -8 -26 
  -8 -22 
  -8 -10 
  -8 -1 
  -8 3 
  -8 11 
  -8 21 
  -8 29 
  -7 -30 
  -7 -27 
  -7 -26 
  -7 -19 
  -7 1 
  -7 4 
  -6 -19 
  -6 3 
  -6 12 
  -6 14 
  -6 20 
  -6 21 
  -5 -19 
  -5 -13 
  -5 -10 
  -5 -4 
  -5 -2 
  -5 2 
  -5 17 
  -5 22 
  -4 -32 
  -4 -13 
  -4 -10 
  -4 -9 
  -4 -5 
  -4 4 
  -4 25 
  -3 -30 
  -3 -17 
  -3 4 
  -3 14 
  -3 18 
  -3 19 
  -3 22 
  -3 29 
  -2 -28 
  -2 -14 
  -2 1 
  -2 7 
  -2 11 
  -2 21 
  -2 24 
  -1 -26 
  -1 -20 
  -1 -4 
  -1 -2 
  -1 1 
  -1 14 
  -1 19 
  -1 22 
  -1 24 
  -1 25 
  0 -25 
  0 9 
  0 14 
  0 16 
  0 17 
  0 19 
  1 -22 
  1 9 
  1 13 
  1 24 
  2 -17 
  2 -9 
  2 -2 
  2 4 
  2 16 
  2 19 
  2 27 
  3 -30 
  3 -26 
  3 -25 
  3 -20 
  3 -10 
  3 -4 
  3 2 
  3 5 
  3 14 
  4 -28 
  4 -24 
  4 -15 
  4 -7 
  4 0 
  4 5 
  4 8 
  4 16 
  4 22 
  4 24 
  5 -29 
  5 -22 
  5 0 
  5 4 
  5 11 
  5 19 
  5 20 
  5 28 
  5 29 
  6 -30 
  6 -18 
  6 -5 
  6 -4 
  6 3 
  6 26 
  7 -12 
  7 11 
  7 18 
  7 24 
  7 25 
  8 -30 
  8 26 
  8 27 
  9 -25 
  9 7 
  9 14 
  10 -28 
  10 -25 
  10 -21 
  10 -17 
  10 -14 
  10 -7 
  10 0 
  10 11 
  10 18 
  10 19 
  10 21 
  11 -18 
  11 -14 
  11 -10 
  11 -4 
  11 -2 
  11 11 
  11 16 
  12 -26 
  12 -16 
  12 -5 
  12 4 
  12 7 
  12 18 
  12 19 
  13 -24 
  13 -17 
  13 -15 
  13 -11 
  13 -10 
  13 -6 
  13 -4 
  13 4 
  13 7 
  13 12 
  13 13 
  13 27 
  13 28 
  14 -29 
  14 -22 
  14 -9 
  14 -6 
  14 1 
  14 10 
  14 16 
  14 23 
  14 24 
  15 -28 
  15 -26 
  15 6 
  15 19 
  15 24 
  16 -16 
  16 -13 
  16 -2 
  16 9 
  16 12 
  17 -22 
  17 -14 
  17 -10 
  17 0 
  18 -26 
  18 -23 
  18 2 
  18 3 
  18 4 
  18 12 
  19 -16 
  19 -14 
  19 -12 
  19 -10 
  19 0 
  19 24 
  20 -14 
  20 -12 
  20 15 
  20 23 
  20 24 
  21 -17 
  21 -6 
  21 -5 
  21 0 
  21 20 
  22 -16 
  22 -12 
  22 -4 
  22 0 
  22 1 
  22 10 
  23 -17 
  23 -11 
  23 -3 
  23 3 
  23 5 
  23 8 
  23 10 
  23 15 
  23 16 
  24 -15 
  24 -14 
  24 -6 
  24 -2 
  24 7 
  24 15 
  24 19 
  25 -20 
  25 -18 
  25 -13 
  25 -3 
  25 19 
  26 -11 
  26 -1 
  26 0 
  26 8 
  27 -14 
  27 -4 
  27 11 
  27 17 
  28 -2 
  28 9 
  29 -6 
  29 6 
  30 -12 
  30 -8 
  30 -3 
  30 4 
  30 8 
  30 12 
  31 -10 
  31 4 
  31 8 
  32 -3 
  32 4 
  33 -3 
  -31 0 
  -31 3 
  -31 4 
  -30 -7 
  -30 -5 
  -30 1 
  -30 3 
  -29 -13 
  -29 -11 
  -29 -3 
  -29 -1 
  -29 3 
  -29 5 
  -29 9 
  -28 -9 
  -28 -3 
  -28 0 
  -28 5 
  -28 11 
  -27 -6 
  -27 4 
  -27 7 
  -27 8 
  -27 12 
  -27 14 
  -26 -18 
  -26 -13 
  -25 -15 
  -25 -14 
  -25 -3 
  -25 -2 
  -25 15 
  -25 17 
  -24 -21 
  -24 -18 
  -24 -6 
  -24 -2 
  -24 11 
  -24 13 
  -23 -17 
  -23 -10 
  -23 -1 
  -23 12 
  -23 17 
  -23 20 
  -22 -23 
  -22 -19 
  -22 -2 
  -22 10 
  -22 15 
  -21 -21 
  -21 -14 
  -21 -2 
  -21 0 
  -21 1 
  -21 6 
  -21 9 
  -21 14 
  -20 -24 
  -20 -4 
  -20 -3 
  -20 0 
  -20 3 
  -20 8 
  -20 11 
  -20 22 
  -19 -12 
  -19 -8 
  -19 3 
  -19 11 
  -19 21 
  -18 -17 
  -18 -9 
  -18 -7 
  -18 -5 
  -18 4 
  -17 -27 
  -17 7 
  -16 -19 
  -16 -14 
  -16 -13 
  -16 -9 
  -16 -8 
  -16 9 
  -15 -16 
  -15 -6 
  -15 -4 
  -15 0 
  -15 6 
  -15 23 
  -14 -28 
  -14 -18 
  -14 -10 
  -14 -3 
  -14 7 
  -14 9 
  -14 10 
  -14 15 
  -14 20 
  -13 -23 
  -13 -21 
  -13 -20 
  -13 -10 
  -13 -4 
  -13 1 
  -13 11 
  -13 13 
  -13 18 
  -13 19 
  -13 22 
  -12 -12 
  -12 -3 
  -12 22 
  -11 -16 
  -11 -9 
  -11 -8 
  -11 0 
  -11 10 
  -11 24 
  -11 26 
  -10 -30 
  -10 -29 
  -10 -25 
  -10 -24 
  -10 -14 
  -10 4 
  -10 8 
  -10 14 
  -9 -20 
  -9 -11 
  -9 10 
  -9 16 
  -9 19 
  -8 -30 
  -8 -29 
  -8 -23 
  -8 -21 
  -8 -9 
  -8 -5 
  -8 -3 
  -8 7 
  -8 10 
  -8 12 
  -8 17 
  -8 18 
  -8 24 
  -8 25 
  -7 -17 
  -7 -14 
  -7 -11 
  -7 -9 
  -7 -7 
  -7 6 
  -7 8 
  -7 11 
  -7 16 
  -7 29 
  -6 -15 
  -6 -1 
  -6 5 
  -6 24 
  -5 -32 
  -5 -30 
  -5 -28 
  -5 -20 
  -5 -17 
  -5 -16 
  -5 10 
  -5 16 
  -5 21 
  -5 28 
  -4 -29 
  -4 -24 
  -4 -21 
  -4 -15 
  -4 -14 
  -4 -3 
  -4 6 
  -4 7 
  -4 11 
  -4 18 
  -4 24 
  -4 29 
  -3 -19 
  -3 -16 
  -3 -13 
  -3 -10 
  -3 1 
  -3 10 
  -3 20 
  -2 -30 
  -2 -19 
  -2 -17 
  -2 -7 
  -2 -5 
  -2 2 
  -2 19 
  -2 25 
  -1 -19 
  -1 -17 
  -1 -15 
  -1 -14 
  -1 -11 
  -1 -7 
  -1 5 
  -1 6 
  -1 10 
  -1 11 
  -1 20 
  0 -15 
  0 -10 
  0 2 
  0 6 
  0 10 
  1 -21 
  1 -20 
  1 -18 
  1 -6 
  1 -5 
  1 -3 
  1 12 
  1 22 
  2 -30 
  2 -24 
  2 -6 
  2 -1 
  2 1 
  2 14 
  3 -32 
  3 -29 
  3 -8 
  3 -7 
  3 -6 
  3 12 
  3 15 
  3 21 
  4 -32 
  4 -31 
  4 -23 
  4 -21 
  4 -19 
  4 -11 
  4 -2 
  4 18 
  4 21 
  5 -32 
  5 -31 
  5 -26 
  5 -17 
  5 -16 
  5 -10 
  5 -8 
  5 -4 
  5 -1 
  5 1 
  5 3 
  5 9 
  5 24 
  5 25 
  5 26 
  6 -31 
  6 -13 
  6 -11 
  6 4 
  6 7 
  6 8 
  6 12 
  6 21 
  6 27 
  7 -31 
  7 -28 
  7 -14 
  7 -1 
  7 0 
  7 4 
  7 6 
  7 7 
  8 -25 
  8 -18 
  8 -10 
  8 -5 
  8 -4 
  8 5 
  8 12 
  8 20 
  9 -20 
  9 -15 
  9 0 
  9 3 
  9 11 
  9 16 
  9 20 
  9 27 
  10 -26 
  10 -22 
  10 4 
  10 24 
  11 -12 
  11 8 
  11 13 
  11 19 
  11 25 
  12 -18 
  12 -17 
  12 -6 
  12 -3 
  12 -1 
  12 3 
  12 8 
  13 -21 
  13 -16 
  13 -9 
  13 14 
  13 22 
  14 -13 
  14 -10 
  14 4 
  14 6 
  14 17 
  15 -25 
  15 -15 
  15 -13 
  15 -8 
  15 -7 
  15 -3 
  15 -2 
  15 0 
  15 10 
  15 13 
  15 14 
  15 26 
  15 27 
  16 -15 
  16 -8 
  16 -6 
  16 -3 
  16 2 
  16 3 
  16 16 
  16 23 
  17 -27 
  17 -23 
  17 -17 
  17 -15 
  17 -12 
  17 -8 
  17 -5 
  17 4 
  17 5 
  17 7 
  17 10 
  17 22 
  18 -16 
  18 -14 
  18 -9 
  18 -2 
  18 18 
  19 -13 
  19 -3 
  19 -1 
  19 7 
  19 12 
  19 15 
  20 -22 
  20 -5 
  20 1 
  20 5 
  20 16 
  20 19 
  20 20 
  21 -24 
  21 -22 
  21 -18 
  21 -13 
  21 -12 
  21 -3 
  21 6 
  21 10 
  21 13 
  21 18 
  22 -10 
  22 2 
  22 7 
  22 16 
  22 18 
  23 -7 
  23 -5 
  23 -4 
  23 20 
  24 -22 
  24 -11 
  24 -8 
  24 8 
  24 14 
  25 -19 
  25 -14 
  25 -5 
  25 -2 
  25 3 
  25 13 
  26 -16 
  26 -8 
  26 15 
  27 -11 
  27 4 
  27 8 
  27 12 
  27 13 
  28 -10 
  28 -4 
  28 0 
  28 12 
  29 14 
  30 -14 
  30 -10 
  30 -9 
  30 1 
  30 11 
  31 -9 
  31 -3 
  31 9 
  32 -9 
  33 2 
  -31 -7 
  -31 -2 
  -31 1 
  -30 -3 
  -30 -1 
  -29 -10 
  -29 -9 
  -29 4 
  -29 11 
  -28 -14 
  -28 -6 
  -27 -12 
  -27 3 
  -26 -16 
  -26 -12 
  -26 5 
  -25 -11 
  -25 -10 
  -25 -9 
  -25 -1 
  -25 3 
  -25 10 
  -24 -19 
  -24 -1 
  -24 0 
  -24 19 
  -23 -20 
  -23 -16 
  -23 -3 
  -23 1 
  -23 6 
  -22 -21 
  -22 -13 
  -22 17 
  -22 18 
  -21 -18 
  -21 -16 
  -21 -11 
  -21 -1 
  -21 11 
  -21 22 
  -20 -20 
  -20 -7 
  -20 2 
  -20 14 
  -20 16 
  -19 -25 
  -19 -23 
  -19 -19 
  -19 -4 
  -19 8 
  -19 14 
  -19 20 
  -18 -25 
  -18 0 
  -18 1 
  -18 7 
  -18 8 
  -18 10 
  -18 19 
  -17 -20 
  -17 -19 
  -17 4 
  -17 9 
  -17 23 
  -16 -27 
  -16 -3 
  -16 -2 
  -16 14 
  -16 19 
  -15 -14 
  -15 -10 
  -15 3 
  -15 11 
  -15 18 
  -14 -13 
  -14 0 
  -14 6 
  -14 13 
  -14 18 
  -14 25 
  -13 -25 
  -13 -16 
  -13 -8 
  -13 3 
  -13 4 
  -13 14 
  -12 -15 
  -12 1 
  -12 5 
  -12 8 
  -12 9 
  -12 12 
  -12 18 
  -12 21 
  -11 -19 
  -11 -17 
  -11 -13 
  -11 2 
  -11 4 
  -11 5 
  -11 19 
  -10 -17 
  -10 -16 
  -10 -13 
  -10 7 
  -10 9 
  -10 13 
  -10 15 
  -10 18 
  -10 21 
  -10 24 
  -9 -27 
  -9 -26 
  -9 -18 
  -9 -12 
  -9 -2 
  -9 4 
  -9 6 
  -9 7 
  -9 12 
  -9 28 
  -8 -28 
  -8 -16 
  -8 2 
  -8 4 
  -8 8 
  -8 9 
  -8 19 
  -7 -29 
  -7 -25 
  -7 -18 
  -7 -10 
  -7 -4 
  -7 21 
  -6 -30 
  -6 -28 
  -6 -20 
  -6 -18 
  -6 -12 
  -6 -7 
  -6 9 
  -6 10 
  -6 25 
  -5 -27 
  -5 -18 
  -5 -12 
  -5 5 
  -5 12 
  -5 13 
  -5 15 
  -4 -30 
  -4 -23 
  -4 -20 
  -4 2 
  -4 10 
  -4 12 
  -4 14 
  -3 -24 
  -3 -23 
  -3 -1 
  -3 0 
  -3 5 
  -3 28 
  -2 -32 
  -2 -27 
  -2 -23 
  -2 -15 
  -2 -13 
  -2 -8 
  -2 -6 
  -2 -2 
  -2 8 
  -2 13 
  -2 14 
  -2 27 
  -1 -31 
  -1 -29 
  -1 -27 
  -1 -23 
  -1 -9 
  -1 0 
  -1 4 
  -1 16 
  -1 26 
  -1 27 
  -1 28 
  -1 29 
  0 -12 
  0 -11 
  0 3 
  0 4 
  1 -16 
  1 -15 
  1 1 
  1 5 
  1 29 
  2 -16 
  2 3 
  2 6 
  2 9 
  2 10 
  2 12 
  2 13 
  3 -31 
  3 -21 
  3 -15 
  3 7 
  3 8 
  3 18 
  3 19 
  3 25 
  3 27 
  3 28 
  4 -25 
  4 -18 
  4 -5 
  4 -3 
  4 -1 
  4 3 
  4 11 
  4 13 
  4 19 
  5 -6 
  5 14 
  5 22 
  5 27 
  6 -20 
  6 -14 
  6 2 
  6 10 
  6 11 
  6 13 
  6 16 
  6 17 
  6 19 
  6 24 
  7 -30 
  7 -26 
  7 -19 
  7 -2 
  7 3 
  7 9 
  7 10 
  7 15 
  7 19 
  7 23 
  7 26 
  8 -26 
  8 -16 
  8 -15 
  8 -14 
  8 -12 
  8 -9 
  8 -8 
  8 -7 
  8 -6 
  8 -3 
  8 -2 
  8 2 
  8 6 
  8 14 
  8 17 
  8 21 
  8 22 
  9 -27 
  9 -22 
  9 -17 
  9 -1 
  9 2 
  9 5 
  9 26 
  10 -30 
  10 -29 
  10 -27 
  10 -20 
  10 -4 
  10 8 
  10 13 
  10 15 
  10 25 
  11 -29 
  11 -19 
  11 -8 
  11 2 
  11 5 
  11 14 
  11 20 
  12 -23 
  12 -11 
  12 12 
  12 13 
  12 15 
  12 16 
  12 22 
  12 28 
  13 -22 
  13 -19 
  13 2 
  13 5 
  13 6 
  13 16 
  13 18 
  13 21 
  13 24 
  14 -27 
  14 -12 
  14 -11 
  14 -5 
  14 0 
  14 3 
  14 5 
  14 9 
  14 13 
  14 19 
  14 22 
  14 26 
  15 -22 
  15 -21 
  15 -20 
  15 -9 
  15 -6 
  15 23 
  16 -20 
  16 -12 
  16 -10 
  16 4 
  16 5 
  16 18 
  16 24 
  16 25 
  17 -4 
  17 2 
  17 13 
  18 -27 
  18 -19 
  18 -17 
  18 -13 
  18 -7 
  18 -6 
  18 9 
  18 16 
  18 20 
  19 -19 
  19 -9 
  19 -6 
  19 -4 
  19 1 
  19 3 
  19 4 
  19 9 
  19 16 
  19 17 
  19 19 
  19 21 
  19 22 
  20 0 
  20 10 
  20 11 
  20 18 
  21 -9 
  21 12 
  21 15 
  21 22 
  21 23 
  22 -20 
  22 -19 
  22 -15 
  23 -22 
  23 -19 
  23 -13 
  23 -10 
  23 -8 
  23 4 
  23 9 
  23 17 
  24 -12 
  24 -9 
  24 -3 
  24 2 
  24 4 
  24 9 
  24 10 
  24 20 
  25 -21 
  25 -16 
  25 -12 
  25 -4 
  25 -1 
  25 0 
  25 5 
  25 6 
  25 8 
  25 14 
  26 -20 
  26 -15 
  26 -10 
  26 5 
  26 6 
  26 13 
  26 17 
  27 -18 
  27 -10 
  27 -5 
  27 5 
  28 -11 
  28 -9 
  28 -3 
  28 1 
  29 1 
  29 3 
  29 11 
  29 12 
  29 13 
  30 -13 
  30 -5 
  30 3 
  30 5 
  30 10 
  31 -12 
  31 -2 
  31 1 
  31 7 
  31 10 
  32 -1 
  32 6 
  33 -2 
  33 1 
  -31 -3 
  -31 -1 
  -30 -6 
  -29 -6 
  -29 7 
  -28 -12 
  -28 -5 
  -28 2 
  -28 7 
  -28 13 
  -27 -14 
  -27 -2 
  -27 1 
  -27 6 
  -27 11 
  -26 -6 
  -26 -4 
  -26 -3 
  -26 -1 
  -26 8 
  -26 11 
  -25 -5 
  -25 0 
  -25 1 
  -25 6 
  -25 11 
  -24 -15 
  -24 18 
  -23 -18 
  -23 -11 
  -23 7 
  -23 14 
  -23 16 
  -22 -17 
  -22 -14 
  -22 -11 
  -22 -7 
  -22 1 
  -22 8 
  -22 14 
  -21 -20 
  -21 -13 
  -21 17 
  -21 18 
  -20 -14 
  -20 -13 
  -20 5 
  -19 -21 
  -19 -9 
  -19 -7 
  -19 -6 
  -19 -3 
  -19 16 
  -19 18 
  -18 -11 
  -18 -10 
  -18 -8 
  -18 -6 
  -18 -4 
  -18 5 
  -18 13 
  -18 14 
  -17 -26 
  -17 -17 
  -17 -9 
  -17 -3 
  -17 3 
  -17 6 
  -17 12 
  -17 15 
  -16 -16 
  -16 -7 
  -16 -4 
  -16 -1 
  -16 11 
  -16 13 
  -16 23 
  -15 -24 
  -15 -21 
  -15 -19 
  -15 -18 
  -15 -9 
  -15 -7 
  -15 1 
  -15 17 
  -15 24 
  -14 -25 
  -14 -17 
  -14 -16 
  -14 19 
  -13 -28 
  -13 -26 
  -13 -19 
  -13 -13 
  -13 -5 
  -13 0 
  -13 2 
  -13 17 
  -13 25 
  -13 27 
  -12 -26 
  -12 -25 
  -12 -24 
  -12 -21 
  -12 -19 
  -12 -13 
  -12 -7 
  -12 -5 
  -12 -1 
  -12 13 
  -12 16 
  -12 23 
  -12 25 
  -11 -29 
  -11 -25 
  -11 -7 
  -11 -3 
  -11 1 
  -11 18 
  -11 21 
  -10 -28 
  -10 -27 
  -10 -26 
  -10 -11 
  -10 -5 
  -10 -2 
  -10 2 
  -10 11 
  -10 12 
  -10 23 
  -10 25 
  -10 26 
  -9 -25 
  -9 -24 
  -9 -22 
  -9 -21 
  -9 -7 
  -9 -4 
  -9 1 
  -9 11 
  -9 25 
  -8 -14 
  -8 -13 
  -8 -8 
  -8 0 
  -8 1 
  -8 5 
  -8 14 
  -8 28 
  -7 -23 
  -7 -15 
  -7 -12 
  -7 3 
  -7 19 
  -7 23 
  -7 25 
  -7 26 
  -6 -31 
  -6 -23 
  -6 4 
  -6 8 
  -5 -21 
  -5 -5 
  -5 0 
  -5 7 
  -5 9 
  -5 18 
  -5 20 
  -4 -18 
  -4 -4 
  -4 -2 
  -4 0 
  -4 3 
  -4 8 
  -4 22 
  -3 -12 
  -3 -7 
  -3 11 
  -3 21 
  -3 23 
  -3 24 
  -3 25 
  -2 -29 
  -2 -26 
  -2 -10 
  -2 -9 
  -2 -3 
  -2 -1 
  -2 26 
  -1 -24 
  -1 -22 
  -1 -21 
  -1 -13 
  -1 23 
  0 -27 
  0 -16 
  0 8 
  0 15 
  0 20 
  1 -32 
  1 -31 
  1 -29 
  1 -24 
  1 -23 
  1 -17 
  1 -2 
  1 3 
  1 7 
  1 19 
  1 21 
  2 -32 
  2 -27 
  2 -26 
  2 -20 
  2 -18 
  2 -12 
  2 -10 
  2 -5 
  2 7 
  2 21 
  2 25 
  3 -19 
  3 -17 
  3 -9 
  3 -2 
  3 1 
  3 10 
  3 22 
  3 26 
  4 -16 
  4 -12 
  4 -10 
  4 2 
  4 14 
  5 -30 
  5 -14 
  5 -13 
  5 -9 
  5 -7 
  6 -16 
  6 0 
  6 6 
  6 14 
  6 28 
  7 -8 
  7 1 
  7 2 
  7 21 
  8 -23 
  8 -20 
  8 9 
  8 18 
  8 24 
  8 28 
  9 -29 
  9 -26 
  9 -24 
  9 -21 
  9 -12 
  9 -8 
  9 -5 
  9 1 
  9 12 
  9 15 
  9 21 
  9 23 
  10 -9 
  10 -3 
  10 2 
  10 22 
  10 27 
  11 -13 
  11 -11 
  11 -6 
  11 1 
  11 6 
  11 21 
  11 23 
  11 27 
  12 -27 
  12 -9 
  12 0 
  12 10 
  12 24 
  13 -27 
  13 -25 
  13 -5 
  13 -1 
  13 8 
  13 9 
  13 10 
  13 11 
  13 19 
  13 20 
  14 -25 
  14 -19 
  14 -14 
  14 -7 
  14 -3 
  14 2 
  15 -10 
  15 1 
  15 4 
  16 -27 
  16 -25 
  16 -14 
  16 -1 
  16 6 
  16 15 
  16 17 
  17 -25 
  17 -21 
  17 -1 
  17 8 
  17 11 
  17 17 
  17 20 
  17 25 
  18 -15 
  18 -12 
  18 -3 
  18 5 
  18 8 
  18 13 
  18 21 
  19 -23 
  19 -22 
  19 -21 
  19 -17 
  19 5 
  19 6 
  19 18 
  19 23 
  20 -25 
  20 -21 
  20 -20 
  20 -18 
  20 -16 
  20 -15 
  20 -10 
  20 -7 
  20 -3 
  20 4 
  21 -20 
  21 -15 
  21 2 
  21 5 
  21 7 
  21 8 
  21 19 
  22 -22 
  22 -11 
  22 17 
  23 -23 
  23 -20 
  23 -9 
  23 -1 
  23 2 
  23 6 
  23 11 
  23 13 
  23 14 
  24 -21 
  24 -16 
  24 -7 
  24 -5 
  24 0 
  24 3 
  24 6 
  24 11 
  24 16 
  24 17 
  25 -11 
  25 -6 
  25 2 
  25 11 
  25 15 
  26 -9 
  26 -7 
  26 -6 
  26 12 
  26 18 
  27 -15 
  27 9 
  27 15 
  28 -17 
  28 -15 
  28 -7 
  28 4 
  28 8 
  28 14 
  29 -15 
  29 -5 
  29 -1 
  29 4 
  30 -11 
  30 -1 
  30 0 
  30 9 
  31 -11 
  31 2 
  32 -8 
  32 -4 
  32 1 
  32 3 
  32 5 
  33 -1 
  -30 -10 
  -30 -9 
  -29 -12 
  -29 2 
  -28 12 
  -27 -16 
  -27 -11 
  -27 -7 
  -27 5 
  -27 9 
  -27 13 
  -27 15 
  -26 -11 
  -26 7 
  -25 -6 
  -25 4 
  -25 12 
  -25 18 
  -24 -20 
  -24 -17 
  -24 -12 
  -24 12 
  -24 17 
  -23 -13 
  -23 -9 
  -23 -6 
  -23 0 
  -23 4 
  -22 -1 
  -22 5 
  -21 -24 
  -21 -22 
  -21 -10 
  -21 -8 
  -21 4 
  -21 12 
  -21 21 
  -20 -22 
  -20 -2 
  -20 -1 
  -20 12 
  -20 21 
  -19 -24 
  -19 0 
  -19 4 
  -19 5 
  -19 9 
  -19 10 
  -19 17 
  -18 -23 
  -18 -18 
  -18 3 
  -18 18 
  -17 -21 
  -17 -16 
  -17 -12 
  -17 -11 
  -17 16 
  -17 19 
  -17 20 
  -17 22 
  -16 -26 
  -16 -24 
  -16 -17 
  -16 -15 
  -16 -12 
  -16 2 
  -16 3 
  -16 4 
  -16 8 
  -16 10 
  -15 -26 
  -15 -22 
  -15 -12 
  -15 -11 
  -15 20 
  -15 21 
  -15 26 
  -14 -24 
  -14 -8 
  -14 -6 
  -14 -5 
  -14 -2 
  -14 22 
  -14 24 
  -13 -18 
  -13 -17 
  -13 -14 
  -13 5 
  -13 15 
  -13 20 
  -13 23 
  -12 -27 
  -12 -22 
  -12 -16 
  -12 0 
  -12 24 
  -11 -30 
  -11 -27 
  -11 -21 
  -11 -18 
  -11 -2 
  -11 6 
  -11 12 
  -11 20 
  -11 23 
  -10 -21 
  -10 -9 
  -10 -8 
  -10 -6 
  -10 1 
  -10 16 
  -9 -17 
  -9 -15 
  -9 -10 
  -9 -1 
  -9 0 
  -9 2 
  -9 3 
  -9 23 
  -9 27 
  -8 -25 
  -8 -4 
  -8 22 
  -7 -20 
  -7 -13 
  -7 -3 
  -7 5 
  -7 12 
  -7 17 
  -7 18 
  -7 28 
  -6 -17 
  -6 -14 
  -6 -13 
  -6 -8 
  -6 -4 
  -6 -3 
  -6 15 
  -6 17 
  -6 28 
  -6 29 
  -5 -31 
  -5 -23 
  -5 -15 
  -5 -8 
  -5 3 
  -5 24 
  -5 29 
  -4 -8 
  -4 5 
  -4 13 
  -3 -25 
  -3 -22 
  -3 -20 
  -3 -11 
  -3 -9 
  -3 -6 
  -3 -3 
  -3 2 
  -3 3 
  -3 6 
  -2 -24 
  -2 -12 
  -2 -11 
  -2 3 
  -2 4 
  -2 5 
  -2 6 
  -2 16 
  -2 18 
  -2 22 
  -1 -25 
  -1 -18 
  -1 -16 
  -1 15 
  0 -26 
  0 -20 
  0 -19 
  0 -9 
  0 12 
  0 18 
  0 25 
  1 -30 
  1 -28 
  1 -27 
  1 -13 
  1 -11 
  1 -7 
  1 -4 
  1 10 
  1 15 
  1 17 
  1 23 
  2 -31 
  2 -14 
  2 0 
  2 8 
  2 20 
  2 22 
  3 -16 
  3 -13 
  3 -5 
  3 0 
  3 6 
  3 11 
  3 16 
  3 17 
  3 20 
  3 24 
  3 29 
  4 -30 
  4 -29 
  4 -27 
  4 -26 
  4 6 
  4 9 
  4 17 
  4 23 
  4 27 
  4 28 
  5 -25 
  5 -18 
  5 -11 
  5 -3 
  5 7 
  5 15 
  5 16 
  5 18 
  5 21 
  6 -24 
  6 -17 
  6 -10 
  6 1 
  7 -29 
  7 -23 
  7 -22 
  7 -16 
  7 -11 
  7 13 
  7 20 
  7 22 
  7 27 
  8 -31 
  8 -28 
  8 -21 
  8 7 
  8 10 
  9 -30 
  9 -19 
  9 25 
  10 -31 
  10 -23 
  10 -19 
  10 -13 
  10 -5 
  10 5 
  10 14 
  11 -26 
  11 -24 
  11 -16 
  11 -15 
  11 3 
  12 -30 
  12 -28 
  12 -21 
  12 20 
  12 23 
  13 -28 
  13 -18 
  13 -14 
  13 -12 
  13 -7 
  13 -2 
  13 3 
  14 -4 
  14 8 
  14 12 
  14 14 
  15 -29 
  15 -14 
  15 3 
  15 5 
  15 9 
  15 20 
  16 -26 
  16 -22 
  16 -21 
  16 -19 
  16 -9 
  16 1 
  16 13 
  16 22 
  16 26 
  17 -13 
  17 -11 
  17 -9 
  17 3 
  17 6 
  18 -25 
  18 -11 
  18 -10 
  18 -1 
  18 6 
  18 14 
  18 19 
  18 22 
  18 25 
  19 -25 
  19 -20 
  19 -18 
  19 -5 
  19 -2 
  19 11 
  19 20 
  20 -24 
  20 -23 
  20 -17 
  20 -13 
  20 -4 
  20 -2 
  20 7 
  20 9 
  20 12 
  20 13 
  20 21 
  21 -23 
  21 -1 
  21 11 
  21 14 
  21 17 
  21 21 
  22 -18 
  22 -17 
  22 -14 
  22 -8 
  22 -5 
  22 -2 
  22 -1 
  22 11 
  22 12 
  22 14 
  22 20 
  23 -18 
  23 -14 
  23 -12 
  23 7 
  24 -19 
  24 -18 
  24 -17 
  24 -4 
  24 5 
  25 -15 
  25 7 
  25 16 
  25 17 
  26 -19 
  26 -18 
  26 -3 
  26 14 
  27 -19 
  27 -17 
  27 -12 
  27 -9 
  27 -1 
  27 7 
  27 16 
  28 -16 
  28 -13 
  29 -11 
  29 -3 
  29 0 
  29 9 
  30 -6 
  30 -2 
  31 0 
  31 6 
  32 -6 
  32 7 
  33 0 
  -30 -4 
  -30 -2 
  -30 8 
  -29 -2 
  -29 0 
  -28 -13 
  -28 -10 
  -28 -1 
  -28 1 
  -28 6 
  -28 10 
  -27 -9 
  -27 10 
  -26 -17 
  -26 3 
  -26 4 
  -26 6 
  -26 10 
  -25 -8 
  -25 -7 
  -25 -4 
  -25 5 
  -25 16 
  -24 -13 
  -24 -10 
  -24 -4 
  -24 -3 
  -24 3 
  -24 10 
  -24 16 
  -23 -15 
  -23 -8 
  -23 5 
  -23 10 
  -23 13 
  -23 15 
  -23 18 
  -22 -22 
  -22 -12 
  -22 -5 
  -22 -4 
  -22 -3 
  -22 3 
  -22 9 
  -22 20 
  -22 21 
  -21 -12 
  -21 -5 
  -21 20 
  -20 -21 
  -20 -19 
  -20 -15 
  -20 -8 
  -20 -6 
  -20 7 
  -20 9 
  -20 10 
  -20 13 
  -20 17 
  -19 -18 
  -19 7 
  -19 12 
  -19 13 
  -19 22 
  -18 -22 
  -18 -12 
  -18 -2 
  -18 6 
  -18 9 
  -18 12 
  -18 21 
  -17 -22 
  -17 -14 
  -17 -8 
  -17 -7 
  -17 -6 
  -17 0 
  -17 1 
  -17 8 
  -17 11 
  -17 13 
  -17 24 
  -16 -21 
  -16 -10 
  -16 0 
  -16 16 
  -16 22 
  -16 25 
  -15 -25 
  -15 13 
  -15 14 
  -15 15 
  -15 16 
  -15 19 
  -14 -9 
  -14 -4 
  -14 -1 
  -14 2 
  -14 3 
  -14 12 
  -14 14 
  -13 6 
  -13 7 
  -13 16 
  -13 21 
  -12 -28 
  -12 -14 
  -12 -6 
  -12 2 
  -12 3 
  -12 11 
  -11 -20 
  -11 -15 
  -11 -12 
  -11 3 
  -11 14 
  -11 15 
  -10 -15 
  -10 -12 
  -10 -7 
  -10 -4 
  -10 0 
  -10 5 
  -10 19 
  -10 28 
  -9 -28 
  -9 -9 
  -9 -8 
  -9 8 
  -9 9 
  -9 14 
  -9 22 
  -9 29 
  -8 -19 
  -8 -2 
  -8 23 
  -8 27 
  -7 -28 
  -7 -24 
  -7 9 
  -7 13 
  -7 14 
  -6 -29 
  -6 -26 
  -6 -25 
  -6 -5 
  -6 1 
  -6 2 
  -6 6 
  -6 11 
  -6 16 
  -6 19 
  -5 -29 
  -5 -26 
  -5 -14 
  -5 4 
  -5 6 
  -5 14 
  -5 25 
  -4 -28 
  -4 -26 
  -4 -25 
  -4 -17 
  -4 -12 
  -4 -1 
  -4 15 
  -4 16 
  -4 19 
  -4 20 
  -4 21 
  -4 27 
  -3 -31 
  -3 -29 
  -3 -26 
  -3 -21 
  -3 -14 
  -3 8 
  -3 9 
  -2 -22 
  -2 -18 
  -2 0 
  -2 9 
  -2 29 
  -1 -32 
  -1 2 
  -1 3 
  -1 7 
  -1 8 
  -1 17 
  0 -31 
  0 -30 
  0 -29 
  0 -23 
  0 -18 
  0 -13 
  0 -5 
  0 -4 
  0 1 
  0 7 
  0 11 
  0 13 
  0 24 
  0 28 
  0 29 
  1 -12 
  1 -10 
  1 -1 
  1 6 
  1 8 
  1 14 
  1 16 
  1 18 
  1 27 
  2 -28 
  2 -21 
  2 -19 
  2 -13 
  2 -8 
  2 2 
  2 11 
  2 23 
  2 24 
  2 28 
  2 29 
  3 -24 
  3 -18 
  3 -11 
  4 -8 
  4 12 
  4 15 
  5 -24 
  5 -15 
  5 2 
  5 5 
  5 6 
  5 17 
  5 23 
  6 -28 
  6 -27 
  6 -25 
  6 -23 
  6 -15 
  6 -9 
  6 -8 
  6 -7 
  6 -2 
  6 5 
  6 9 
  6 18 
  6 20 
  6 23 
  6 29 
  7 -25 
  7 -18 
  7 -6 
  7 -5 
  7 -4 
  7 -3 
  7 17 
  8 -29 
  8 -27 
  8 -19 
  8 -13 
  8 -1 
  8 8 
  8 11 
  8 19 
  9 -16 
  9 -11 
  9 -7 
  9 -6 
  9 6 
  9 18 
  9 19 
  9 29 
  10 3 
  10 7 
  10 12 
  10 16 
  10 17 
  11 -27 
  11 -22 
  11 -5 
  11 -3 
  11 -1 
  11 0 
  11 10 
  11 24 
  11 28 
  12 -29 
  12 -25 
  12 -20 
  12 -15 
  12 -10 
  12 -2 
  12 2 
  12 9 
  13 -30 
  13 -29 
  13 1 
  13 23 
  13 25 
  14 -26 
  14 -18 
  14 -8 
  14 15 
  14 25 
  14 27 
  15 -24 
  15 -17 
  15 -1 
  15 2 
  15 7 
  15 15 
  15 21 
  16 -28 
  16 -24 
  16 -18 
  16 -4 
  16 0 
  16 7 
  16 8 
  16 10 
  16 11 
  16 14 
  17 -26 
  17 -24 
  17 -20 
  17 -6 
  17 19 
  18 -21 
  18 -4 
  18 0 
  18 1 
  18 7 
  19 2 
  19 10 
  20 -19 
  20 -8 
  20 -1 
  20 3 
  20 22 
  21 -11 
  21 -10 
  21 -8 
  21 -7 
  21 9 
  21 16 
  22 -24 
  22 -3 
  22 21 
  23 -6 
  23 1 
  23 21 
  24 -20 
  24 -13 
  24 -10 
  24 13 
  25 -10 
  25 9 
  25 10 
  26 -14 
  26 -4 
  26 -2 
  26 1 
  26 2 
  26 10 
  26 11 
  27 -8 
  27 -7 
  27 -6 
  28 -1 
  28 2 
  28 5 
  28 11 
  28 15 
  29 -12 
  29 -10 
  29 -8 
  29 -4 
  29 2 
  30 -4 
  30 2 
  31 5 
  32 -5 
  32 0 
  33 -4 
  -31 -5 
  -30 -8 
  -30 0 
  -30 5 
  -30 6 
  -30 7 
  -29 -5 
  -29 -4 
  -29 1 
  -29 8 
  -28 -15 
  -28 -11 
  -28 -7 
  -28 4 
  -27 -15 
  -27 -8 
  -27 0 
  -26 -15 
  -26 -8 
  -26 0 
  -26 1 
  -25 -19 
  -25 -13 
  -25 2 
  -25 13 
  -24 -16 
  -24 -14 
  -24 -11 
  -24 8 
  -24 14 
  -24 15 
  -23 -19 
  -23 -12 
  -23 -7 
  -23 -4 
  -23 2 
  -23 3 
  -23 8 
  -23 11 
  -22 -16 
  -22 -10 
  -22 -9 
  -22 0 
  -22 19 
  -21 -19 
  -21 -17 
  -21 2 
  -20 -23 
  -20 -17 
  -20 -5 
  -20 18 
  -20 20 
  -19 -10 
  -19 -2 
  -19 -1 
  -19 2 
  -19 6 
  -19 15 
  -18 -14 
  -18 -13 
  -18 -1 
  -18 15 
  -18 16 
  -18 20 
  -18 23 
  -18 24 
  -17 -25 
  -17 -2 
  -17 17 
  -16 -25 
  -16 -18 
  -16 5 
  -16 17 
  -16 20 
  -16 24 
  -15 -28 
  -15 -23 
  -15 -13 
  -15 -8 
  -15 -1 
  -15 2 
  -15 4 
  -15 8 
  -15 12 
  -15 22 
  -14 -27 
  -14 -22 
  -14 -20 
  -14 -19 
  -14 -12 
  -14 11 
  -14 23 
  -13 -22 
  -13 -11 
  -13 -9 
  -13 -6 
  -13 -3 
  -13 -2 
  -13 9 
  -13 10 
  -13 24 
  -13 26 
  -12 -29 
  -12 -20 
  -12 -18 
  -12 -9 
  -12 -4 
  -12 4 
  -12 20 
  -12 26 
  -12 27 
  -11 -23 
  -11 -22 
  -11 -14 
  -11 -11 
  -11 -4 
  -11 -1 
  -11 8 
  -11 9 
  -11 11 
  -11 13 
  -11 22 
  -11 25 
  -11 27 
  -10 -20 
  -10 -18 
  -10 -3 
  -10 6 
  -10 10 
  -10 17 
  -10 20 
  -9 -31 
  -9 -30 
  -9 -19 
  -9 -16 
  -9 -14 
  -9 -6 
  -9 5 
  -9 15 
  -9 26 
  -8 -31 
  -8 -27 
  -8 -24 
  -8 -18 
  -8 -15 
  -8 -11 
  -8 15 
  -8 16 
  -8 20 
  -7 -22 
  -7 -8 
  -7 -1 
  -7 0 
  -7 10 
  -7 22 
  -7 27 
  -6 -27 
  -6 -22 
  -6 -21 
  -6 -11 
  -6 -6 
  -6 0 
  -6 7 
  -6 13 
  -6 18 
  -6 22 
  -6 23 
  -6 26 
  -5 -25 
  -5 -9 
  -5 -6 
  -5 1 
  -5 8 
  -5 11 
  -5 19 
  -5 23 
  -4 -27 
  -4 -11 
  -4 -7 
  -4 -6 
  -4 9 
  -4 23 
  -4 28 
  -3 -28 
  -3 -27 
  -3 -15 
  -3 7 
  -3 12 
  -3 13 
  -3 17 
  -3 27 
  -2 -31 
  -2 -21 
  -2 -4 
  -2 10 
  -2 12 
  -2 17 
  -2 20 
  -1 -8 
  -1 -6 
  -1 -3 
  -1 12 
  -1 13 
  -1 21 
  0 -32 
  0 -28 
  0 -24 
  0 -21 
  0 -17 
  0 -14 
  0 -8 
  0 -6 
  0 -2 
  0 -1 
  0 0 
  0 5 
  0 22 
  0 27 
  1 -26 
  1 -25 
  1 -19 
  1 0 
  1 2 
  1 4 
  1 11 
  1 25 
  2 -29 
  2 -22 
  2 -15 
  2 -11 
  2 -7 
  2 -4 
  2 -3 
  2 5 
  2 15 
  2 18 
  3 -27 
  3 -22 
  3 -14 
  3 -3 
  3 4 
  3 9 
  3 23 
  4 -17 
  4 -14 
  4 -13 
  4 7 
  4 25 
  4 26 
  5 -21 
  5 -20 
  5 -19 
  5 -12 
  5 -2 
  5 10 
  5 12 
  6 -32 
  6 -29 
  6 -26 
  6 -12 
  6 -1 
  6 15 
  6 25 
  7 -20 
  7 -17 
  7 -13 
  7 -10 
  7 -9 
  7 8 
  7 12 
  7 14 
  8 -22 
  8 -17 
  8 -11 
  8 3 
  8 4 
  8 13 
  8 15 
  8 16 
  8 23 
  8 25 
  9 -31 
  9 -23 
  9 -18 
  9 -13 
  9 -10 
  9 -9 
  9 -4 
  9 4 
  9 17 
  9 22 
  10 -24 
  10 -11 
  10 -1 
  10 6 
  10 9 
  10 10 
  10 23 
  10 26 
  10 28 
  10 29 
  11 -25 
  11 -23 
  11 -20 
  11 -17 
  11 -9 
  11 7 
  11 9 
  11 17 
  11 18 
  11 22 
  12 -24 
  12 -13 
  12 -8 
  12 -4 
  12 11 
  12 26 
  13 0 
  13 17 
  13 26 
  14 -16 
  14 -2 
  14 -1 
  14 7 
  14 18 
  14 20 
  15 -23 
  15 -19 
  15 -18 
  15 -16 
  15 -12 
  15 -5 
  15 8 
  15 11 
  15 12 
  15 16 
  15 25 
  16 -23 
  16 -17 
  16 -7 
  16 21 
  17 -19 
  17 -16 
  17 -7 
  17 -3 
  17 -2 
  17 12 
  17 15 
  17 16 
  17 23 
  17 26 
  18 -22 
  18 -20 
  18 -18 
  18 -8 
  18 11 
  18 15 
  18 23 
  19 -26 
  19 -7 
  19 14 
  20 -26 
  20 -11 
  20 -9 
  20 17 
  21 -25 
  21 -19 
  21 -14 
  21 3 
  22 -9 
  22 -6 
  22 4 
  22 6 
  22 8 
  22 9 
  22 15 
  23 -16 
  23 -15 
  23 0 
  24 1 
  24 12 
  25 4 
  25 12 
  26 -17 
  26 -13 
  26 -5 
  26 4 
  26 9 
  27 -13 
  27 2 
  27 6 
  28 -12 
  28 -6 
  28 3 
  28 6 
  28 13 
  29 -16 
  29 -14 
  29 5 
  29 7 
  30 -7 
  30 7 
  31 -8 
  31 -7 
  31 -5 
  31 -4 
  31 3 
  32 -7 
  32 2 
  -31 -4 
  -30 2 
  -30 9 
  -28 -8 
  -28 -4 
  -28 3 
  -27 -17 
  -27 -13 
  -27 -10 
  -27 -4 
  -27 -3 
  -27 -1 
  -26 -14 
  -26 -9 
  -26 -7 
  -26 -5 
  -26 -2 
  -26 13 
  -26 16 
  -25 -18 
  -25 -17 
  -25 -16 
  -25 -12 
  -25 8 
  -25 9 
  -24 -9 
  -24 -8 
  -24 1 
  -24 5 
  -24 6 
  -24 7 
  -24 9 
  -23 -22 
  -23 -21 
  -23 -2 
  -23 9 
  -22 -20 
  -22 -8 
  -22 6 
  -22 7 
  -21 -7 
  -21 -4 
  -21 -3 
  -21 7 
  -21 10 
  -21 13 
  -21 15 
  -21 19 
  -20 -25 
  -20 -11 
  -20 -9 
  -20 4 
  -20 19 
  -19 -22 
  -19 -17 
  -19 -16 
  -19 -15 
  -19 -13 
  -19 -11 
  -19 -5 
  -19 23 
  -18 -26 
  -18 -24 
  -18 -19 
  -18 -15 
  -18 -3 
  -18 2 
  -18 11 
  -18 17 
  -17 -24 
  -17 -23 
  -17 -18 
  -17 -5 
  -17 -1 
  -17 2 
  -17 10 
  -17 14 
  -17 21 
  -17 25 
  -16 -23 
  -16 -11 
  -16 -5 
  -16 6 
  -15 -17 
  -15 -3 
  -15 -2 
  -14 -26 
  -14 -21 
  -14 -14 
  -14 -7 
  -14 4 
  -14 17 
  -14 26 
  -13 -24 
  -13 -12 
  -13 -7 
  -13 -1 
  -13 8 
  -13 12 
  -12 -23 
  -12 -11 
  -12 -10 
  -12 -8 
  -12 -2 
  -12 7 
  -12 14 
  -11 -26 
  -11 -10 
  -11 -6 
  -11 -5 
  -11 16 
  -10 3 
  -10 22 
  -9 -29 
  -9 -23 
  -9 -13 
  -9 -5 
  -9 17 
  -9 20 
  -8 -20 
  -8 -17 
  -8 -12 
  -8 -7 
  -8 -6 
  -8 6 
  -8 13 
  -8 26 
  -7 -31 
  -7 -21 
  -7 -16 
  -7 -6 
  -7 -5 
  -7 -2 
  -7 2 
  -7 7 
  -7 15 
  -7 20 
  -7 24 
  -6 -24 
  -6 -16 
  -6 -10 
  -6 -9 
  -6 -2 
  -6 27 
  -5 -24 
  -5 -22 
  -5 -11 
  -5 -7 
  -5 -3 
  -5 -1 
  -5 26 
  -5 27 
  -4 -31 
  -4 -22 
  -4 -19 
  -4 -16 
  -4 1 
  -4 17 
  -4 26 
  -3 -32 
  -3 -18 
  -3 -8 
  -3 -5 
  -3 -4 
  -3 -2 
  -3 15 
  -3 16 
  -3 26 
  -2 -25 
  -2 -20 
  -2 -16 
  -2 15 
  -2 23 
  -2 28 
  -1 -30 
  -1 -28 
  -1 -12 
  -1 -10 
  -1 -5 
  -1 -1 
  -1 9 
  -1 18 
  0 -22 
  0 -7 
  0 -3 
  0 21 
  0 23 
  0 26 
  1 -14 
  1 -9 
  1 -8 
  1 20 
  1 26 
  1 28 
  2 -25 
  2 -23 
  2 17 
  2 26 
  3 -28 
  3 -23 
  3 -12 
  3 -1 
  3 3 
  3 13 
  4 -22 
  4 -20 
  4 -9 
  4 -6 
  4 -4 
  4 1 
  4 4 
  4 10 
  4 20 
  4 29 
  5 -28 
  5 -27 
  5 -23 
  5 -5 
  5 8 
  5 13 
  6 -22 
  6 -21 
  6 -19 
  6 -6 
  6 -3 
  6 22 
  7 -27 
  7 -24 
  7 -21 
  7 -15 
  7 -7 
  7 5 
  7 16 
  7 28 
  7 29 
  8 -24 
  8 0 
  8 1 
  8 29 
  9 -28 
  9 -14 
  9 -3 
  9 -2 
  9 8 
  9 9 
  9 10 
  9 13 
  9 24 
  9 28 
  10 -18 
  10 -16 
  10 -15 
  10 -12 
  10 -10 
  10 -8 
  10 -6 
  10 -2 
  10 1 
  10 20 
  11 -30 
  11 -28 
  11 -21 
  11 -7 
  11 4 
  11 12 
  11 15 
  11 26 
  12 -22 
  12 -19 
  12 -14 
  12 -12 
  12 -7 
  12 1 
  12 5 
  12 6 
  12 14 
  12 17 
  12 21 
  12 25 
  12 27 
  13 -26 
  13 -23 
  13 -20 
  13 -13 
  13 -8 
  13 -3 
  13 15 
  14 -28 
  14 -24 
  14 -23 
  14 -21 
  14 -20 
  14 -17 
  14 -15 
  14 11 
  14 21 
  15 -27 
  15 -11 
  15 -4 
  15 17 
  15 18 
  15 22 
  16 -11 
  16 -5 
  16 19 
  16 20 
  17 -28 
  17 -18 
  17 1 
  17 9 
  17 14 
  17 18 
  17 21 
  17 24 
  18 -24 
  18 -5 
  18 10 
  18 17 
  18 24 
  19 -24 
  19 -15 
  19 -11 
  19 -8 
  19 8 
  19 13 
  20 -6 
  20 2 
  20 6 
  20 8 
  20 14 
  21 -21 
  21 -16 
  21 -4 
  21 -2 
  21 1 
  21 4 
  22 -23 
  22 -21 
  22 -13 
  22 -7 
  22 3 
  22 5 
  22 13 
  22 19 
  22 22 
  23 -21 
  23 -2 
  23 12 
  23 18 
  23 19 
  24 -1 
  24 18 
  25 -17 
  25 -9 
  25 -8 
  25 -7 
  25 1 
  25 18 
  26 -12 
  26 3 
  26 7 
  26 16 
  27 -16 
  27 -3 
  27 -2 
  27 0 
  27 1 
  27 3 
  27 10 
  27 14 
  28 -14 
  28 -8 
  28 -5 
  28 7 
  28 10 
  29 -13 
  29 -9 
  29 -7 
  29 -2 
  29 8 
  29 10 
  30 6 
  31 -6 
  31 -1 
  32 -2 ;
AreaPerTest 2.2710000355e+10;
DefectRecordSpec 12 DEFECTID XREL YREL XINDEX YINDEX XSIZE YSIZE DEFECTAREA DSIZE CLASSNUMBER TEST IMAGECOUNT ;
DefectList
 1 2475.000 1919.000 -2 -32 12.000 5.400 48.000000 375.000 0 1 0
 2 1982.000 215.000 7 -29 12.000 4.100 32.000000 128.000 0 1 0
 3 526.000 2566.000 -5 -28 8.000 2.700 21.000000 74.000 0 1 0
 4 563.000 368.000 -10 -26 8.000 4.100 27.000000 96.000 0 1 0
 5 2357.000 216.000 -6 -26 12.000 2.700 27.000000 95.000 0 1 0
 6 2667.000 1803.000 18 -26 12.000 5.400 43.000000 292.000 0 1 0
 7 1839.000 2885.000 18 -25 8.000 4.100 27.000000 200.000 0 1 0
 8 1317.000 2624.000 -9 -25 12.000 4.100 32.000000 167.000 0 1 0
 9 2482.000 1329.000 -18 -24 8.000 4.100 32.000000 129.000 0 1 0
 10 2121.000 1745.000 -2 -24 4.000 1.400 5.000000 65.000 0 1 0
 11 2417.000 1317.000 25 -19 8.000 4.100 32.000000 195.000 0 1 0
 12 2186.000 2768.000 24 -19 12.000 4.100 37.000000 265.000 0 1 0
 13 1631.000 2835.000 27 -17 8.000 2.700 21.000000 99.000 0 1 0
 14 477.000 221.000 -3 -17 8.000 4.100 27.000000 121.000 0 1 0
 15 648.000 2889.000 -14 -17 4.000 2.700 10.000000 92.000 0 1 0
 16 2643.000 1612.000 -22 -17 12.000 5.400 59.000000 565.000 0 1 0
 17 1441.000 333.000 1 -16 8.000 4.100 21.000000 87.000 0 1 0
 18 2488.000 957.000 -18 -15 4.000 1.400 5.000000 64.000 0 1 0
 19 2699.000 1601.000 0 -14 12.000 4.100 37.000000 178.000 0 1 0
 20 1621.000 2427.000 3 -12 8.000 2.700 21.000000 86.000 0 1 0
 21 1907.000 2830.000 -12 -11 8.000 2.700 16.000000 77.000 0 1 0
 22 2391.000 1897.000 -21 -10 8.000 5.400 43.000000 223.000 0 1 0
 23 290.000 2843.000 16 -10 8.000 2.700 16.000000 78.000 0 1 0
 24 1462.000 2894.000 21 -9 8.000 2.700 21.000000 93.000 0 1 0
 25 343.000 1611.000 -18 -9 8.000 2.700 16.000000 81.000 0 1 0
 26 1562.000 1718.000 -29 -9 8.000 2.700 21.000000 101.000 0 1 0
 27 335.000 2564.000 1 -8 12.000 5.400 37.000000 302.000 0 1 0
 28 1892.000 2885.000 8 -8 8.000 4.100 32.000000 207.000 0 1 0
 29 2549.000 2774.000 14 -8 8.000 4.100 27.000000 131.000 0 1 0
 30 246.000 1741.000 19 -8 8.000 4.100 27.000000 98.000 0 1 0
 31 206.000 2164.000 21 -8 8.000 4.100 27.000000 121.000 0 1 0
 32 2518.000 1586.000 32 -8 12.000 5.400 43.000000 646.000 0 1 0
 33 2412.000 1933.000 12 -7 8.000 4.100 27.000000 129.000 0 1 0
 34 598.000 2839.000 -17 -6 4.000 1.400 5.000000 67.000 0 1 0
 35 346.000 2721.000 -15 -6 4.000 1.400 5.000000 64.000 0 1 0
 36 273.000 2151.000 15 -6 8.000 2.700 16.000000 76.000 0 1 0
 37 432.000 287.000 6 -5 12.000 5.400 48.000000 214.000 0 1 0
 38 2290.000 2871.000 -23 -5 8.000 5.400 37.000000 238.000 0 1 0
 39 251.000 1965.000 -28 -4 8.000 4.100 27.000000 268.000 0 1 0
 40 382.000 2142.000 29 -3 4.000 1.400 5.000000 70.000 0 1 0
 41 324.000 1734.000 20 -3 4.000 1.400 5.000000 67.000 0 1 0
 42 578.000 364.000 15 -3 4.000 1.400 5.000000 73.000 0 1 0
 43 1968.000 2898.000 11 -3 12.000 4.100 37.000000 236.000 0 1 0
 44 368.000 2594.000 -6 -3 4.000 2.700 10.000000 81.000 0 1 0
 45 2496.000 2112.000 -1 -2 8.000 5.400 32.000000 95.000 0 1 0
 46 355.000 2515.000 30 -2 12.000 5.400 32.000000 187.000 0 1 0
 47 633.000 2894.000 18 -1 8.000 4.100 27.000000 145.000 0 1 0
 48 460.000 2841.000 7 -1 8.000 2.700 16.000000 78.000 0 1 0
 49 173.000 2431.000 -9 -1 8.000 4.100 21.000000 126.000 0 1 0
 50 173.000 2895.000 -21 0 8.000 4.100 32.000000 188.000 0 1 0
 51 131.000 2014.000 21 0 4.000 1.400 5.000000 67.000 0 1 0
 52 346.000 2651.000 27 0 8.000 4.100 27.000000 84.000 0 1 0
 53 355.000 2841.000 30 1 12.000 4.100 37.000000 252.000 0 1 0
 54 1788.000 223.000 12 1 4.000 1.400 5.000000 58.000 0 1 0
 55 94.000 2000.000 -21 1 4.000 4.100 16.000000 177.000 0 1 0
 56 1186.000 2892.000 -23 2 8.000 2.700 21.000000 86.000 0 1 0
 57 376.000 1636.000 5 2 8.000 4.100 32.000000 453.000 0 1 0
 58 2463.000 1587.000 9 2 4.000 1.400 5.000000 63.000 0 1 0
 59 456.000 2838.000 24 2 8.000 5.400 37.000000 119.000 0 1 0
 60 105.000 1993.000 24 3 8.000 4.100 27.000000 179.000 0 1 0
 61 381.000 1955.000 0 3 8.000 5.400 27.000000 130.000 0 1 0
 62 2257.000 2852.000 -3 4 12.000 4.100 37.000000 211.000 0 1 0
 63 383.000 1614.000 -1 4 8.000 4.100 27.000000 146.000 0 1 0
 64 223.000 2775.000 2 4 4.000 1.400 5.000000 64.000 0 1 0
 65 2373.000 1674.000 2 4 8.000 2.700 16.000000 74.000 0 1 0
 66 2400.000 1672.000 11 4 12.000 2.700 21.000000 84.000 0 1 0
 67 2526.000 1777.000 15 4 8.000 4.100 27.000000 87.000 0 1 0
 68 816.000 2843.000 17 4 12.000 2.700 27.000000 121.000 0 1 0
 69 2384.000 1918.000 25 5 8.000 4.100 27.000000 120.000 0 1 0
 70 2710.000 2063.000 7 5 8.000 4.100 32.000000 157.000 0 1 0
 71 2712.000 1688.000 -22 5 12.000 4.100 37.000000 147.000 0 1 0
 72 755.000 1085.000 -26 6 4.000 2.700 10.000000 79.000 0 1 0
 73 373.000 1732.000 -17 6 12.000 4.100 37.000000 302.000 0 1 0
 74 1642.000 228.000 6 6 12.000 5.400 43.000000 395.000 0 1 0
 75 2493.000 1499.000 9 6 12.000 2.700 27.000000 110.000 0 1 0
 76 201.000 2813.000 11 6 8.000 4.100 21.000000 72.000 0 1 0
 77 2618.000 1968.000 21 6 8.000 2.700 21.000000 80.000 0 1 0
 78 714.000 225.000 22 6 8.000 4.100 32.000000 190.000 0 1 0
 79 2412.000 1666.000 -10 7 8.000 2.700 21.000000 83.000 0 1 0
 80 1675.000 363.000 11 8 8.000 4.100 27.000000 90.000 0 1 0
 81 930.000 229.000 14 8 8.000 4.100 27.000000 120.000 0 1 0
 82 1185.000 226.000 21 8 12.000 2.700 32.000000 120.000 0 1 0
 83 2520.000 2896.000 -2 9 8.000 6.800 54.000000 269.000 0 1 0
 84 2543.000 2904.000 13 10 8.000 4.100 32.000000 236.000 0 1 0
 85 381.000 2830.000 15 10 12.000 5.400 65.000000 550.000 0 1 0
 86 657.000 2841.000 16 10 4.000 2.700 10.000000 67.000 0 1 0
 87 2176.000 2244.000 16 10 8.000 2.700 21.000000 74.000 0 1 0
 88 2632.000 1784.000 21 10 16.000 4.100 43.000000 492.000 0 1 0
 89 952.000 215.000 23 10 8.000 4.100 32.000000 345.000 0 1 0
 90 2722.000 2122.000 27 11 4.000 1.400 5.000000 73.000 0 1 0
 91 2131.000 2897.000 24 11 8.000 2.700 21.000000 97.000 0 1 0
 92 2581.000 1666.000 22 11 4.000 1.400 5.000000 66.000 0 1 0
 93 369.000 2472.000 15 11 4.000 1.400 5.000000 70.000 0 1 0
 94 184.000 1763.000 -10 11 12.000 4.100 37.000000 270.000 0 1 0
 95 813.000 2847.000 10 12 8.000 2.700 21.000000 105.000 0 1 0
 98 546.000 2718.000 13 12 4.000 2.700 10.000000 64.000 0 1 0
 99 550.000 2756.000 13 12 12.000 4.100 37.000000 74.000 0 1 0
 100 556.000 2704.000 13 12 16.000 2.700 37.000000 72.000 0 1 0
 101 556.000 2729.000 13 12 24.000 4.100 48.000000 76.000 0 1 0
 102 582.000 2757.000 13 12 12.000 2.700 32.000000 73.000 0 1 0
 103 584.000 2769.000 13 12 16.000 4.100 37.000000 76.000 0 1 0
 104 600.000 2756.000 13 12 8.000 1.400 10.000000 61.000 0 1 0
 105 172.000 2405.000 16 12 8.000 4.100 21.000000 77.000 0 1 0
 106 2725.000 2853.000 18 12 8.000 4.100 21.000000 82.000 0 1 0
 107 2693.000 2740.000 23 12 8.000 4.100 27.000000 177.000 0 1 0
 108 2658.000 1742.000 25 12 12.000 4.100 43.000000 224.000 0 1 0
 109 222.000 2834.000 29 13 8.000 4.100 27.000000 67.000 0 1 0
 110 2377.000 1685.000 21 13 12.000 5.400 54.000000 454.000 0 1 0
 111 1029.000 234.000 -15 13 8.000 5.400 37.000000 148.000 0 1 0
 112 164.000 2233.000 -17 13 4.000 2.700 10.000000 82.000 0 1 0
 113 125.000 815.000 9 14 4.000 1.400 5.000000 66.000 0 1 0
 114 2638.000 245.000 18 14 12.000 4.100 32.000000 160.000 0 1 0
 115 227.000 2779.000 22 14 8.000 2.700 21.000000 194.000 0 1 0
 116 883.000 341.000 22 14 4.000 1.400 5.000000 63.000 0 1 0
 117 1837.000 2897.000 22 14 4.000 1.400 5.000000 63.000 0 1 0
 118 2163.000 2820.000 24 15 12.000 5.400 43.000000 227.000 0 1 0
 119 447.000 354.000 21 15 8.000 4.100 27.000000 125.000 0 1 0
 120 1988.000 220.000 14 15 12.000 5.400 48.000000 313.000 0 1 0
 121 986.000 2893.000 10 15 12.000 5.400 48.000000 430.000 0 1 0
 122 1163.000 2773.000 6 15 8.000 4.100 27.000000 149.000 0 1 0
 123 108.000 2110.000 6 15 8.000 4.100 27.000000 206.000 0 1 0
 124 133.000 2021.000 17 16 8.000 4.100 27.000000 94.000 0 1 0
 125 867.000 220.000 20 16 8.000 2.700 21.000000 97.000 0 1 0
 126 134.000 2014.000 24 16 8.000 4.100 21.000000 75.000 0 1 0
 127 1024.000 2907.000 24 16 8.000 4.100 27.000000 104.000 0 1 0
 128 1388.000 226.000 27 16 8.000 4.100 27.000000 105.000 0 1 0
 129 480.000 271.000 26 17 8.000 2.700 16.000000 70.000 0 1 0
 130 2530.000 2554.000 25 17 12.000 6.800 59.000000 436.000 0 1 0
 131 370.000 2713.000 24 17 12.000 4.100 37.000000 332.000 0 1 0
 132 248.000 2782.000 24 17 8.000 2.700 16.000000 103.000 0 1 0
 133 2435.000 1778.000 23 17 4.000 2.700 10.000000 94.000 0 1 0
 134 341.000 1977.000 23 17 8.000 2.700 21.000000 87.000 0 1 0
 135 340.000 2416.000 23 17 16.000 5.400 70.000000 765.000 0 1 0
 136 132.000 2361.000 23 17 16.000 9.500 92.000000 704.000 0 1 0
 137 2723.000 2132.000 22 17 4.000 1.400 5.000000 75.000 0 1 0
 138 2605.000 2132.000 22 17 8.000 4.100 27.000000 127.000 0 1 0
 139 2563.000 1686.000 22 17 12.000 5.400 48.000000 630.000 0 1 0
 140 925.000 2705.000 16 17 12.000 4.100 27.000000 150.000 0 1 0
 141 211.000 2755.000 14 17 8.000 2.700 21.000000 94.000 0 1 0
 142 2634.000 2260.000 11 17 12.000 4.100 32.000000 161.000 0 1 0
 143 330.000 2254.000 11 17 12.000 5.400 37.000000 198.000 0 1 0
 144 405.000 2903.000 -16 17 12.000 10.800 70.000000 582.000 0 1 0
 145 737.000 2909.000 -20 18 8.000 4.100 32.000000 102.000 0 1 0
 146 1715.000 2810.000 2 18 4.000 1.400 5.000000 74.000 0 1 0
 147 905.000 2873.000 3 18 16.000 2.700 32.000000 191.000 0 1 0
 148 384.000 2165.000 23 18 8.000 5.400 43.000000 366.000 0 1 0
 149 451.000 215.000 23 18 12.000 5.400 43.000000 389.000 0 1 0
 150 1279.000 2886.000 23 18 8.000 2.700 16.000000 89.000 0 1 0
 151 2640.000 2554.000 23 18 8.000 4.100 32.000000 187.000 0 1 0
 152 2657.000 1666.000 23 18 12.000 4.100 32.000000 167.000 0 1 0
 153 271.000 2829.000 24 18 8.000 4.100 32.000000 127.000 0 1 0
 154 355.000 2756.000 24 18 8.000 4.100 27.000000 120.000 0 1 0
 155 374.000 2417.000 24 18 4.000 1.400 5.000000 69.000 0 1 0
 156 831.000 353.000 25 18 4.000 1.400 5.000000 84.000 0 1 0
 157 2563.000 2726.000 24 19 12.000 5.400 54.000000 622.000 0 1 0
 158 2563.000 2739.000 24 19 4.000 1.400 5.000000 93.000 0 1 0
 159 1470.000 2833.000 24 19 16.000 4.100 37.000000 350.000 0 1 0
 160 938.000 218.000 24 19 8.000 4.100 32.000000 126.000 0 1 0
 161 372.000 2852.000 24 19 12.000 5.400 48.000000 534.000 0 1 0
 162 974.000 224.000 23 19 16.000 5.400 65.000000 590.000 0 1 0
 163 920.000 362.000 23 19 12.000 4.100 32.000000 356.000 0 1 0
 164 454.000 279.000 23 19 8.000 4.100 32.000000 541.000 0 1 0
 165 2700.000 2073.000 22 19 8.000 4.100 27.000000 102.000 0 1 0
 166 2448.000 1614.000 22 19 16.000 4.100 43.000000 362.000 0 1 0
 167 373.000 2660.000 22 19 8.000 4.100 27.000000 273.000 0 1 0
 168 307.000 2653.000 22 19 4.000 4.100 16.000000 167.000 0 1 0
 169 929.000 2909.000 12 19 8.000 1.400 10.000000 63.000 0 1 0
 170 927.000 2897.000 12 19 28.000 12.200 113.000000 438.000 0 1 0
 171 245.000 2747.000 -17 20 8.000 2.700 21.000000 98.000 0 1 0
 172 1478.000 228.000 7 20 20.000 8.100 81.000000 537.000 0 1 0
 173 2439.000 1258.000 14 20 8.000 2.700 21.000000 108.000 0 1 0
 174 2074.000 215.000 21 20 8.000 2.700 21.000000 77.000 0 1 0
 175 2595.000 2340.000 22 20 8.000 4.100 27.000000 186.000 0 1 0
 176 2702.000 1462.000 22 20 12.000 4.100 43.000000 294.000 0 1 0
 177 134.000 2531.000 23 20 16.000 5.400 65.000000 626.000 0 1 0
 178 137.000 1945.000 23 20 4.000 1.400 5.000000 75.000 0 1 0
 179 224.000 2731.000 23 20 12.000 5.400 43.000000 495.000 0 1 0
 180 344.000 2663.000 23 20 12.000 4.100 43.000000 416.000 0 1 0
 181 423.000 2824.000 23 21 8.000 4.100 32.000000 397.000 0 1 0
 182 283.000 2745.000 23 21 8.000 2.700 21.000000 197.000 0 1 0
 183 283.000 1697.000 23 21 4.000 2.700 10.000000 98.000 0 1 0
 184 205.000 2850.000 23 21 12.000 4.100 32.000000 425.000 0 1 0
 185 103.000 375.000 23 21 4.000 2.700 10.000000 99.000 0 1 0
 186 2701.000 1539.000 22 21 8.000 4.100 27.000000 181.000 0 1 0
 187 2594.000 2569.000 22 21 8.000 4.100 32.000000 206.000 0 1 0
 188 2568.000 2137.000 22 21 4.000 1.400 5.000000 121.000 0 1 0
 189 2562.000 2339.000 22 21 8.000 2.700 21.000000 281.000 0 1 0
 190 2549.000 1798.000 22 21 8.000 4.100 21.000000 187.000 0 1 0
 191 2528.000 2389.000 22 21 12.000 4.100 32.000000 200.000 0 1 0
 192 2403.000 1626.000 22 21 4.000 2.700 10.000000 106.000 0 1 0
 193 1705.000 286.000 22 21 8.000 2.700 21.000000 72.000 0 1 0
 194 457.000 2777.000 22 21 4.000 1.400 5.000000 96.000 0 1 0
 195 946.000 2885.000 20 21 8.000 4.100 32.000000 145.000 0 1 0
 196 133.000 2285.000 20 21 8.000 2.700 21.000000 90.000 0 1 0
 197 776.000 1166.000 -12 22 12.000 4.100 32.000000 259.000 0 1 0
 198 377.000 2463.000 22 22 8.000 4.100 21.000000 161.000 0 1 0
 199 1069.000 214.000 22 22 4.000 1.400 5.000000 125.000 0 1 0
 200 1620.000 350.000 22 22 8.000 4.100 32.000000 110.000 0 1 0
 201 1825.000 220.000 22 22 12.000 4.100 32.000000 112.000 0 1 0
 202 1935.000 223.000 22 22 8.000 2.700 21.000000 118.000 0 1 0
 203 2496.000 330.000 22 22 8.000 5.400 37.000000 256.000 0 1 0
 204 383.000 2806.000 -7 23 8.000 4.100 32.000000 191.000 0 1 0
 205 123.000 341.000 2 24 4.000 2.700 10.000000 66.000 0 1 0
 206 364.000 2291.000 19 24 4.000 4.100 16.000000 120.000 0 1 0
 207 372.000 2284.000 19 24 16.000 6.800 92.000000 751.000 0 1 0
 208 649.000 2876.000 2 29 12.000 4.100 32.000000 107.000 0 1 0;
DieOrigin 0.0000000000e+00 0.0000000000e+00;
WaferID "@12";
Slot 12;
SampleCenterLocation 3.1090000000e+03 -1.4260000000e+03;
OrientationInstructions "";
InspectionTest 1;
AreaPerTest 2.2710000355e+10;
DefectRecordSpec 12 DEFECTID XREL YREL XINDEX YINDEX XSIZE YSIZE DEFECTAREA DSIZE CLASSNUMBER TEST IMAGECOUNT ;
DefectList
 2 1210.000 321.000 5 -32 16.000 5.400 70.000000 732.000 2 1 0
 4 2707.000 1999.000 9 -31 8.000 5.400 37.000000 256.000 0 1 0
 5 2468.000 2522.000 -9 -30 8.000 2.700 21.000000 97.000 1 1 0
 6 2663.000 218.000 -8 -30 4.000 4.100 16.000000 90.000 0 1 0
 7 108.000 1791.000 -5 -30 8.000 4.100 27.000000 122.000 0 1 0
 8 674.000 321.000 3 -30 12.000 4.100 32.000000 155.000 0 1 0
 9 2402.000 1771.000 6 -30 8.000 1.400 10.000000 69.000 1 1 0
 10 792.000 1164.000 0 -29 8.000 5.400 32.000000 207.000 1 1 0
 11 2418.000 1349.000 -7 -28 4.000 1.400 5.000000 67.000 0 1 0
 12 891.000 2843.000 -5 -28 8.000 2.700 16.000000 86.000 0 1 0
 13 2413.000 1755.000 -1 -28 8.000 5.400 43.000000 327.000 2 1 0
 14 938.000 2908.000 16 -28 8.000 4.100 27.000000 283.000 0 1 0
 15 274.000 2085.000 -8 -26 8.000 4.100 21.000000 115.000 1 1 0
 16 2623.000 2721.000 -6 -26 8.000 4.100 32.000000 169.000 1 1 0
 17 175.000 2203.000 -5 -26 8.000 4.100 32.000000 284.000 1 1 0
 18 2623.000 2184.000 -4 -26 8.000 1.400 10.000000 68.000 0 1 0
 19 2719.000 2096.000 -4 -26 16.000 17.600 178.000000 849.000 0 1 0
 20 2472.000 2890.000 7 -26 12.000 5.400 43.000000 159.000 0 1 0
 21 529.000 214.000 -6 -25 4.000 2.700 10.000000 67.000 0 1 0
 22 2656.000 249.000 -9 -24 8.000 2.700 21.000000 76.000 0 1 0
 23 109.000 1916.000 -7 -24 12.000 5.400 65.000000 599.000 0 1 0
 24 216.000 2813.000 -7 -24 12.000 4.100 32.000000 212.000 1 1 0
 25 314.000 2906.000 -5 -24 8.000 4.100 27.000000 160.000 0 1 0
 26 2477.000 1671.000 -7 -23 12.000 4.100 43.000000 286.000 0 1 0
 27 1123.000 214.000 -12 -23 12.000 5.400 48.000000 353.000 0 1 0
 28 2385.000 2854.000 -19 -21 8.000 4.100 32.000000 216.000 6 1 0
 29 351.000 2800.000 0 -20 12.000 4.100 32.000000 106.000 0 1 0
 30 2183.000 2766.000 23 -20 4.000 1.400 5.000000 73.000 0 1 0
 31 452.000 365.000 -5 -19 8.000 4.100 32.000000 115.000 1 1 0
 32 2588.000 512.000 -20 -19 4.000 1.400 5.000000 75.000 78 1 0
 33 167.000 1951.000 -26 -18 8.000 4.100 27.000000 97.000 1 1 0
 34 2630.000 1743.000 -6 -18 12.000 4.100 37.000000 109.000 0 1 0
 35 1414.000 2064.000 11 -18 12.000 5.400 37.000000 184.000 0 1 0
 36 466.000 299.000 15 -17 12.000 4.100 43.000000 179.000 0 1 0
 37 198.000 2102.000 8 -17 8.000 5.400 32.000000 103.000 0 1 0
 38 334.000 2883.000 -15 -17 8.000 1.400 10.000000 75.000 0 1 0
 39 1114.000 331.000 -26 -16 12.000 4.100 37.000000 388.000 1 1 0
 41 218.000 1461.000 -12 -16 12.000 2.700 21.000000 92.000 0 1 0
 42 465.000 352.000 10 -16 8.000 4.100 27.000000 178.000 1 1 0
 43 269.000 1916.000 -26 -15 8.000 2.700 16.000000 130.000 0 1 0
 44 503.000 2827.000 -28 -14 4.000 4.100 16.000000 87.000 0 1 0
 45 1217.000 2894.000 -28 -14 8.000 2.700 16.000000 77.000 0 1 0
 46 1219.000 2884.000 -28 -14 12.000 4.100 48.000000 607.000 0 1 0
 47 330.000 2284.000 -27 -14 12.000 4.100 32.000000 384.000 0 1 0
 48 284.000 2655.000 -26 -14 8.000 4.100 27.000000 176.000 0 1 0
 49 997.000 2873.000 -26 -14 8.000 4.100 27.000000 325.000 0 1 0
 50 739.000 343.000 -24 -14 8.000 2.700 21.000000 108.000 0 1 0
 51 2588.000 2548.000 -23 -14 8.000 2.700 16.000000 114.000 1 1 0
 52 333.000 1866.000 11 -13 8.000 5.400 32.000000 324.000 0 1 0
 53 280.000 2511.000 1 -13 8.000 2.700 16.000000 95.000 0 1 0
 54 276.000 1763.000 -22 -13 8.000 2.700 21.000000 98.000 0 1 0
 55 225.000 2878.000 -26 -13 12.000 4.100 27.000000 88.000 0 1 0
 56 196.000 2123.000 -26 -13 8.000 2.700 21.000000 118.000 0 1 0
 57 2623.000 2760.000 -27 -13 8.000 4.100 32.000000 294.000 0 1 0
 58 2569.000 2310.000 -27 -13 12.000 4.100 48.000000 680.000 0 1 0
 59 2565.000 2322.000 -27 -13 4.000 1.400 5.000000 86.000 0 1 0
 60 1257.000 213.000 -27 -13 8.000 1.400 10.000000 171.000 0 1 0
 61 270.000 2112.000 -27 -13 12.000 5.400 48.000000 543.000 0 1 0
 62 2303.000 2820.000 -28 -13 8.000 4.100 32.000000 147.000 0 1 0
 63 1309.000 2623.000 -28 -13 12.000 4.100 37.000000 520.000 0 1 0
 64 377.000 2730.000 -28 -13 12.000 4.100 32.000000 97.000 0 1 0
 65 96.000 2024.000 -28 -13 8.000 2.700 21.000000 160.000 0 1 0
 66 2525.000 2782.000 -29 -13 12.000 4.100 32.000000 151.000 0 1 0
 67 2517.000 1607.000 -29 -13 16.000 6.800 81.000000 735.000 0 1 0
 68 2515.000 1619.000 -29 -13 12.000 8.100 54.000000 136.000 0 1 0
 69 2197.000 2761.000 -29 -13 12.000 6.800 48.000000 322.000 0 1 0
 71 1707.000 253.000 -29 -13 12.000 5.400 48.000000 349.000 0 1 0
 72 2093.000 954.000 -29 -12 4.000 1.400 5.000000 66.000 0 1 0
 73 388.000 2733.000 -28 -12 12.000 5.400 59.000000 481.000 100 1 0
 74 392.000 2744.000 -28 -12 12.000 4.100 37.000000 148.000 100 1 0
 75 1014.000 2892.000 -28 -12 16.000 5.400 59.000000 478.000 100 1 0
 76 2046.000 2819.000 -28 -12 8.000 4.100 27.000000 111.000 100 1 0
 77 2066.000 2841.000 -28 -12 16.000 6.800 81.000000 709.000 100 1 0
 78 2068.000 2855.000 -28 -12 12.000 2.700 27.000000 122.000 100 1 0
 80 2400.000 2850.000 -28 -12 12.000 4.100 43.000000 298.000 100 1 0
 81 2408.000 1663.000 -28 -12 8.000 4.100 32.000000 317.000 1 1 0
 82 2544.000 2757.000 -28 -12 12.000 4.100 32.000000 108.000 100 1 0
 83 2724.000 2757.000 -28 -12 4.000 4.100 16.000000 241.000 100 1 0
 84 103.000 2580.000 -27 -12 12.000 6.800 54.000000 524.000 100 1 0
 85 366.000 266.000 -27 -12 8.000 5.400 32.000000 177.000 0 1 0
 86 584.000 2836.000 -27 -12 12.000 6.800 70.000000 489.000 100 1 0
 87 1604.000 2845.000 -27 -12 12.000 4.100 32.000000 130.000 100 1 0
 88 2016.000 2830.000 -27 -12 4.000 1.400 5.000000 67.000 100 1 0
 89 2706.000 2758.000 -27 -12 8.000 4.100 27.000000 182.000 100 1 0
 90 2724.000 2714.000 -27 -12 4.000 2.700 10.000000 79.000 100 1 0
 91 392.000 2878.000 -26 -12 12.000 5.400 48.000000 443.000 100 1 0
 92 434.000 220.000 -26 -12 8.000 4.100 32.000000 171.000 0 1 0
 93 852.000 2891.000 -26 -12 12.000 5.400 43.000000 238.000 100 1 0
 94 922.000 2880.000 -26 -12 8.000 5.400 32.000000 117.000 100 1 0
 95 1290.000 2869.000 -26 -12 8.000 4.100 21.000000 76.000 100 1 0
 96 2658.000 1812.000 -26 -12 12.000 4.100 37.000000 312.000 0 1 0
 97 2697.000 2361.000 -26 -12 8.000 4.100 32.000000 261.000 1 1 0
 98 2559.000 2523.000 -25 -12 12.000 5.400 48.000000 223.000 1 1 0
 99 344.000 2910.000 -24 -12 4.000 1.400 5.000000 62.000 78 1 0
 100 1036.000 215.000 -23 -12 4.000 1.400 5.000000 71.000 0 1 0
 101 2108.000 1154.000 20 -12 8.000 8.100 43.000000 96.000 0 1 0
 102 258.000 2821.000 -21 -11 8.000 4.100 32.000000 166.000 0 1 0
 103 2707.000 2058.000 -22 -11 8.000 4.100 32.000000 159.000 0 1 0
 104 2402.000 1257.000 -22 -11 4.000 2.700 10.000000 66.000 0 1 0
 105 1828.000 229.000 -22 -11 12.000 4.100 43.000000 253.000 0 1 0
 106 984.000 2895.000 -22 -11 12.000 5.400 54.000000 467.000 0 1 0
 107 270.000 2809.000 -22 -11 8.000 4.100 32.000000 131.000 0 1 0
 108 372.000 2852.000 -23 -11 12.000 5.400 54.000000 408.000 0 1 0
 109 304.000 2756.000 -23 -11 12.000 4.100 48.000000 398.000 1 1 0
 110 2710.000 2436.000 -25 -11 8.000 4.100 32.000000 300.000 0 1 0
 111 2628.000 1603.000 -25 -11 8.000 2.700 21.000000 110.000 0 1 0
 112 2417.000 1924.000 -25 -11 12.000 2.700 21.000000 70.000 0 1 0
 113 2412.000 2899.000 -25 -11 12.000 5.400 54.000000 360.000 0 1 0
 114 1154.000 2902.000 -25 -11 8.000 4.100 27.000000 128.000 100 1 0
 115 272.000 221.000 -25 -11 12.000 4.100 32.000000 125.000 0 1 0
 116 209.000 1642.000 -25 -11 4.000 1.400 5.000000 74.000 100 1 0
 117 123.000 2288.000 -25 -11 12.000 5.400 43.000000 140.000 100 1 0
 118 2692.000 2746.000 -26 -11 12.000 5.400 37.000000 133.000 100 1 0
 119 2592.000 2582.000 -26 -11 12.000 5.400 37.000000 157.000 100 1 0
 120 2586.000 2492.000 -26 -11 8.000 5.400 43.000000 370.000 100 1 0
 121 2586.000 2563.000 -26 -11 8.000 5.400 37.000000 279.000 100 1 0
 122 2576.000 2306.000 -26 -11 12.000 5.400 43.000000 148.000 100 1 0
 123 2548.000 2379.000 -26 -11 12.000 5.400 59.000000 352.000 100 1 0
 124 2294.000 222.000 -26 -11 16.000 5.400 65.000000 567.000 0 1 0
 125 1654.000 2809.000 -26 -11 8.000 2.700 16.000000 118.000 100 1 0
 126 1146.000 2890.000 -26 -11 8.000 5.400 32.000000 154.000 100 1 0
 127 896.000 318.000 -26 -11 12.000 4.100 37.000000 428.000 100 1 0
 129 806.000 212.000 -26 -11 8.000 2.700 21.000000 114.000 100 1 0
 130 406.000 218.000 -26 -11 8.000 4.100 32.000000 339.000 100 1 0
 131 340.000 2431.000 -26 -11 12.000 2.700 21.000000 88.000 100 1 0
 132 128.000 2536.000 -26 -11 12.000 4.100 37.000000 161.000 100 1 0
 133 101.000 2257.000 -26 -11 12.000 4.100 37.000000 414.000 100 1 0
 134 2690.000 2680.000 -27 -11 8.000 4.100 32.000000 263.000 100 1 0
 135 2600.000 2710.000 -27 -11 12.000 4.100 37.000000 305.000 100 1 0
 136 2595.000 2097.000 -27 -11 16.000 5.400 48.000000 518.000 100 1 0
 137 2540.000 2580.000 -27 -11 12.000 4.100 43.000000 263.000 100 1 0
 138 2536.000 2351.000 -27 -11 12.000 5.400 48.000000 232.000 100 1 0
 139 2529.000 2123.000 -27 -11 12.000 4.100 37.000000 405.000 100 1 0
 140 2469.000 1702.000 -27 -11 12.000 2.700 27.000000 157.000 100 1 0
 141 1330.000 2887.000 -27 -11 8.000 4.100 32.000000 319.000 100 1 0
 142 906.000 2894.000 -27 -11 16.000 10.900 75.000000 376.000 100 1 0
 143 382.000 2806.000 -27 -11 8.000 4.100 32.000000 176.000 100 1 0
 144 331.000 2128.000 -27 -11 8.000 4.100 32.000000 324.000 100 1 0
 145 307.000 2240.000 -27 -11 8.000 5.400 37.000000 390.000 100 1 0
 146 304.000 2714.000 -27 -11 12.000 5.400 54.000000 517.000 100 1 0
 147 254.000 2906.000 -27 -11 8.000 4.100 27.000000 119.000 100 1 0
 148 252.000 2861.000 -27 -11 4.000 1.400 5.000000 65.000 100 1 0
 149 250.000 2855.000 -27 -11 16.000 6.800 81.000000 765.000 100 1 0
 150 249.000 1700.000 -27 -11 12.000 4.100 37.000000 431.000 100 1 0
 151 248.000 2867.000 -27 -11 12.000 6.800 48.000000 85.000 100 1 0
 152 197.000 1689.000 -27 -11 4.000 1.400 5.000000 89.000 100 1 0
 153 123.000 2127.000 -27 -11 16.000 14.900 146.000000 814.000 100 1 0
 154 121.000 2149.000 -27 -11 12.000 5.400 48.000000 505.000 100 1 0
 155 101.000 1985.000 -27 -11 12.000 4.100 37.000000 400.000 100 1 0
 156 2712.000 2542.000 -28 -11 12.000 5.400 48.000000 427.000 100 1 0
 157 2417.000 1776.000 -28 -11 12.000 4.100 37.000000 292.000 100 1 0
 158 2397.000 1769.000 -28 -11 12.000 4.100 37.000000 217.000 100 1 0
 159 1648.000 267.000 -28 -11 12.000 5.400 59.000000 561.000 100 1 0
 160 876.000 2897.000 -28 -11 12.000 4.100 43.000000 370.000 0 1 0
 161 660.000 223.000 -28 -11 4.000 2.700 10.000000 70.000 100 1 0
 162 354.000 2759.000 -28 -11 8.000 2.700 21.000000 106.000 0 1 0
 163 2722.000 2748.000 -29 -11 8.000 4.100 32.000000 256.000 0 1 0
 164 2593.000 1768.000 -29 -11 12.000 4.100 43.000000 298.000 0 1 0
 165 2556.000 2311.000 -29 -11 12.000 5.400 43.000000 198.000 0 1 0
 166 2430.000 223.000 -29 -11 8.000 2.700 21.000000 86.000 0 1 0
 167 2405.000 1664.000 -29 -11 12.000 4.100 32.000000 173.000 0 1 0
 168 171.000 265.000 -30 -11 12.000 4.100 37.000000 350.000 0 1 0
 169 364.000 2807.000 -30 -10 8.000 4.100 32.000000 264.000 0 1 0
 170 134.000 2080.000 -29 -10 8.000 6.800 43.000000 201.000 0 1 0
 171 1307.000 229.000 -29 -10 8.000 4.100 27.000000 212.000 0 1 0
 172 2537.000 1671.000 -29 -10 16.000 16.300 135.000000 787.000 0 1 0
 173 2609.000 1827.000 -29 -10 8.000 4.100 27.000000 126.000 1 1 0
 174 2727.000 1479.000 -29 -10 4.000 4.100 16.000000 153.000 0 1 0
 175 110.000 1975.000 -28 -10 8.000 4.100 32.000000 167.000 0 1 0
 176 2393.000 1781.000 -28 -10 8.000 2.700 21.000000 116.000 0 1 0
 177 2649.000 1803.000 -28 -10 8.000 4.100 32.000000 241.000 0 1 0
 178 243.000 1666.000 -27 -10 12.000 4.100 37.000000 245.000 0 1 0
 179 597.000 312.000 -27 -10 4.000 2.700 10.000000 95.000 100 1 0
 180 875.000 320.000 -27 -10 8.000 4.100 32.000000 240.000 100 1 0
 181 885.000 2888.000 -27 -10 8.000 4.100 32.000000 112.000 0 1 0
 182 1183.000 227.000 -27 -10 8.000 4.100 32.000000 129.000 100 1 0
 183 2592.000 2166.000 -27 -10 4.000 4.100 16.000000 84.000 100 1 0
 184 2626.000 1919.000 -27 -10 8.000 5.400 37.000000 135.000 100 1 0
 185 2647.000 1610.000 -27 -10 12.000 4.100 37.000000 193.000 100 1 0
 186 2718.000 1933.000 -27 -10 8.000 2.700 21.000000 104.000 100 1 0
 187 2721.000 2695.000 -27 -10 8.000 6.800 48.000000 700.000 100 1 0
 188 2723.000 2709.000 -27 -10 4.000 1.400 5.000000 73.000 100 1 0
 189 98.000 2500.000 -26 -10 8.000 4.100 27.000000 132.000 100 1 0
 190 126.000 1952.000 -26 -10 8.000 4.100 32.000000 170.000 100 1 0
 191 165.000 328.000 -26 -10 4.000 1.400 5.000000 97.000 100 1 0
 192 179.000 2804.000 -26 -10 12.000 5.400 59.000000 611.000 100 1 0
 193 371.000 2815.000 -26 -10 12.000 4.100 37.000000 410.000 100 1 0
 194 803.000 217.000 -26 -10 8.000 4.100 27.000000 110.000 100 1 0
 195 1061.000 2880.000 -26 -10 8.000 4.100 32.000000 156.000 100 1 0
 196 1089.000 2889.000 -26 -10 8.000 4.100 32.000000 301.000 100 1 0
 197 1121.000 213.000 -26 -10 4.000 1.400 5.000000 79.000 100 1 0
 198 1271.000 2618.000 -26 -10 4.000 2.700 10.000000 84.000 100 1 0
 199 1329.000 2893.000 -26 -10 8.000 4.100 27.000000 329.000 100 1 0
 200 2435.000 1724.000 -26 -10 12.000 5.400 48.000000 565.000 100 1 0
 201 2469.000 1637.000 -26 -10 8.000 2.700 21.000000 123.000 100 1 0
 202 2604.000 2376.000 -26 -10 12.000 4.100 37.000000 124.000 100 1 0
 203 2712.000 2496.000 -26 -10 12.000 5.400 43.000000 525.000 100 1 0
 204 225.000 1632.000 -25 -10 8.000 2.700 16.000000 94.000 100 1 0
 205 247.000 2649.000 -25 -10 12.000 5.400 43.000000 456.000 100 1 0
 206 515.000 221.000 -25 -10 8.000 1.400 10.000000 78.000 100 1 0
 207 1153.000 2908.000 -25 -10 8.000 2.700 21.000000 84.000 100 1 0
 208 1155.000 2882.000 -25 -10 12.000 5.400 54.000000 573.000 100 1 0
 209 2661.000 1838.000 -25 -10 8.000 4.100 32.000000 115.000 0 1 0
 210 2698.000 2273.000 -25 -10 8.000 4.100 32.000000 150.000 0 1 0
 211 2724.000 2323.000 -25 -10 4.000 2.700 10.000000 89.000 0 1 0
 212 98.000 2181.000 -24 -10 8.000 4.100 32.000000 254.000 0 1 0
 213 223.000 1763.000 -24 -10 4.000 1.400 5.000000 73.000 0 1 0
 215 235.000 1644.000 -24 -10 12.000 4.100 43.000000 469.000 0 1 0
 216 307.000 2882.000 -24 -10 12.000 4.100 37.000000 136.000 0 1 0
 217 211.000 2695.000 -23 -10 12.000 4.100 27.000000 75.000 0 1 0
 218 1007.000 2884.000 -23 -10 12.000 5.400 48.000000 266.000 0 1 0
 219 2495.000 289.000 -22 -10 8.000 2.700 16.000000 68.000 0 1 0
 220 117.000 1846.000 -21 -10 16.000 5.400 54.000000 565.000 1 1 0
 221 752.000 527.000 -11 -10 8.000 2.700 21.000000 114.000 0 1 0
 222 1554.000 226.000 31 -9 8.000 2.700 21.000000 104.000 0 1 0
 223 194.000 2856.000 -2 -9 8.000 5.400 32.000000 270.000 0 1 0
 224 187.000 2796.000 -21 -9 8.000 2.700 21.000000 83.000 1 1 0
 225 1310.000 2901.000 -24 -9 12.000 4.100 37.000000 416.000 0 1 0
 226 388.000 2825.000 -24 -9 8.000 2.700 16.000000 83.000 0 1 0
 227 828.000 318.000 -25 -9 8.000 4.100 27.000000 103.000 100 1 0
 228 332.000 1985.000 -25 -9 4.000 1.400 5.000000 77.000 0 1 0
 229 2656.000 1780.000 -26 -9 12.000 5.400 54.000000 269.000 0 1 0
 230 2558.000 1609.000 -26 -9 8.000 4.100 27.000000 141.000 1 1 0
 231 2450.000 1576.000 -26 -9 16.000 5.400 81.000000 609.000 0 1 0
 232 2450.000 1589.000 -26 -9 8.000 5.400 32.000000 120.000 0 1 0
 233 2272.000 221.000 -26 -9 8.000 4.100 21.000000 77.000 100 1 0
 234 868.000 214.000 -26 -9 8.000 2.700 21.000000 320.000 100 1 0
 235 658.000 214.000 -26 -9 4.000 1.400 5.000000 96.000 100 1 0
 236 198.000 1745.000 -26 -9 8.000 4.100 32.000000 135.000 100 1 0
 237 192.000 2864.000 -26 -9 8.000 2.700 21.000000 142.000 100 1 0
 238 105.000 2391.000 -26 -9 12.000 4.100 37.000000 142.000 100 1 0
 239 102.000 1950.000 -26 -9 8.000 5.400 37.000000 244.000 100 1 0
 240 2723.000 2482.000 -27 -9 8.000 2.700 21.000000 71.000 100 1 0
 241 2711.000 2347.000 -27 -9 8.000 4.100 27.000000 206.000 100 1 0
 242 2621.000 2760.000 -27 -9 12.000 4.100 27.000000 84.000 100 1 0
 243 2571.000 1485.000 -27 -9 8.000 2.700 21.000000 170.000 100 1 0
 244 2568.000 1486.000 -27 -9 12.000 4.100 32.000000 241.000 100 1 0
 245 2524.000 2061.000 -27 -9 4.000 1.400 5.000000 93.000 100 1 0
 246 2376.000 1589.000 -27 -9 12.000 4.100 32.000000 92.000 100 1 0
 247 2284.000 215.000 -27 -9 8.000 4.100 27.000000 145.000 100 1 0
 248 380.000 2861.000 -27 -9 8.000 4.100 27.000000 83.000 0 1 0
 249 2719.000 2771.000 -28 -9 8.000 4.100 27.000000 128.000 0 1 0
 250 860.000 223.000 -28 -9 8.000 1.400 10.000000 79.000 0 1 0
 251 363.000 2276.000 -28 -9 8.000 2.700 16.000000 93.000 0 1 0
 252 2725.000 2283.000 -29 -9 4.000 4.100 16.000000 598.000 0 1 0
 253 2456.000 1767.000 -29 -9 12.000 4.100 43.000000 198.000 0 1 0
 254 1186.000 2895.000 -29 -9 12.000 4.100 48.000000 402.000 0 1 0
 255 101.000 2362.000 -28 -8 8.000 2.700 21.000000 124.000 0 1 0
 256 2416.000 2889.000 -28 -8 8.000 2.700 16.000000 98.000 0 1 0
 257 2432.000 1720.000 -27 -8 12.000 4.100 48.000000 346.000 1 1 0
 258 1116.000 223.000 -26 -8 8.000 4.100 27.000000 89.000 100 1 0
 259 1316.000 224.000 -26 -8 8.000 2.700 21.000000 128.000 100 1 0
 260 1690.000 225.000 -26 -8 4.000 2.700 10.000000 80.000 100 1 0
 261 388.000 2857.000 -25 -8 8.000 2.700 21.000000 67.000 1 1 0
 262 102.000 353.000 -24 -8 12.000 5.400 37.000000 164.000 0 1 0
 263 652.000 213.000 -24 -8 8.000 1.400 10.000000 59.000 1 1 0
 264 278.000 2893.000 -21 -8 12.000 2.700 27.000000 78.000 0 1 0
 265 1020.000 2908.000 -21 -8 8.000 4.100 21.000000 125.000 0 1 0
 266 2596.000 2760.000 -18 -8 8.000 2.700 16.000000 80.000 1 1 0
 267 391.000 2743.000 -15 -8 12.000 5.400 48.000000 456.000 0 1 0
 268 1126.000 836.000 20 -8 16.000 6.800 70.000000 248.000 0 1 0
 269 1130.000 844.000 20 -8 24.000 12.200 178.000000 149.000 60 1 0
 270 610.000 227.000 20 -7 12.000 4.100 32.000000 134.000 1 1 0
 271 363.000 2051.000 -18 -7 12.000 4.100 27.000000 132.000 0 1 0
 272 2387.000 1754.000 -23 -7 8.000 2.700 16.000000 75.000 0 1 0
 273 439.000 214.000 -23 -7 8.000 1.400 10.000000 93.000 1 1 0
 274 353.000 1622.000 -24 -7 4.000 1.400 5.000000 83.000 1 1 0
 275 2720.000 2256.000 -25 -7 8.000 4.100 32.000000 294.000 2 1 0
 276 106.000 2302.000 -26 -7 12.000 4.100 43.000000 489.000 0 1 0
 277 2712.000 2414.000 -27 -7 8.000 4.100 27.000000 120.000 0 1 0
 278 1044.000 1022.000 -30 -6 8.000 2.700 21.000000 106.000 0 1 0
 279 320.000 1722.000 -25 -6 8.000 4.100 27.000000 150.000 1 1 0
 280 2476.000 321.000 -24 -6 12.000 4.100 37.000000 164.000 0 1 0
 281 2693.000 2563.000 -24 -6 12.000 4.100 32.000000 200.000 1 1 0
 282 822.000 685.000 31 -6 4.000 2.700 10.000000 89.000 0 1 0
 283 408.000 853.000 9 -5 8.000 2.700 16.000000 93.000 0 1 0
 284 126.000 2358.000 -20 -4 8.000 4.100 32.000000 109.000 0 1 0
 285 244.000 2888.000 22 -4 8.000 2.700 21.000000 82.000 1 1 0
 286 221.000 1809.000 -16 -2 12.000 5.400 32.000000 219.000 0 1 0
 287 308.000 2541.000 -8 -2 8.000 2.700 21.000000 124.000 1 1 0
 288 2648.000 2001.000 17 -1 4.000 2.700 10.000000 65.000 0 1 0
 289 2110.000 466.000 4 1 8.000 4.100 27.000000 84.000 0 1 0
 291 2380.000 1725.000 -26 1 8.000 4.100 32.000000 164.000 0 1 0
 292 2650.000 1892.000 -19 2 12.000 4.100 32.000000 99.000 0 1 0
 293 1881.000 854.000 7 2 4.000 1.400 5.000000 71.000 0 1 0
 294 2381.000 1631.000 1 3 8.000 4.100 27.000000 108.000 1 1 0
 295 176.000 2211.000 -6 3 8.000 4.100 27.000000 100.000 0 1 0
 296 1414.000 224.000 -27 3 8.000 4.100 32.000000 310.000 0 1 0
 297 2521.000 290.000 -23 4 12.000 2.700 27.000000 95.000 1 1 0
 298 2490.000 652.000 -19 4 4.000 2.700 10.000000 70.000 0 1 0
 299 1196.000 2886.000 -9 4 12.000 5.400 48.000000 562.000 2 1 0
 300 137.000 1925.000 -18 5 4.000 1.400 5.000000 75.000 0 1 0
 301 102.000 1664.000 -20 6 8.000 4.100 32.000000 96.000 1 1 0
 302 804.000 820.000 -13 6 4.000 2.700 10.000000 76.000 0 1 0
 303 270.000 2381.000 -6 6 8.000 2.700 16.000000 92.000 0 1 0
 304 314.000 2444.000 -4 6 8.000 4.100 27.000000 107.000 0 1 0
 305 312.000 2894.000 16 7 12.000 5.400 54.000000 413.000 0 1 0
 306 377.000 2394.000 -6 7 8.000 5.400 32.000000 191.000 0 1 0
 307 1987.000 218.000 24 8 8.000 4.100 32.000000 124.000 0 1 0
 308 2703.000 2304.000 4 9 12.000 5.400 43.000000 220.000 1 1 0
 309 2564.000 1715.000 -21 9 8.000 2.700 21.000000 114.000 0 1 0
 310 1748.000 219.000 -24 10 4.000 2.700 10.000000 71.000 0 1 0
 311 2455.000 780.000 11 12 4.000 1.400 5.000000 63.000 0 1 0
 312 1245.000 278.000 16 13 8.000 4.100 21.000000 115.000 0 1 0
 313 2695.000 1412.000 -17 13 8.000 5.400 32.000000 283.000 0 1 0
 314 2712.000 1737.000 -15 14 8.000 4.100 32.000000 265.000 0 1 0
 315 2636.000 239.000 20 15 4.000 1.400 5.000000 71.000 1 1 0
 316 984.000 1351.000 1 15 4.000 2.700 10.000000 72.000 1 1 0
 317 638.000 2882.000 -16 15 4.000 1.400 5.000000 66.000 78 1 0
 318 2374.000 1689.000 20 17 4.000 2.700 10.000000 66.000 0 1 0
 319 353.000 2842.000 -17 20 8.000 4.100 32.000000 106.000 1 1 0
 320 807.000 2842.000 -16 20 12.000 4.100 32.000000 163.000 0 1 0
 321 2588.000 1971.000 10 20 12.000 10.800 86.000000 220.000 60 1 0
 322 2476.000 1347.000 23 21 8.000 4.100 27.000000 216.000 0 1 0
 323 2519.000 2594.000 -11 21 12.000 4.100 37.000000 184.000 0 1 0
 324 1487.000 1074.000 21 23 4.000 2.700 10.000000 75.000 0 1 0
 325 587.000 236.000 -17 24 8.000 4.100 32.000000 108.000 0 1 0
 326 346.000 1776.000 18 25 16.000 5.400 54.000000 496.000 2 1 0
 327 184.000 2863.000 12 25 12.000 4.100 32.000000 151.000 0 1 0
 328 2576.000 2874.000 -5 25 4.000 2.700 10.000000 75.000 1 1 0
 329 1041.000 1078.000 -10 28 4.000 1.400 5.000000 73.000 0 1 0;
DieOrigin 0.0000000000e+00 0.0000000000e+00;
WaferID "@16";
Slot 16;
SampleCenterLocation 3.1090000000e+03 -1.4260000000e+03;
OrientationInstructions "";
InspectionTest 1;
AreaPerTest 2.2710000355e+10;
DefectRecordSpec 12 DEFECTID XREL YREL XINDEX YINDEX XSIZE YSIZE DEFECTAREA DSIZE CLASSNUMBER TEST IMAGECOUNT ;
DefectList
 1 466.000 679.000 -4 -32 12.000 8.100 59.000000 284.000 0 1 0
 2 366.000 1900.000 1 -32 12.000 5.400 43.000000 188.000 0 1 0
 3 350.000 1733.000 4 -30 8.000 5.400 43.000000 230.000 0 1 0
 4 1973.000 2822.000 10 -29 8.000 4.100 27.000000 166.000 0 1 0
 5 327.000 2715.000 9 -29 12.000 5.400 43.000000 107.000 0 1 0
 6 117.000 2043.000 -14 -28 8.000 4.100 32.000000 204.000 0 1 0
 7 352.000 1624.000 12 -28 8.000 2.700 21.000000 142.000 0 1 0
 8 349.000 2721.000 -2 -27 8.000 2.700 21.000000 86.000 0 1 0
 9 705.000 216.000 -10 -26 4.000 2.700 10.000000 65.000 0 1 0
 10 2663.000 1325.000 2 -26 8.000 4.100 21.000000 144.000 0 1 0
 11 575.000 395.000 -19 -25 28.000 19.000 243.000000 418.000 0 1 0
 12 2565.000 1587.000 14 -23 12.000 4.100 37.000000 175.000 0 1 0
 13 2575.000 1771.000 9 -23 8.000 5.400 32.000000 150.000 0 1 0
 14 695.000 2851.000 -9 -23 4.000 1.400 5.000000 65.000 0 1 0
 15 2594.000 2134.000 12 -22 8.000 4.100 27.000000 89.000 0 1 0
 16 174.000 262.000 19 -20 8.000 2.700 21.000000 83.000 0 1 0
 17 2605.000 1630.000 16 -19 8.000 4.100 27.000000 156.000 0 1 0
 18 1574.000 331.000 18 -17 12.000 2.700 32.000000 146.000 0 1 0
 19 295.000 1635.000 10 -16 8.000 2.700 21.000000 96.000 0 1 0
 20 2722.000 2776.000 -23 -15 4.000 4.100 16.000000 334.000 0 1 0
 21 810.000 345.000 -26 -15 4.000 1.400 5.000000 78.000 0 1 0
 22 2297.000 1241.000 2 -13 8.000 2.700 21.000000 99.000 0 1 0
 23 2118.000 2896.000 1 -13 12.000 4.100 43.000000 313.000 0 1 0
 24 445.000 2702.000 11 -11 4.000 1.400 5.000000 65.000 0 1 0
 25 709.000 222.000 -17 -11 12.000 4.100 27.000000 102.000 0 1 0
 26 2596.000 227.000 -24 -11 12.000 4.100 27.000000 88.000 0 1 0
 27 138.000 2126.000 22 -10 12.000 4.100 43.000000 410.000 0 1 0
 28 2710.000 1993.000 32 -9 4.000 2.700 10.000000 108.000 0 1 0
 29 2667.000 2310.000 32 -9 4.000 1.400 5.000000 79.000 0 1 0
 30 2167.000 1084.000 -30 -8 12.000 4.100 32.000000 158.000 0 1 0
 31 1263.000 228.000 -18 -8 12.000 5.400 37.000000 118.000 0 1 0
 32 2238.000 1586.000 -18 -8 8.000 4.100 32.000000 243.000 0 1 0
 33 962.000 2894.000 -12 -7 8.000 2.700 21.000000 111.000 0 1 0
 34 257.000 1928.000 -21 -7 12.000 9.500 65.000000 361.000 0 1 0
 35 482.000 853.000 -30 -7 8.000 4.100 27.000000 194.000 0 1 0
 36 2376.000 1793.000 3 -6 8.000 4.100 21.000000 93.000 0 1 0
 37 671.000 985.000 24 -5 12.000 4.100 27.000000 163.000 0 1 0
 38 2290.000 2788.000 -26 -5 8.000 2.700 16.000000 99.000 0 1 0
 39 2591.000 814.000 -30 -5 8.000 2.700 16.000000 111.000 0 1 0
 40 2179.000 2787.000 -31 -4 12.000 4.100 32.000000 248.000 0 1 0
 41 2399.000 1500.000 -31 -4 8.000 4.100 21.000000 126.000 0 1 0
 42 2509.000 1659.000 6 -4 12.000 5.400 59.000000 646.000 0 1 0
 43 2427.000 1912.000 33 -4 12.000 4.100 27.000000 109.000 0 1 0
 44 1326.000 816.000 33 -3 8.000 4.100 27.000000 139.000 0 1 0
 45 1327.000 220.000 26 -3 12.000 4.100 32.000000 102.000 0 1 0
 46 261.000 2804.000 -20 -3 8.000 2.700 21.000000 93.000 0 1 0
 47 245.000 216.000 -30 -3 4.000 1.400 5.000000 74.000 0 1 0
 48 712.000 228.000 -18 -2 8.000 2.700 21.000000 89.000 0 1 0
 49 711.000 698.000 1 -2 12.000 5.400 48.000000 280.000 0 1 0
 50 124.000 2670.000 -3 -1 12.000 4.100 32.000000 104.000 0 1 0
 51 302.000 2495.000 27 0 8.000 5.400 27.000000 188.000 0 1 0
 52 2603.000 1260.000 -28 1 12.000 4.100 32.000000 183.000 0 1 0
 55 1431.000 2673.000 18 3 72.000 21.700 368.000000 139.000 0 1 0
 56 1407.000 2747.000 18 3 72.000 40.700 1154.000000 462.000 0 1 0
 57 1405.000 2722.000 18 3 60.000 20.300 417.000000 542.000 0 1 0
 58 1373.000 2689.000 18 3 12.000 9.500 59.000000 126.000 0 1 0
 59 1363.000 2840.000 18 3 8.000 4.100 27.000000 71.000 0 1 0
 60 1357.000 2830.000 18 3 12.000 4.100 27.000000 99.000 0 1 0
 61 136.000 2191.000 -3 4 8.000 4.100 27.000000 94.000 0 1 0
 62 2673.000 2213.000 -3 6 12.000 5.400 43.000000 451.000 0 1 0
 64 104.000 1980.000 15 6 4.000 1.400 5.000000 59.000 0 1 0
 65 377.000 2811.000 -27 7 8.000 1.400 10.000000 82.000 0 1 0
 66 2035.000 2830.000 -30 7 12.000 4.100 37.000000 332.000 0 1 0
 67 2694.000 2324.000 -30 8 8.000 2.700 21.000000 102.000 0 1 0
 68 360.000 340.000 -29 8 12.000 4.100 43.000000 462.000 0 1 0
 69 303.000 2806.000 -28 8 8.000 2.700 21.000000 102.000 0 1 0
 70 620.000 2698.000 -17 8 8.000 4.100 27.000000 92.000 0 1 0
 71 2644.000 1648.000 23 9 20.000 10.800 103.000000 337.000 0 1 0
 72 2512.000 1571.000 -28 9 8.000 2.700 16.000000 133.000 0 1 0
 73 2188.000 213.000 -29 9 4.000 1.400 5.000000 61.000 0 1 0
 74 2454.000 213.000 -27 10 8.000 2.700 16.000000 131.000 0 1 0
 75 530.000 229.000 -26 10 8.000 4.100 32.000000 91.000 0 1 0
 76 365.000 2298.000 5 10 8.000 4.100 21.000000 95.000 0 1 0
 77 271.000 2845.000 17 10 8.000 6.800 43.000000 296.000 0 1 0
 78 273.000 2872.000 17 10 12.000 9.500 81.000000 367.000 0 1 0
 79 1747.000 1872.000 22 11 8.000 4.100 32.000000 107.000 0 1 0
 80 360.000 2484.000 -25 11 12.000 2.700 32.000000 170.000 0 1 0
 81 2711.000 1473.000 -28 11 4.000 2.700 10.000000 108.000 0 1 0
 82 2574.000 1767.000 -25 12 16.000 5.400 75.000000 736.000 0 1 0
 83 2576.000 1782.000 -25 12 12.000 4.100 37.000000 79.000 0 1 0
 84 1126.000 297.000 21 13 8.000 2.700 16.000000 99.000 0 1 0
 85 1716.000 1686.000 24 15 12.000 16.300 130.000000 181.000 0 1 0
 86 303.000 1826.000 20 15 12.000 4.100 27.000000 191.000 0 1 0
 87 214.000 2855.000 -7 15 12.000 4.100 32.000000 105.000 0 1 0
 88 1026.000 224.000 -11 15 8.000 4.100 27.000000 145.000 0 1 0
 89 537.000 2412.000 -20 15 12.000 4.100 32.000000 154.000 0 1 0
 90 1093.000 363.000 12 16 12.000 4.100 27.000000 154.000 0 1 0
 91 2503.000 218.000 12 16 8.000 4.100 32.000000 172.000 0 1 0
 92 897.000 2409.000 22 19 8.000 4.100 21.000000 144.000 0 1 0
 93 1027.000 1969.000 13 19 8.000 5.400 32.000000 276.000 0 1 0
 94 1652.000 247.000 -21 19 8.000 2.700 21.000000 89.000 0 1 0
 95 2034.000 2806.000 11 21 8.000 5.400 27.000000 84.000 0 1 0
 96 2640.000 249.000 -12 21 8.000 2.700 21.000000 89.000 0 1 0
 97 1199.000 296.000 -4 22 12.000 4.100 32.000000 204.000 0 1 0
 98 2462.000 1891.000 -1 22 8.000 4.100 32.000000 112.000 0 1 0
 99 1972.000 345.000 8 25 8.000 2.700 21.000000 84.000 0 1 0
 100 1713.000 314.000 1 25 12.000 5.400 43.000000 367.000 0 1 0
 102 2574.000 2524.000 10 26 4.000 1.400 5.000000 78.000 0 1 0
 103 2065.000 2849.000 15 27 8.000 4.100 27.000000 255.000 0 1 0
 104 2647.000 1822.000 7 27 12.000 5.400 54.000000 563.000 0 1 0
 105 842.000 360.000 5 29 8.000 2.700 16.000000 87.000 0 1 0;
DieOrigin 0.0000000000e+00 0.0000000000e+00;
WaferID "@20";
Slot 20;
SampleCenterLocation 3.1090000000e+03 -1.4260000000e+03;
OrientationInstructions "";
InspectionTest 1;
AreaPerTest 2.2710000355e+10;
DefectRecordSpec 12 DEFECTID XREL YREL XINDEX YINDEX XSIZE YSIZE DEFECTAREA DSIZE CLASSNUMBER TEST IMAGECOUNT ;
DefectList
 1 2416.000 1329.000 -5 -28 8.000 2.700 21.000000 81.000 0 1 0
 2 2512.000 2794.000 2 -25 12.000 5.400 54.000000 591.000 0 1 0
 4 1666.000 1762.000 14 -24 8.000 2.700 21.000000 238.000 0 1 0
 5 108.000 2384.000 -18 -23 8.000 4.100 32.000000 138.000 0 1 0
 6 255.000 2851.000 22 -21 8.000 1.400 10.000000 106.000 0 1 0
 8 167.000 2628.000 6 -16 8.000 4.100 27.000000 126.000 0 1 0
 9 1000.000 1091.000 11 -16 8.000 2.700 21.000000 104.000 0 1 0
 10 2706.000 2700.000 1 -12 12.000 4.100 32.000000 83.000 0 1 0
 11 271.000 1931.000 12 -12 12.000 5.400 37.000000 130.000 0 1 0
 12 2417.000 1727.000 22 -11 8.000 2.700 21.000000 68.000 0 1 0
 13 2713.000 1521.000 16 -11 8.000 1.400 10.000000 75.000 0 1 0
 14 403.000 2799.000 16 -11 8.000 4.100 21.000000 90.000 0 1 0
 15 2352.000 2076.000 -12 -11 8.000 4.100 27.000000 115.000 0 1 0
 16 1723.000 650.000 -29 -11 4.000 2.700 10.000000 121.000 0 1 0
 17 2614.000 2453.000 -26 -10 8.000 4.100 27.000000 118.000 0 1 0
 18 2533.000 2126.000 15 -9 12.000 4.100 32.000000 128.000 0 1 0
 19 2391.000 1664.000 20 -8 16.000 4.100 43.000000 361.000 0 1 0
 20 117.000 2634.000 -1 -5 12.000 4.100 43.000000 113.000 0 1 0
 21 248.000 1853.000 17 -3 12.000 5.400 48.000000 274.000 0 1 0
 22 1488.000 261.000 10 -3 8.000 5.400 32.000000 194.000 0 1 0
 23 907.000 373.000 -16 -2 12.000 4.100 27.000000 120.000 0 1 0
 24 2336.000 781.000 0 -2 12.000 4.100 32.000000 292.000 0 1 0
 25 1862.000 300.000 26 -1 8.000 5.400 32.000000 127.000 0 1 0
 26 2616.000 1951.000 -30 -1 8.000 4.100 27.000000 152.000 0 1 0
 27 303.000 273.000 11 2 8.000 4.100 32.000000 129.000 0 1 0
 36 1644.000 1364.000 18 5 8.000 5.400 32.000000 97.000 0 1 0
 37 364.000 2703.000 30 6 12.000 4.100 37.000000 502.000 0 1 0
 38 2664.000 1409.000 30 6 8.000 1.400 10.000000 81.000 0 1 0
 39 2721.000 2243.000 10 7 16.000 5.400 59.000000 478.000 0 1 0
 40 2538.000 1258.000 -4 7 4.000 1.400 5.000000 70.000 0 1 0
 41 823.000 1619.000 -26 7 8.000 1.400 10.000000 83.000 0 1 0
 42 2481.000 1305.000 19 10 8.000 2.700 16.000000 80.000 0 1 0
 43 414.000 2820.000 30 10 4.000 1.400 5.000000 88.000 0 1 0
 44 1566.000 592.000 -28 12 4.000 1.400 5.000000 75.000 0 1 0
 45 1910.000 2810.000 30 12 8.000 4.100 27.000000 227.000 0 1 0
 46 1803.000 319.000 18 13 12.000 4.100 27.000000 148.000 0 1 0
 47 1871.000 1798.000 24 14 4.000 1.400 5.000000 68.000 0 1 0
 48 1493.000 2884.000 26 15 8.000 4.100 27.000000 90.000 0 1 0
 49 286.000 1898.000 -1 16 8.000 2.700 16.000000 91.000 0 1 0
 50 2587.000 2351.000 6 16 4.000 1.400 5.000000 72.000 0 1 0
 51 2695.000 2241.000 7 16 4.000 1.400 5.000000 80.000 0 1 0
 52 1796.000 2895.000 27 16 8.000 4.100 32.000000 149.000 0 1 0
 53 2593.000 2555.000 27 16 12.000 5.400 54.000000 511.000 0 1 0
 54 2621.000 2359.000 27 16 12.000 5.400 48.000000 516.000 0 1 0
 55 137.000 332.000 26 17 12.000 2.700 27.000000 110.000 0 1 0
 56 1067.000 1029.000 15 17 12.000 4.100 32.000000 218.000 0 1 0
 57 2485.000 1258.000 -24 18 8.000 2.700 21.000000 171.000 0 1 0
 58 2485.000 1655.000 23 18 4.000 1.400 5.000000 81.000 0 1 0
 59 973.000 2705.000 25 18 12.000 4.100 37.000000 273.000 0 1 0
 60 2457.000 2815.000 25 18 12.000 5.400 48.000000 682.000 0 1 0
 61 967.000 2700.000 26 18 8.000 4.100 27.000000 251.000 0 1 0
 62 2528.000 2122.000 2 19 12.000 5.400 54.000000 430.000 0 1 0
 63 2488.000 2560.000 -15 19 8.000 1.400 10.000000 95.000 0 1 0
 64 2389.000 951.000 -23 20 8.000 1.400 10.000000 105.000 0 1 0
 65 399.000 273.000 -17 20 4.000 2.700 10.000000 80.000 0 1 0
 66 2723.000 1443.000 14 20 8.000 4.100 27.000000 173.000 0 1 0
 67 2575.000 2566.000 21 20 12.000 5.400 54.000000 437.000 0 1 0
 69 226.000 343.000 20 21 12.000 4.100 48.000000 438.000 0 1 0
 70 264.000 1361.000 -5 21 8.000 2.700 21.000000 81.000 0 1 0
 71 1224.000 247.000 -9 22 4.000 1.400 5.000000 62.000 0 1 0
 72 351.000 2230.000 21 23 8.000 2.700 21.000000 136.000 0 1 0
 73 1947.000 598.000 17 26 4.000 4.100 16.000000 131.000 0 1 0
 74 2508.000 1398.000 5 27 12.000 4.100 37.000000 287.000 0 1 0
 75 2628.000 1820.000 12 28 8.000 1.400 10.000000 101.000 0 1 0;
DieOrigin 0.0000000000e+00 0.0000000000e+00;
WaferID "@24";
Slot 24;
SampleCenterLocation 3.1090000000e+03 -1.4260000000e+03;
OrientationInstructions "";
InspectionTest 1;
AreaPerTest 2.2710000355e+10;
DefectRecordSpec 12 DEFECTID XREL YREL XINDEX YINDEX XSIZE YSIZE DEFECTAREA DSIZE CLASSNUMBER TEST IMAGECOUNT ;
DefectList
 1 884.000 2909.000 -5 -32 8.000 2.700 21.000000 287.000 0 1 0
 2 1030.000 2279.000 1 -32 12.000 2.700 27.000000 105.000 0 1 0
 3 1031.000 2279.000 1 -32 12.000 2.700 21.000000 93.000 0 1 0
 4 2344.000 1500.000 6 -30 12.000 5.400 48.000000 291.000 0 1 0
 5 2042.000 2871.000 17 -28 8.000 5.400 37.000000 291.000 0 1 0
 6 2705.000 2143.000 17 -27 8.000 4.100 27.000000 98.000 0 1 0
 7 2286.000 220.000 17 -27 8.000 4.100 27.000000 81.000 0 1 0
 8 1039.000 312.000 10 -27 8.000 2.700 21.000000 73.000 0 1 0
 9 275.000 1715.000 -10 -26 12.000 4.100 48.000000 364.000 0 1 0
 10 529.000 2895.000 18 -26 4.000 1.400 5.000000 79.000 0 1 0
 11 2415.000 1392.000 21 -25 12.000 2.700 32.000000 132.000 0 1 0
 12 2404.000 477.000 20 -25 12.000 5.400 43.000000 502.000 0 1 0
 13 173.000 2808.000 15 -25 12.000 4.100 43.000000 224.000 0 1 0
 14 1953.000 2897.000 -12 -25 4.000 2.700 10.000000 79.000 0 1 0
 15 539.000 1798.000 1 -24 12.000 5.400 43.000000 259.000 0 1 0
 16 517.000 1823.000 13 -23 4.000 1.400 5.000000 66.000 0 1 0
 17 2627.000 1697.000 -17 -22 8.000 2.700 21.000000 87.000 0 1 0
 18 396.000 230.000 23 -22 4.000 1.400 5.000000 86.000 0 1 0
 19 176.000 239.000 21 -21 8.000 4.100 27.000000 172.000 0 1 0
 20 334.000 336.000 -16 -21 4.000 2.700 10.000000 84.000 0 1 0
 21 2501.000 1726.000 -13 -20 8.000 4.100 27.000000 138.000 0 1 0
 22 1427.000 2447.000 0 -20 12.000 8.100 48.000000 96.000 0 1 0
 23 1429.000 2440.000 0 -20 8.000 2.700 16.000000 78.000 0 1 0
 24 880.000 229.000 18 -20 12.000 4.100 32.000000 157.000 0 1 0
 25 1110.000 2817.000 20 -20 12.000 4.100 37.000000 174.000 0 1 0
 26 2621.000 1779.000 21 -20 8.000 4.100 32.000000 162.000 0 1 0
 27 1589.000 355.000 12 -19 4.000 2.700 10.000000 77.000 0 1 0
 28 311.000 2863.000 -5 -19 8.000 4.100 32.000000 110.000 0 1 0
 29 725.000 217.000 -15 -19 12.000 4.100 43.000000 171.000 0 1 0
 30 2514.000 1693.000 20 -18 12.000 5.400 54.000000 550.000 0 1 0
 31 2514.000 1703.000 20 -18 12.000 4.100 37.000000 83.000 0 1 0
 32 2252.000 2807.000 26 -18 8.000 2.700 16.000000 101.000 0 1 0
 33 1646.000 321.000 20 -17 12.000 2.700 27.000000 173.000 0 1 0
 34 2660.000 1329.000 -15 -17 4.000 1.400 5.000000 85.000 0 1 0
 35 812.000 2785.000 17 -16 8.000 5.400 32.000000 224.000 0 1 0
 36 1952.000 219.000 17 -14 8.000 4.100 27.000000 116.000 0 1 0
 37 498.000 276.000 8 -13 8.000 4.100 32.000000 180.000 0 1 0
 38 697.000 1285.000 -3 -12 8.000 5.400 43.000000 282.000 0 1 0
 39 2701.000 1487.000 14 -12 8.000 4.100 32.000000 167.000 0 1 0
 40 699.000 1002.000 31 -12 4.000 1.400 5.000000 73.000 0 1 0
 41 1230.000 221.000 20 -10 4.000 2.700 10.000000 69.000 0 1 0
 42 733.000 2881.000 -30 -8 12.000 5.400 48.000000 613.000 0 1 0
 43 838.000 2882.000 -25 -8 12.000 4.100 32.000000 222.000 0 1 0
 44 2678.000 1286.000 8 -8 8.000 4.100 32.000000 77.000 0 1 0
 45 2333.000 957.000 32 -8 4.000 1.400 5.000000 81.000 0 1 0
 46 689.000 355.000 9 -6 12.000 5.400 43.000000 165.000 0 1 0
 47 903.000 1801.000 14 -6 12.000 4.100 32.000000 207.000 0 1 0
 48 2298.000 512.000 32 -5 4.000 1.400 5.000000 92.000 0 1 0
 49 632.000 308.000 6 -4 12.000 4.100 37.000000 167.000 0 1 0
 50 409.000 2868.000 5 -3 8.000 4.100 27.000000 152.000 0 1 0
 51 918.000 213.000 28 -1 8.000 1.400 10.000000 75.000 0 1 0
 52 995.000 2840.000 15 -1 12.000 4.100 32.000000 125.000 0 1 0
 53 1611.000 2884.000 23 0 8.000 4.100 21.000000 108.000 0 1 0
 54 2398.000 1117.000 33 0 4.000 1.400 5.000000 79.000 0 1 0
 55 246.000 2575.000 11 1 12.000 2.700 21.000000 104.000 0 1 0
 56 1841.000 248.000 -5 1 4.000 1.400 5.000000 63.000 0 1 0
 57 1021.000 1128.000 -19 1 8.000 5.400 32.000000 109.000 0 1 0
 58 496.000 341.000 -25 1 4.000 1.400 5.000000 65.000 0 1 0
 59 2684.000 1658.000 -29 1 8.000 2.700 21.000000 104.000 0 1 0
 60 2549.000 1970.000 -17 2 8.000 4.100 27.000000 111.000 0 1 0
 61 921.000 317.000 30 3 20.000 9.500 113.000000 369.000 0 1 0
 63 760.000 212.000 -25 3 4.000 1.400 5.000000 71.000 0 1 0
 64 1349.000 2794.000 -29 4 8.000 4.100 21.000000 143.000 0 1 0
 65 878.000 219.000 29 5 8.000 4.100 32.000000 346.000 0 1 0
 66 1153.000 885.000 -26 6 8.000 2.700 16.000000 86.000 0 1 0
 67 2159.000 1229.000 -7 6 8.000 5.400 27.000000 132.000 0 1 0
 69 2693.000 1267.000 -21 8 8.000 4.100 32.000000 339.000 0 1 0
 70 1411.000 2884.000 -30 9 12.000 4.100 37.000000 191.000 0 1 0
 71 2217.000 2772.000 -17 10 12.000 5.400 43.000000 355.000 0 1 0
 73 2634.000 1963.000 -5 12 12.000 5.400 54.000000 405.000 0 1 0
 74 2645.000 1526.000 -11 13 4.000 2.700 10.000000 77.000 0 1 0
 75 554.000 239.000 -20 13 4.000 1.400 5.000000 92.000 0 1 0
 76 2705.000 2730.000 -24 14 8.000 2.700 16.000000 75.000 0 1 0
 77 223.000 1756.000 -23 14 16.000 4.100 43.000000 427.000 0 1 0
 79 2002.000 2852.000 -11 14 8.000 4.100 27.000000 91.000 0 1 0
 80 2615.000 1424.000 0 14 12.000 4.100 37.000000 156.000 0 1 0
 81 1580.000 1895.000 -24 15 8.000 2.700 16.000000 74.000 0 1 0
 82 2005.000 227.000 15 17 12.000 4.100 43.000000 342.000 0 1 0
 83 792.000 878.000 10 17 4.000 1.400 5.000000 63.000 0 1 0
 84 1113.000 1748.000 -4 17 24.000 28.500 254.000000 170.000 0 1 0
 85 1363.000 735.000 -10 18 4.000 1.400 5.000000 79.000 0 1 0
 87 350.000 2455.000 -17 19 4.000 1.400 5.000000 67.000 0 1 0
 88 2604.000 1931.000 -16 21 8.000 4.100 27.000000 82.000 0 1 0
 89 177.000 350.000 -17 22 4.000 2.700 10.000000 94.000 0 1 0
 90 1535.000 366.000 -12 26 4.000 1.400 5.000000 75.000 0 1 0
 91 1674.000 242.000 0 27 8.000 6.800 48.000000 315.000 0 1 0;
EndOfFile;
