FileVersion 1 2;
FileTimestamp 04-29-19 16:49:10;
InspectionStationID "NONE" "2360" "IPS204";
SampleType WAFER;
ResultTimestamp 04-23-19 17:43:00;
LotID "193G13";
SampleSize 1 200;
DeviceID "TL09_90";
SetupID "TL09_90_XPPP" 06-29-18 06:56:15;
StepID "XPPP";
SampleOrientationMarkType NOTCH;
OrientationMarkLocation RIGHT;
DiePitch 1.1200120000e+03 1.6579933000e+04;
DieOrigin 0.0000000000e+00 0.0000000000e+00;
WaferID "@07";
Slot 7;
SampleCenterLocation 1.0891560000e+03 8.4974300000e+03;
ClassLookup 74
  0 "Uncategorized"
  1 "Small PT"
  2 "Medium PT"
  3 "Large PT"
  4 "Polymer"
  5 "Flake PT"
  6 "Scratch"
  9 "Other Defect"
  10 "Other Residue"
  11 "Wet Residue"
  13 "W Residue"
  14 "PR Residue"
  15 "Liquid Mark"
  16 "Thread Defect"
  20 "Pits"
  22 "Pattern Deformed"
  23 "Defocus"
  24 "PR BUBBLE"
  25 "Crown Defect"
  27 "Bead Defect"
  30 "CMP Scratch"
  31 "Minor CMP Scratch"
  35 "Rip Out"
  40 "Protrusion"
  42 "Top Blocked"
  43 "Bottom Blocked"
  44 "Line broken"
  45 "Metal Corrosion"
  46 "Galvanic Corrosion"
  51 "PR Popping"
  52 "Salicide Bad"
  53 "STI Dimple"
  59 "W Void"
  60 "AA Dep PT"
  61 "GC Dep PT"
  62 "CVD Dep PT"
  63 "Metal Dep PT"
  73 "Cone Defect"
  74 "Metal Depression"
  77 "Underlayer"
  78 "NUISANCE/FALSE"
  79 "Metal Grain"
  80 "Don't Care/Minor"
  95 "Missing AI"
  99 "test2"
  100 "Cluster"
  101 "CU CMP Scratch"
  102 "CU Void"
  103 "2_PO Missing"
  104 "CU Pattern Open"
  105 "CU Remain"
  106 "Circle CU Remain"
  107 "CU CVD PT"
  108 "CU Eclips"
  109 "CU CMP Residue"
  110 "Minor CU CMP Scratch"
  111 "CMP PT"
  112 "CU SEAM PT"
  113 "CU Ox"
  114 "CU Pattern Open(Minor)"
  116 "1_PO Missing"
  117 "PAD Abnormality"
  150 "Guard Ring Circle Defect"
  151 "EBR Circle Defect"
  152 "PAD Hillock"
  153 "PAD Residue"
  154 "PAD Hole"
  155 "Color PR Residue"
  201 "Bin 1"
  202 "Bin 2"
  203 "Bin 3"
  204 "Bin 4"
  205 "Bin 5"
  206 "Bin 6"  ;
OrientationInstructions "";
InspectionTest 1;
SampleTestPlan 1414
  24 -5 
  15 -5 
  0 -5 
  -7 -5 
  -12 -5 
  -16 -5 
  -18 -5 
  -19 -5 
  -26 -5 
  39 -4 
  37 -4 
  35 -4 
  32 -4 
  17 -4 
  14 -4 
  3 -4 
  -22 -4 
  -23 -4 
  -27 -4 
  -32 -4 
  -36 -4 
  -40 -4 
  -44 -4 
  -47 -4 
  -51 -4 
  65 -3 
  62 -3 
  54 -3 
  51 -3 
  45 -3 
  38 -3 
  29 -3 
  17 -3 
  16 -3 
  -13 -3 
  -35 -3 
  -60 -3 
  71 -2 
  69 -2 
  67 -2 
  52 -2 
  42 -2 
  41 -2 
  30 -2 
  28 -2 
  24 -2 
  22 -2 
  12 -2 
  6 -2 
  -25 -2 
  -28 -2 
  -31 -2 
  -44 -2 
  -68 -2 
  -70 -2 
  76 -1 
  71 -1 
  64 -1 
  63 -1 
  50 -1 
  46 -1 
  44 -1 
  43 -1 
  29 -1 
  22 -1 
  20 -1 
  11 -1 
  4 -1 
  -13 -1 
  -22 -1 
  -36 -1 
  -43 -1 
  -49 -1 
  -75 -1 
  77 0 
  58 0 
  48 0 
  47 0 
  42 0 
  28 0 
  23 0 
  22 0 
  8 0 
  7 0 
  -1 0 
  -8 0 
  -19 0 
  -62 0 
  -64 0 
  -73 0 
  -82 0 
  77 1 
  76 1 
  61 1 
  54 1 
  37 1 
  36 1 
  24 1 
  22 1 
  21 1 
  4 1 
  3 1 
  2 1 
  -4 1 
  -5 1 
  -13 1 
  -15 1 
  -26 1 
  -32 1 
  -34 1 
  -37 1 
  -51 1 
  -52 1 
  -55 1 
  -73 1 
  -74 1 
  66 2 
  54 2 
  47 2 
  44 2 
  42 2 
  41 2 
  37 2 
  36 2 
  16 2 
  -3 2 
  -17 2 
  -24 2 
  -30 2 
  -32 2 
  -34 2 
  -40 2 
  -47 2 
  -53 2 
  -56 2 
  -71 2 
  -77 2 
  49 3 
  42 3 
  33 3 
  32 3 
  31 3 
  15 3 
  7 3 
  0 3 
  -1 3 
  -2 3 
  -16 3 
  -27 3 
  -48 3 
  -51 3 
  -52 3 
  -59 3 
  -67 3 
  54 4 
  52 4 
  32 4 
  4 4 
  -6 4 
  -7 4 
  -24 4 
  -29 4 
  -32 4 
  -41 4 
  -45 4 
  -51 4 
  25 5 
  23 5 
  22 5 
  14 5 
  10 5 
  -26 5 
  -27 5 
  -28 5 
  22 -5 
  21 -5 
  11 -5 
  1 -5 
  -11 -5 
  -21 -5 
  -22 -5 
  41 -4 
  38 -4 
  22 -4 
  18 -4 
  13 -4 
  7 -4 
  -1 -4 
  -4 -4 
  -8 -4 
  -16 -4 
  -26 -4 
  -34 -4 
  -37 -4 
  -45 -4 
  -48 -4 
  67 -3 
  56 -3 
  53 -3 
  52 -3 
  41 -3 
  36 -3 
  19 -3 
  10 -3 
  5 -3 
  2 -3 
  -16 -3 
  -22 -3 
  -25 -3 
  -29 -3 
  -33 -3 
  -59 -3 
  -63 -3 
  70 -2 
  63 -2 
  61 -2 
  55 -2 
  53 -2 
  29 -2 
  16 -2 
  10 -2 
  -17 -2 
  -30 -2 
  -33 -2 
  -38 -2 
  -45 -2 
  82 -1 
  79 -1 
  78 -1 
  69 -1 
  67 -1 
  59 -1 
  57 -1 
  53 -1 
  51 -1 
  47 -1 
  32 -1 
  30 -1 
  25 -1 
  23 -1 
  21 -1 
  17 -1 
  14 -1 
  13 -1 
  12 -1 
  9 -1 
  -7 -1 
  -11 -1 
  -19 -1 
  -23 -1 
  -26 -1 
  -27 -1 
  -39 -1 
  -48 -1 
  -51 -1 
  -54 -1 
  -59 -1 
  -63 -1 
  -66 -1 
  82 0 
  76 0 
  65 0 
  59 0 
  56 0 
  51 0 
  45 0 
  36 0 
  34 0 
  31 0 
  26 0 
  19 0 
  9 0 
  -6 0 
  -14 0 
  -15 0 
  -21 0 
  -30 0 
  -38 0 
  -43 0 
  -44 0 
  -46 0 
  -60 0 
  -79 0 
  74 1 
  62 1 
  52 1 
  49 1 
  48 1 
  44 1 
  42 1 
  38 1 
  33 1 
  19 1 
  15 1 
  9 1 
  7 1 
  1 1 
  -1 1 
  -21 1 
  -25 1 
  -57 1 
  -59 1 
  -63 1 
  -64 1 
  -69 1 
  -81 1 
  74 2 
  69 2 
  32 2 
  31 2 
  30 2 
  18 2 
  13 2 
  7 2 
  1 2 
  -21 2 
  -22 2 
  -29 2 
  -31 2 
  -35 2 
  -36 2 
  -45 2 
  -64 2 
  -69 2 
  59 3 
  58 3 
  41 3 
  39 3 
  26 3 
  12 3 
  11 3 
  9 3 
  -4 3 
  -17 3 
  -18 3 
  -21 3 
  -43 3 
  -54 3 
  45 4 
  43 4 
  36 4 
  34 4 
  33 4 
  30 4 
  21 4 
  13 4 
  6 4 
  5 4 
  2 4 
  -2 4 
  -4 4 
  -14 4 
  -22 4 
  -36 4 
  -43 4 
  -48 4 
  2 5 
  -12 5 
  -16 5 
  23 -5 
  8 -5 
  -2 -5 
  -6 -5 
  -8 -5 
  53 -4 
  42 -4 
  33 -4 
  29 -4 
  1 -4 
  -3 -4 
  -5 -4 
  -11 -4 
  -12 -4 
  -20 -4 
  -21 -4 
  -39 -4 
  63 -3 
  58 -3 
  55 -3 
  48 -3 
  34 -3 
  33 -3 
  11 -3 
  9 -3 
  -2 -3 
  -7 -3 
  -10 -3 
  -21 -3 
  -38 -3 
  -39 -3 
  -47 -3 
  -48 -3 
  -50 -3 
  -52 -3 
  -54 -3 
  -62 -3 
  75 -2 
  59 -2 
  57 -2 
  45 -2 
  32 -2 
  27 -2 
  20 -2 
  15 -2 
  5 -2 
  -9 -2 
  -14 -2 
  -16 -2 
  -21 -2 
  -22 -2 
  -27 -2 
  -32 -2 
  -34 -2 
  -40 -2 
  -51 -2 
  -63 -2 
  -66 -2 
  -67 -2 
  -77 -2 
  74 -1 
  66 -1 
  65 -1 
  52 -1 
  45 -1 
  35 -1 
  27 -1 
  -2 -1 
  -3 -1 
  -5 -1 
  -21 -1 
  -31 -1 
  -57 -1 
  -62 -1 
  -65 -1 
  -74 -1 
  83 0 
  70 0 
  62 0 
  24 0 
  16 0 
  15 0 
  12 0 
  -13 0 
  -24 0 
  -29 0 
  -33 0 
  -35 0 
  -41 0 
  -50 0 
  -52 0 
  -61 0 
  -63 0 
  -76 0 
  79 1 
  68 1 
  53 1 
  26 1 
  10 1 
  8 1 
  6 1 
  -3 1 
  -17 1 
  -23 1 
  -39 1 
  -41 1 
  -48 1 
  -61 1 
  -62 1 
  -68 1 
  -71 1 
  -79 1 
  -80 1 
  75 2 
  72 2 
  68 2 
  51 2 
  29 2 
  -4 2 
  -6 2 
  -9 2 
  -14 2 
  -27 2 
  -50 2 
  -51 2 
  -63 2 
  -68 2 
  -76 2 
  67 3 
  66 3 
  65 3 
  57 3 
  53 3 
  46 3 
  21 3 
  8 3 
  6 3 
  -5 3 
  -6 3 
  -8 3 
  -12 3 
  -13 3 
  -20 3 
  -23 3 
  -29 3 
  -33 3 
  -34 3 
  -36 3 
  -37 3 
  -38 3 
  -46 3 
  -62 3 
  37 4 
  31 4 
  29 4 
  19 4 
  17 4 
  -11 4 
  -15 4 
  -17 4 
  -20 4 
  -23 4 
  -25 4 
  -40 4 
  -42 4 
  29 5 
  19 5 
  18 5 
  -6 5 
  -9 5 
  -22 5 
  -25 5 
  26 -5 
  25 -5 
  17 -5 
  13 -5 
  4 -5 
  2 -5 
  -10 -5 
  47 -4 
  23 -4 
  20 -4 
  19 -4 
  15 -4 
  11 -4 
  10 -4 
  6 -4 
  -10 -4 
  -14 -4 
  -17 -4 
  -24 -4 
  -33 -4 
  59 -3 
  57 -3 
  39 -3 
  31 -3 
  25 -3 
  22 -3 
  8 -3 
  4 -3 
  -4 -3 
  -8 -3 
  -9 -3 
  -14 -3 
  -20 -3 
  -24 -3 
  -30 -3 
  -32 -3 
  -41 -3 
  -42 -3 
  -61 -3 
  74 -2 
  62 -2 
  19 -2 
  7 -2 
  4 -2 
  0 -2 
  -8 -2 
  -12 -2 
  -13 -2 
  -36 -2 
  -41 -2 
  -43 -2 
  -55 -2 
  -57 -2 
  -60 -2 
  -73 -2 
  70 -1 
  62 -1 
  49 -1 
  37 -1 
  28 -1 
  26 -1 
  15 -1 
  1 -1 
  -6 -1 
  -8 -1 
  -16 -1 
  -25 -1 
  -35 -1 
  -42 -1 
  -44 -1 
  -47 -1 
  -64 -1 
  -69 -1 
  -72 -1 
  -77 -1 
  85 0 
  81 0 
  78 0 
  74 0 
  68 0 
  61 0 
  54 0 
  49 0 
  43 0 
  40 0 
  39 0 
  10 0 
  4 0 
  -2 0 
  -12 0 
  -32 0 
  -34 0 
  -49 0 
  -54 0 
  -66 0 
  -69 0 
  82 1 
  70 1 
  58 1 
  55 1 
  50 1 
  45 1 
  27 1 
  25 1 
  -6 1 
  -10 1 
  -24 1 
  -43 1 
  -44 1 
  -46 1 
  -47 1 
  -49 1 
  -50 1 
  78 2 
  62 2 
  60 2 
  59 2 
  57 2 
  48 2 
  45 2 
  23 2 
  17 2 
  15 2 
  9 2 
  3 2 
  -2 2 
  -11 2 
  -54 2 
  -67 2 
  -74 2 
  61 3 
  56 3 
  55 3 
  50 3 
  45 3 
  36 3 
  28 3 
  25 3 
  23 3 
  18 3 
  14 3 
  -9 3 
  -22 3 
  -56 3 
  38 4 
  22 4 
  8 4 
  1 4 
  -1 4 
  -5 4 
  -13 4 
  -16 4 
  -21 4 
  -49 4 
  -50 4 
  16 5 
  15 5 
  3 5 
  -4 5 
  -5 5 
  -17 5 
  -24 5 
  12 -5 
  10 -5 
  9 -5 
  6 -5 
  -1 -5 
  -3 -5 
  -5 -5 
  -14 -5 
  -20 -5 
  -23 -5 
  51 -4 
  48 -4 
  26 -4 
  16 -4 
  9 -4 
  4 -4 
  -9 -4 
  -18 -4 
  -31 -4 
  50 -3 
  35 -3 
  32 -3 
  26 -3 
  21 -3 
  14 -3 
  3 -3 
  0 -3 
  -6 -3 
  -17 -3 
  -18 -3 
  -27 -3 
  -34 -3 
  -36 -3 
  -45 -3 
  -53 -3 
  -55 -3 
  -67 -3 
  78 -2 
  77 -2 
  76 -2 
  73 -2 
  66 -2 
  65 -2 
  44 -2 
  43 -2 
  39 -2 
  37 -2 
  33 -2 
  26 -2 
  17 -2 
  3 -2 
  2 -2 
  -4 -2 
  -26 -2 
  -35 -2 
  -37 -2 
  -46 -2 
  -47 -2 
  -62 -2 
  80 -1 
  75 -1 
  68 -1 
  54 -1 
  41 -1 
  34 -1 
  2 -1 
  -33 -1 
  -37 -1 
  -41 -1 
  -45 -1 
  -53 -1 
  -67 -1 
  -70 -1 
  -71 -1 
  -73 -1 
  -79 -1 
  -80 -1 
  -81 -1 
  86 0 
  72 0 
  44 0 
  41 0 
  38 0 
  32 0 
  29 0 
  11 0 
  3 0 
  2 0 
  -9 0 
  -17 0 
  -42 0 
  -53 0 
  -71 0 
  -78 0 
  75 1 
  72 1 
  67 1 
  63 1 
  51 1 
  47 1 
  43 1 
  41 1 
  40 1 
  35 1 
  32 1 
  28 1 
  18 1 
  11 1 
  5 1 
  -9 1 
  -11 1 
  -12 1 
  -27 1 
  -29 1 
  -35 1 
  -36 1 
  -65 1 
  -67 1 
  -76 1 
  67 2 
  49 2 
  35 2 
  20 2 
  8 2 
  -12 2 
  -20 2 
  -37 2 
  -46 2 
  -55 2 
  -57 2 
  -58 2 
  -62 2 
  -65 2 
  -73 2 
  62 3 
  52 3 
  44 3 
  38 3 
  34 3 
  4 3 
  -41 3 
  -42 3 
  -44 3 
  -61 3 
  44 4 
  39 4 
  27 4 
  25 4 
  15 4 
  12 4 
  7 4 
  0 4 
  -3 4 
  -19 4 
  -26 4 
  30 5 
  21 5 
  11 5 
  9 5 
  8 5 
  5 5 
  -7 5 
  -10 5 
  -29 5 
  28 -5 
  19 -5 
  14 -5 
  7 -5 
  5 -5 
  -13 -5 
  -24 -5 
  -25 -5 
  -27 -5 
  52 -4 
  49 -4 
  45 -4 
  43 -4 
  36 -4 
  28 -4 
  24 -4 
  21 -4 
  -2 -4 
  -13 -4 
  -19 -4 
  -25 -4 
  -28 -4 
  -30 -4 
  -41 -4 
  -49 -4 
  -50 -4 
  -53 -4 
  28 -3 
  24 -3 
  13 -3 
  -5 -3 
  -40 -3 
  -44 -3 
  -51 -3 
  -58 -3 
  -64 -3 
  72 -2 
  60 -2 
  58 -2 
  48 -2 
  38 -2 
  25 -2 
  23 -2 
  14 -2 
  9 -2 
  -10 -2 
  -29 -2 
  -39 -2 
  -48 -2 
  -49 -2 
  -71 -2 
  77 -1 
  73 -1 
  72 -1 
  58 -1 
  56 -1 
  40 -1 
  39 -1 
  18 -1 
  8 -1 
  6 -1 
  3 -1 
  -4 -1 
  -9 -1 
  -17 -1 
  -18 -1 
  -29 -1 
  -34 -1 
  -38 -1 
  -40 -1 
  -58 -1 
  -61 -1 
  79 0 
  69 0 
  66 0 
  57 0 
  55 0 
  50 0 
  46 0 
  37 0 
  30 0 
  27 0 
  20 0 
  14 0 
  6 0 
  1 0 
  0 0 
  -4 0 
  -5 0 
  -16 0 
  -20 0 
  -22 0 
  -36 0 
  -40 0 
  -47 0 
  -55 0 
  -68 0 
  81 1 
  65 1 
  46 1 
  34 1 
  30 1 
  23 1 
  20 1 
  17 1 
  -2 1 
  -14 1 
  -19 1 
  -20 1 
  -30 1 
  -38 1 
  -42 1 
  -60 1 
  -70 1 
  -72 1 
  -78 1 
  73 2 
  53 2 
  52 2 
  50 2 
  46 2 
  33 2 
  27 2 
  26 2 
  25 2 
  21 2 
  11 2 
  5 2 
  4 2 
  0 2 
  -1 2 
  -10 2 
  -13 2 
  -15 2 
  -18 2 
  -33 2 
  -44 2 
  -60 2 
  -61 2 
  -72 2 
  64 3 
  63 3 
  60 3 
  51 3 
  40 3 
  27 3 
  16 3 
  13 3 
  3 3 
  -10 3 
  -11 3 
  -25 3 
  -26 3 
  -35 3 
  -49 3 
  -57 3 
  -60 3 
  -63 3 
  53 4 
  46 4 
  40 4 
  24 4 
  20 4 
  14 4 
  11 4 
  10 4 
  3 4 
  -8 4 
  -12 4 
  -28 4 
  -35 4 
  -37 4 
  -39 4 
  -44 4 
  26 5 
  6 5 
  4 5 
  -3 5 
  -8 5 
  -11 5 
  -13 5 
  -14 5 
  -15 5 
  -18 5 
  -20 5 
  -21 5 
  20 -5 
  16 -5 
  -9 -5 
  50 -4 
  44 -4 
  31 -4 
  30 -4 
  27 -4 
  5 -4 
  -7 -4 
  -38 -4 
  68 -3 
  66 -3 
  64 -3 
  61 -3 
  49 -3 
  44 -3 
  43 -3 
  30 -3 
  20 -3 
  15 -3 
  12 -3 
  7 -3 
  6 -3 
  1 -3 
  -3 -3 
  -11 -3 
  -12 -3 
  -19 -3 
  -26 -3 
  -37 -3 
  -46 -3 
  -49 -3 
  -57 -3 
  -65 -3 
  -66 -3 
  64 -2 
  56 -2 
  51 -2 
  50 -2 
  49 -2 
  34 -2 
  31 -2 
  21 -2 
  13 -2 
  -3 -2 
  -11 -2 
  -20 -2 
  -24 -2 
  -42 -2 
  -53 -2 
  -54 -2 
  -58 -2 
  -65 -2 
  -74 -2 
  81 -1 
  61 -1 
  60 -1 
  55 -1 
  48 -1 
  42 -1 
  36 -1 
  31 -1 
  24 -1 
  10 -1 
  7 -1 
  5 -1 
  -1 -1 
  -12 -1 
  -20 -1 
  -24 -1 
  -60 -1 
  -68 -1 
  -76 -1 
  75 0 
  71 0 
  67 0 
  63 0 
  52 0 
  35 0 
  33 0 
  18 0 
  17 0 
  13 0 
  -3 0 
  -11 0 
  -23 0 
  -26 0 
  -28 0 
  -37 0 
  -45 0 
  -48 0 
  -56 0 
  -58 0 
  -59 0 
  -70 0 
  -75 0 
  -77 0 
  -80 0 
  -81 0 
  -83 0 
  80 1 
  78 1 
  71 1 
  64 1 
  56 1 
  39 1 
  16 1 
  14 1 
  0 1 
  -8 1 
  -22 1 
  -28 1 
  -33 1 
  -40 1 
  -45 1 
  -53 1 
  -54 1 
  -58 1 
  -75 1 
  -77 1 
  77 2 
  71 2 
  64 2 
  56 2 
  55 2 
  28 2 
  6 2 
  -5 2 
  -7 2 
  -8 2 
  -19 2 
  -23 2 
  -25 2 
  -28 2 
  -48 2 
  -59 2 
  -70 2 
  54 3 
  43 3 
  37 3 
  29 3 
  24 3 
  22 3 
  20 3 
  2 3 
  1 3 
  -14 3 
  -15 3 
  -28 3 
  -31 3 
  -32 3 
  -58 3 
  -65 3 
  48 4 
  42 4 
  41 4 
  35 4 
  28 4 
  18 4 
  16 4 
  -9 4 
  -10 4 
  -18 4 
  -30 4 
  -33 4 
  -34 4 
  -47 4 
  -52 4 
  28 5 
  24 5 
  20 5 
  17 5 
  12 5 
  1 5 
  0 5 
  -23 5 
  27 -5 
  18 -5 
  3 -5 
  -4 -5 
  -15 -5 
  -17 -5 
  54 -4 
  46 -4 
  40 -4 
  34 -4 
  25 -4 
  12 -4 
  8 -4 
  2 -4 
  0 -4 
  -6 -4 
  -15 -4 
  -29 -4 
  -35 -4 
  -42 -4 
  -43 -4 
  -46 -4 
  -52 -4 
  60 -3 
  47 -3 
  46 -3 
  42 -3 
  40 -3 
  37 -3 
  27 -3 
  23 -3 
  18 -3 
  -1 -3 
  -15 -3 
  -23 -3 
  -28 -3 
  -31 -3 
  -43 -3 
  -56 -3 
  68 -2 
  54 -2 
  47 -2 
  46 -2 
  40 -2 
  36 -2 
  35 -2 
  18 -2 
  11 -2 
  8 -2 
  1 -2 
  -1 -2 
  -2 -2 
  -5 -2 
  -6 -2 
  -7 -2 
  -15 -2 
  -18 -2 
  -19 -2 
  -23 -2 
  -50 -2 
  -52 -2 
  -56 -2 
  -59 -2 
  -61 -2 
  -64 -2 
  -69 -2 
  -72 -2 
  -75 -2 
  -76 -2 
  38 -1 
  33 -1 
  19 -1 
  16 -1 
  0 -1 
  -10 -1 
  -14 -1 
  -15 -1 
  -28 -1 
  -30 -1 
  -32 -1 
  -46 -1 
  -50 -1 
  -52 -1 
  -55 -1 
  -56 -1 
  -78 -1 
  84 0 
  80 0 
  73 0 
  64 0 
  60 0 
  53 0 
  25 0 
  21 0 
  5 0 
  -7 0 
  -10 0 
  -18 0 
  -25 0 
  -27 0 
  -31 0 
  -39 0 
  -51 0 
  -57 0 
  -65 0 
  -67 0 
  -72 0 
  -74 0 
  73 1 
  69 1 
  66 1 
  60 1 
  59 1 
  57 1 
  31 1 
  29 1 
  13 1 
  12 1 
  -7 1 
  -16 1 
  -18 1 
  -31 1 
  -56 1 
  -66 1 
  76 2 
  70 2 
  65 2 
  63 2 
  61 2 
  58 2 
  43 2 
  40 2 
  39 2 
  38 2 
  34 2 
  24 2 
  22 2 
  19 2 
  14 2 
  12 2 
  10 2 
  2 2 
  -16 2 
  -26 2 
  -38 2 
  -39 2 
  -41 2 
  -42 2 
  -43 2 
  -49 2 
  -52 2 
  -66 2 
  -75 2 
  68 3 
  48 3 
  47 3 
  35 3 
  30 3 
  19 3 
  17 3 
  10 3 
  5 3 
  -3 3 
  -7 3 
  -19 3 
  -24 3 
  -30 3 
  -39 3 
  -40 3 
  -45 3 
  -47 3 
  -50 3 
  -53 3 
  -55 3 
  -64 3 
  -66 3 
  51 4 
  50 4 
  49 4 
  47 4 
  26 4 
  23 4 
  9 4 
  -27 4 
  -31 4 
  -38 4 
  -46 4 
  -53 4 
  27 5 
  13 5 
  7 5 
  -1 5 
  -2 5 
  -19 5 ;
AreaPerTest 1.3016499686e+10;
DefectRecordSpec 12 DEFECTID XREL YREL XINDEX YINDEX XSIZE YSIZE DEFECTAREA DSIZE CLASSNUMBER TEST IMAGECOUNT ;
DefectList
 1 384.533 11943.656 -4 5 1.169 1.169 0.195033 1.169 0 1 0
 2 155.096 9143.748 30 5 0.779 0.779 0.121076 0.779 0 1 0
 3 735.497 1881.606 -1 5 0.389 0.389 0.074554 0.389 0 1 0
 4 400.890 7501.834 -25 4 0.779 1.559 0.232012 1.559 9 1 0
 5 736.473 4661.617 49 4 1.169 1.169 0.189665 1.169 0 1 0
 6 402.348 14915.223 67 3 1.169 1.169 0.181912 1.169 1 1 0
 7 318.568 9881.275 -47 3 1.169 1.169 0.253484 1.169 0 1 0
 8 214.151 9449.363 17 3 0.779 0.779 0.155072 0.779 0 1 0
 9 719.579 7707.223 -56 3 0.779 1.169 0.134794 1.169 0 1 0
 10 752.699 7225.713 -14 3 0.779 1.169 0.168790 1.169 77 1 0
 11 252.553 16257.492 66 2 0.779 1.169 0.138372 1.169 77 1 0
 12 399.092 16186.515 11 2 0.779 1.169 0.113322 1.169 77 1 0
 13 325.728 12883.257 49 2 0.779 0.779 0.134794 0.779 0 1 0
 14 712.247 11571.075 25 2 0.389 0.779 0.090658 0.779 0 1 0
 15 626.983 12027.553 77 2 1.169 1.169 0.187876 1.169 77 1 0
 16 190.453 8982.605 22 2 0.779 0.779 0.132408 0.779 0 1 0
 17 820.072 8613.290 4 2 0.389 0.779 0.062029 0.779 0 1 0
 18 714.464 6190.817 -42 2 0.389 0.779 0.103183 0.779 0 1 0
 19 689.940 937.303 73 2 3.509 2.339 1.327658 3.509 77 1 0
 20 678.435 941.398 73 2 1.559 1.169 0.322670 1.559 2 1 0
 21 637.877 956.023 73 2 2.339 2.339 0.958466 2.339 77 1 0
 22 888.679 885.240 74 2 2.339 2.729 1.673588 2.729 3 1 0
 23 728.392 878.416 74 2 0.779 0.779 0.165808 0.779 0 1 0
 24 719.117 878.787 74 2 0.779 0.779 0.170580 0.779 0 1 0
 25 733.964 16420.050 80 1 1.169 1.169 0.203383 1.169 77 1 0
 26 674.880 16437.989 80 1 1.559 1.949 0.730033 1.949 77 1 0
 27 700.563 15362.072 13 1 1.169 1.559 0.252887 1.559 77 1 0
 28 280.184 15032.925 28 1 0.779 0.779 0.174158 0.779 0 1 0
 29 298.209 15032.531 28 1 1.169 0.779 0.193840 1.169 77 1 0
 30 362.052 13955.389 13 1 1.169 1.559 0.341756 1.559 77 1 0
 31 384.097 11680.330 1 1 0.779 0.779 0.115111 0.779 0 1 0
 32 697.594 5695.716 18 1 0.389 0.779 0.088868 0.779 0 1 0
 33 770.334 788.049 2 1 0.779 1.169 0.130619 1.169 77 1 0
 34 838.973 15676.653 -71 0 1.169 0.389 0.153283 1.169 77 1 0
 35 323.824 13584.961 1 0 0.389 0.779 0.103779 0.779 0 1 0
 36 879.392 10486.317 44 0 0.779 1.169 0.189665 1.169 77 1 0
 37 691.516 9567.579 -11 0 0.779 0.779 0.163422 0.779 0 1 0
 38 304.230 9367.711 85 0 1.169 1.169 0.218294 1.169 77 1 0
 39 709.641 8948.209 -19 0 0.779 1.169 0.124058 1.169 77 1 0
 40 376.775 7233.243 13 0 0.779 0.779 0.125847 0.779 0 1 0
 41 138.364 5836.505 86 0 1.169 1.169 0.280919 1.169 77 1 0
 42 714.964 5535.436 86 0 0.779 1.169 0.164019 1.169 77 1 0
 43 249.770 4571.051 19 0 0.779 0.779 0.070975 0.779 0 1 0
 44 141.799 2361.330 46 0 0.389 0.389 0.070975 0.389 0 1 0
 45 321.600 2082.101 71 0 1.169 1.169 0.181315 1.169 77 1 0
 46 369.498 16376.224 72 -1 0.779 1.169 0.145529 1.169 77 1 0
 47 737.897 14103.311 2 -1 0.779 0.779 0.113322 0.779 0 1 0
 48 150.124 11538.759 -7 -1 0.779 0.779 0.137179 0.779 0 1 0
 49 662.550 10781.864 72 -1 1.169 1.169 0.229626 1.169 77 1 0
 50 357.708 8547.364 -5 -1 1.169 1.169 0.203383 1.169 77 1 0
 51 622.622 7892.381 80 -1 0.779 0.779 0.110936 0.779 0 1 0
 52 326.549 1603.910 -15 -1 1.169 1.169 0.226644 1.169 77 1 0
 53 357.551 10951.831 0 -2 0.779 1.169 0.220083 1.169 77 1 0
 54 739.170 8666.828 -18 -2 1.169 0.779 0.156265 1.169 77 1 0
 55 382.199 7709.801 -20 -2 0.779 0.779 0.096026 0.779 0 1 0
 56 148.187 5877.250 -10 -2 1.559 1.559 0.372174 1.559 77 1 0
 57 828.119 3530.825 47 -2 0.779 0.779 0.138969 0.779 0 1 0
 58 893.692 964.517 -20 -2 1.169 1.169 0.218891 1.169 77 1 0
 59 847.793 13344.848 -36 -3 0.779 0.389 0.072765 0.779 0 1 0
 60 745.774 12301.245 18 -3 0.389 0.389 0.073958 0.389 0 1 0
 61 746.146 15689.312 2 -4 0.779 0.779 0.121076 0.779 0 1 0
 62 748.495 7294.708 -15 -5 0.389 0.389 0.063818 0.389 0 1 0;
EndOfFile;
