FileVersion 1 2;
FileTimestamp 05-01-19 10:25:36;
InspectionStationID "NONE" "2360" "IPS204";
SampleType WAFER;
ResultTimestamp 04-18-19 11:35:07;
LotID "193P14";
SampleSize 1 200;
DeviceID "TT23";
SetupID "TT23_PDNPEP_PIX" 04-16-19 15:30:58;
StepID "PDNPEP_PIX";
SampleOrientationMarkType NOTCH;
OrientationMarkLocation DOWN;
DiePitch 6.6750800000e+03 4.3869810000e+03;
DieOrigin 0.0000000000e+00 0.0000000000e+00;
WaferID "@09";
Slot 9;
SampleCenterLocation 3.5781200000e+02 3.4605040000e+03;
ClassLookup 74
  0 "Uncategorized"
  1 "Small PT"
  2 "Medium PT"
  3 "Large PT"
  4 "Polymer"
  5 "Flake PT"
  6 "Scratch"
  9 "Other Defect"
  10 "Other Residue"
  11 "Wet Residue"
  13 "W Residue"
  14 "PR Residue"
  15 "Liquid Mark"
  16 "Thread Defect"
  20 "Pits"
  22 "Pattern Deformed"
  23 "Defocus"
  24 "PR BUBBLE"
  25 "Crown Defect"
  27 "Bead Defect"
  30 "CMP Scratch"
  31 "Minor CMP Scratch"
  35 "Rip Out"
  40 "Protrusion"
  42 "Top Blocked"
  43 "Bottom Blocked"
  44 "Line broken"
  45 "Metal Corrosion"
  46 "Galvanic Corrosion"
  51 "PR Popping"
  52 "Salicide Bad"
  53 "STI Dimple"
  59 "W Void"
  60 "AA Dep PT"
  61 "GC Dep PT"
  62 "CVD Dep PT"
  63 "Metal Dep PT"
  73 "Cone Defect"
  74 "Metal Depression"
  77 "Underlayer"
  78 "NUISANCE/FALSE"
  79 "Metal Grain"
  80 "Don't Care/Minor"
  95 "Missing AI"
  99 "test2"
  100 "Cluster"
  101 "CU CMP Scratch"
  102 "CU Void"
  103 "2_PO Missing"
  104 "CU Pattern Open"
  105 "CU Remain"
  106 "Circle CU Remain"
  107 "CU CVD PT"
  108 "CU Eclips"
  109 "CU CMP Residue"
  110 "Minor CU CMP Scratch"
  111 "CMP PT"
  112 "CU SEAM PT"
  113 "CU Ox"
  114 "CU Pattern Open(Minor)"
  116 "1_PO Missing"
  117 "PAD Abnormality"
  150 "Guard Ring Circle Defect"
  151 "EBR Circle Defect"
  152 "PAD Hillock"
  153 "PAD Residue"
  154 "PAD Hole"
  155 "Color PR Residue"
  201 "Bin 1"
  202 "Bin 2"
  203 "Bin 3"
  204 "Bin 4"
  205 "Bin 5"
  206 "Bin 6"  ;
OrientationInstructions "";
InspectionTest 1;
SampleTestPlan 940
  -14 0 
  -13 -8 
  -13 -7 
  -13 2 
  -13 6 
  -12 -8 
  -12 2 
  -12 5 
  -11 -4 
  -11 -2 
  -11 0 
  -10 -9 
  -10 -4 
  -10 3 
  -10 4 
  -9 -10 
  -9 9 
  -8 -10 
  -8 -9 
  -8 6 
  -8 13 
  -7 -18 
  -7 -12 
  -7 1 
  -7 13 
  -6 -9 
  -6 18 
  -5 -16 
  -5 4 
  -5 6 
  -5 13 
  -5 15 
  -4 -19 
  -4 -18 
  -4 -17 
  -4 -16 
  -4 -13 
  -4 -3 
  -4 6 
  -3 -15 
  -3 -7 
  -3 -4 
  -3 5 
  -3 13 
  -3 15 
  -2 -12 
  -2 -4 
  -2 2 
  -2 5 
  -2 14 
  -2 16 
  -2 19 
  -1 -16 
  -1 -7 
  -1 -5 
  -1 -1 
  -1 1 
  -1 12 
  -1 17 
  0 -9 
  0 -3 
  0 12 
  1 -10 
  1 -9 
  1 -5 
  2 -18 
  2 -4 
  2 -2 
  2 1 
  2 7 
  2 16 
  3 -19 
  3 -11 
  3 -9 
  3 5 
  3 12 
  3 18 
  4 -19 
  4 -18 
  4 -16 
  4 -9 
  4 -4 
  4 6 
  4 16 
  4 18 
  4 20 
  5 -12 
  5 -4 
  5 0 
  5 12 
  5 16 
  5 19 
  6 -18 
  6 -16 
  6 -4 
  7 -6 
  7 17 
  8 -13 
  9 -12 
  9 -11 
  9 -8 
  9 1 
  9 10 
  10 8 
  11 -11 
  11 1 
  11 10 
  12 -8 
  -13 0 
  -13 4 
  -12 0 
  -12 11 
  -11 -3 
  -11 4 
  -11 6 
  -11 12 
  -11 14 
  -10 -15 
  -10 -12 
  -10 -11 
  -10 -2 
  -10 0 
  -10 8 
  -10 10 
  -10 14 
  -9 -15 
  -9 -9 
  -9 2 
  -9 8 
  -9 11 
  -9 16 
  -8 -16 
  -8 -7 
  -8 5 
  -8 15 
  -8 18 
  -7 -17 
  -7 -16 
  -7 -7 
  -7 -2 
  -6 -15 
  -6 -11 
  -6 -10 
  -6 -4 
  -6 -3 
  -6 8 
  -6 9 
  -5 -12 
  -5 -10 
  -5 -7 
  -5 5 
  -5 9 
  -4 -6 
  -4 1 
  -4 10 
  -3 -20 
  -3 -19 
  -3 -12 
  -3 -8 
  -3 9 
  -3 21 
  -2 -10 
  -2 -3 
  -2 9 
  -2 11 
  -2 12 
  -2 17 
  -2 20 
  -1 -17 
  -1 -15 
  -1 -13 
  -1 7 
  -1 8 
  -1 11 
  -1 14 
  -1 19 
  0 -20 
  0 -1 
  0 3 
  0 14 
  1 -6 
  1 2 
  1 4 
  1 6 
  1 15 
  2 -16 
  2 18 
  3 -8 
  3 -3 
  3 -2 
  3 2 
  3 3 
  3 20 
  4 -5 
  4 5 
  4 7 
  4 11 
  4 17 
  5 -17 
  5 -7 
  5 1 
  5 8 
  5 18 
  6 -12 
  6 -10 
  6 -9 
  6 1 
  6 7 
  6 12 
  7 -1 
  7 8 
  8 -5 
  8 2 
  8 3 
  8 11 
  9 -14 
  9 -13 
  9 -3 
  9 15 
  10 -9 
  10 0 
  11 -10 
  11 2 
  11 6 
  11 8 
  12 -6 
  12 -3 
  12 0 
  12 2 
  12 4 
  13 -4 
  -14 3 
  -14 4 
  -13 -2 
  -13 8 
  -12 -9 
  -12 -4 
  -12 -3 
  -12 4 
  -12 9 
  -12 12 
  -11 -8 
  -11 8 
  -11 10 
  -10 -7 
  -10 1 
  -10 2 
  -10 15 
  -9 -16 
  -9 -3 
  -9 5 
  -8 -12 
  -8 -1 
  -8 14 
  -7 -13 
  -7 -8 
  -7 -5 
  -7 -1 
  -7 16 
  -6 -16 
  -6 0 
  -6 1 
  -6 2 
  -6 10 
  -6 14 
  -5 -15 
  -5 -8 
  -5 10 
  -5 11 
  -4 -15 
  -4 -9 
  -4 -5 
  -4 8 
  -4 12 
  -4 17 
  -3 -17 
  -3 -16 
  -3 -13 
  -3 -10 
  -3 -2 
  -2 -15 
  -2 -7 
  -2 -5 
  -2 0 
  -2 10 
  -1 -9 
  -1 4 
  -1 13 
  0 -14 
  0 -12 
  0 -8 
  0 7 
  0 19 
  1 -14 
  1 11 
  1 12 
  1 18 
  1 19 
  1 21 
  2 -19 
  2 -9 
  2 -8 
  2 15 
  2 20 
  3 -16 
  3 8 
  3 9 
  4 -20 
  4 -3 
  4 1 
  4 14 
  5 -2 
  5 11 
  5 17 
  6 -14 
  6 -5 
  6 3 
  6 14 
  6 15 
  7 -4 
  7 12 
  7 16 
  8 -8 
  8 -6 
  8 -2 
  8 13 
  8 15 
  8 16 
  9 -6 
  9 -5 
  9 -2 
  10 -7 
  10 -1 
  10 9 
  11 -5 
  12 -7 
  12 1 
  12 7 
  13 -1 
  13 4 
  -14 -1 
  -13 3 
  -13 7 
  -12 8 
  -12 10 
  -11 -7 
  -11 5 
  -10 -3 
  -10 5 
  -9 -14 
  -9 -11 
  -9 -7 
  -9 -1 
  -9 6 
  -9 13 
  -8 -17 
  -8 -15 
  -8 -3 
  -8 9 
  -8 12 
  -8 17 
  -7 -11 
  -7 5 
  -7 7 
  -7 8 
  -7 10 
  -7 19 
  -6 -14 
  -6 -13 
  -6 6 
  -6 11 
  -6 12 
  -6 17 
  -5 -14 
  -5 -4 
  -4 -7 
  -4 0 
  -4 18 
  -3 -6 
  -3 -3 
  -3 0 
  -3 4 
  -3 12 
  -3 19 
  -2 -20 
  -2 -16 
  -2 -14 
  -2 -9 
  -2 -2 
  -1 -3 
  -1 -2 
  -1 16 
  0 -16 
  0 -10 
  0 2 
  0 4 
  0 5 
  0 8 
  1 -20 
  1 0 
  1 1 
  1 3 
  1 5 
  1 7 
  1 16 
  2 -15 
  2 -6 
  2 2 
  2 8 
  2 14 
  2 17 
  3 -5 
  3 4 
  3 7 
  3 10 
  4 -13 
  4 -10 
  4 -8 
  4 -7 
  4 2 
  4 4 
  4 12 
  5 -14 
  5 -6 
  5 -5 
  6 -17 
  6 -15 
  6 -8 
  6 -2 
  6 6 
  6 11 
  6 13 
  7 -15 
  7 -14 
  7 -13 
  7 -10 
  7 -8 
  7 -2 
  7 4 
  7 6 
  7 10 
  8 -14 
  8 4 
  8 8 
  8 12 
  9 -15 
  9 0 
  9 6 
  9 9 
  9 13 
  10 -13 
  10 -11 
  10 -10 
  10 4 
  10 7 
  10 12 
  11 -3 
  11 -2 
  11 3 
  11 11 
  11 12 
  12 -4 
  12 -1 
  -13 -6 
  -13 1 
  -13 9 
  -11 -13 
  -11 -12 
  -11 -11 
  -11 -10 
  -11 -9 
  -11 -6 
  -11 1 
  -11 2 
  -10 -13 
  -10 -8 
  -10 -1 
  -10 13 
  -9 -5 
  -8 -8 
  -8 -5 
  -8 0 
  -8 4 
  -8 16 
  -7 -15 
  -7 -14 
  -7 0 
  -7 18 
  -6 5 
  -6 15 
  -5 -19 
  -5 -9 
  -5 -6 
  -5 -1 
  -4 -14 
  -4 -2 
  -4 2 
  -4 5 
  -4 11 
  -4 15 
  -3 10 
  -3 16 
  -2 -13 
  -2 -11 
  -2 1 
  -2 3 
  -2 15 
  -1 -11 
  -1 9 
  -1 10 
  0 -13 
  0 11 
  0 15 
  0 16 
  0 20 
  0 21 
  1 -12 
  1 -7 
  1 14 
  2 -20 
  2 -17 
  2 -10 
  2 -5 
  2 -1 
  2 0 
  3 -15 
  3 -13 
  3 -6 
  3 -4 
  3 -1 
  3 13 
  3 14 
  3 15 
  3 19 
  3 21 
  4 -15 
  4 -11 
  4 -1 
  4 0 
  5 -13 
  5 3 
  5 5 
  5 6 
  5 9 
  6 -7 
  6 -6 
  6 -3 
  6 16 
  7 -16 
  7 -11 
  7 -5 
  7 11 
  8 -16 
  8 -10 
  8 -7 
  8 9 
  8 17 
  9 -10 
  9 2 
  9 3 
  9 5 
  9 12 
  10 -6 
  10 -4 
  10 1 
  10 10 
  10 11 
  10 13 
  10 14 
  11 7 
  12 -9 
  12 -2 
  12 8 
  13 -3 
  13 -2 
  13 3 
  -14 -4 
  -14 -3 
  -14 -2 
  -14 2 
  -14 5 
  -13 -5 
  -13 -4 
  -12 -10 
  -12 -5 
  -11 -5 
  -11 7 
  -11 9 
  -10 -10 
  -10 -6 
  -10 -5 
  -10 9 
  -10 11 
  -9 -12 
  -9 -2 
  -9 1 
  -9 10 
  -9 12 
  -9 17 
  -8 -14 
  -8 2 
  -7 -6 
  -7 14 
  -7 15 
  -7 17 
  -6 3 
  -6 4 
  -6 7 
  -6 16 
  -5 -18 
  -5 -17 
  -5 -11 
  -5 -2 
  -5 1 
  -5 7 
  -5 8 
  -5 14 
  -4 -12 
  -4 -4 
  -4 3 
  -4 16 
  -4 21 
  -3 -11 
  -3 -1 
  -3 6 
  -3 7 
  -3 8 
  -3 14 
  -3 20 
  -2 -1 
  -2 6 
  -1 -21 
  -1 -18 
  -1 -10 
  -1 -8 
  -1 -4 
  -1 3 
  -1 5 
  -1 18 
  -1 20 
  -1 21 
  0 -7 
  0 18 
  1 -19 
  1 -18 
  1 -16 
  1 -11 
  1 -1 
  1 9 
  1 17 
  1 20 
  2 -11 
  2 -3 
  2 3 
  2 4 
  2 5 
  2 11 
  2 12 
  2 19 
  3 -17 
  3 -10 
  3 1 
  3 11 
  4 -14 
  5 2 
  5 7 
  5 10 
  5 13 
  5 14 
  6 17 
  6 18 
  7 -17 
  7 -3 
  7 5 
  7 13 
  7 14 
  8 -9 
  8 -4 
  8 -1 
  8 14 
  9 -4 
  9 -1 
  9 4 
  9 7 
  9 11 
  10 2 
  10 3 
  11 -8 
  11 9 
  13 6 
  -14 1 
  -12 -7 
  -12 -2 
  -12 -1 
  -12 1 
  -12 3 
  -12 6 
  -11 3 
  -11 11 
  -10 -14 
  -10 6 
  -10 7 
  -10 12 
  -9 -8 
  -9 -4 
  -9 0 
  -9 4 
  -9 15 
  -8 -13 
  -8 -11 
  -8 -4 
  -8 3 
  -8 11 
  -7 -10 
  -7 -4 
  -7 3 
  -7 11 
  -7 12 
  -6 -18 
  -6 -17 
  -6 -12 
  -6 -8 
  -6 -2 
  -6 13 
  -5 -13 
  -5 -5 
  -5 -3 
  -5 0 
  -5 19 
  -4 -20 
  -4 -8 
  -4 -1 
  -4 4 
  -4 7 
  -4 13 
  -4 14 
  -4 19 
  -3 -5 
  -3 1 
  -3 2 
  -3 11 
  -2 -21 
  -2 -18 
  -2 -17 
  -2 -8 
  -2 -6 
  -2 13 
  -1 -12 
  -1 -6 
  -1 6 
  0 -15 
  0 1 
  0 9 
  0 10 
  0 13 
  0 17 
  1 -3 
  1 -2 
  1 10 
  2 -14 
  2 9 
  3 -20 
  3 -18 
  3 -14 
  3 -7 
  3 16 
  4 -17 
  4 -12 
  4 -2 
  4 3 
  4 10 
  4 13 
  4 15 
  4 19 
  5 -19 
  5 -18 
  5 -16 
  5 -11 
  5 -9 
  5 -8 
  5 -1 
  6 -11 
  6 0 
  6 2 
  6 5 
  6 8 
  6 9 
  7 -9 
  7 -7 
  7 2 
  7 7 
  7 15 
  8 -12 
  8 -11 
  8 -3 
  8 0 
  8 7 
  8 10 
  9 -9 
  9 -7 
  9 8 
  10 -8 
  10 -5 
  10 -3 
  10 5 
  11 -7 
  11 -4 
  11 0 
  12 3 
  13 0 
  13 5 
  -13 -3 
  -13 -1 
  -13 5 
  -12 -11 
  -12 -6 
  -12 7 
  -11 -1 
  -11 13 
  -9 -13 
  -9 -6 
  -9 3 
  -9 7 
  -9 14 
  -8 -6 
  -8 -2 
  -8 1 
  -8 7 
  -8 8 
  -8 10 
  -7 -9 
  -7 -3 
  -7 2 
  -7 4 
  -7 6 
  -7 9 
  -6 -19 
  -6 -7 
  -6 -6 
  -6 -5 
  -6 -1 
  -6 19 
  -5 2 
  -5 3 
  -5 12 
  -5 16 
  -5 17 
  -5 18 
  -5 20 
  -4 -11 
  -4 -10 
  -4 9 
  -4 20 
  -3 -18 
  -3 -14 
  -3 -9 
  -3 3 
  -3 17 
  -3 18 
  -2 -19 
  -2 4 
  -2 7 
  -2 8 
  -2 18 
  -2 21 
  -1 -20 
  -1 -19 
  -1 -14 
  -1 0 
  -1 2 
  -1 15 
  0 -21 
  0 -19 
  0 -18 
  0 -17 
  0 -11 
  0 -6 
  0 -5 
  0 -4 
  0 -2 
  0 0 
  0 6 
  1 -21 
  1 -17 
  1 -15 
  1 -13 
  1 -8 
  1 -4 
  1 8 
  1 13 
  2 -13 
  2 -12 
  2 -7 
  2 6 
  2 10 
  2 13 
  2 21 
  3 -12 
  3 0 
  3 6 
  3 17 
  4 -6 
  4 8 
  4 9 
  5 -15 
  5 -10 
  5 -3 
  5 4 
  5 15 
  6 -13 
  6 -1 
  6 4 
  6 10 
  6 19 
  7 -12 
  7 0 
  7 1 
  7 3 
  7 9 
  7 18 
  8 -15 
  8 1 
  8 5 
  8 6 
  9 14 
  10 -12 
  10 -2 
  10 6 
  11 -9 
  11 -6 
  11 -1 
  11 4 
  11 5 
  12 -5 
  12 5 
  12 6 
  12 9 
  13 -5 
  13 1 
  13 2 ;
AreaPerTest 1.6495500505e+10;
DefectRecordSpec 12 DEFECTID XREL YREL XINDEX YINDEX XSIZE YSIZE DEFECTAREA DSIZE CLASSNUMBER TEST IMAGECOUNT ;
DefectList
 1 2521.603 3019.114 2 20 0.779 0.779 0.069186 0.779 0 1 0
 2 4307.104 3635.820 0 17 0.779 1.169 0.109743 1.169 0 1 0
 3 3708.035 1775.937 -3 15 0.779 1.169 0.119883 1.169 0 1 0
 4 749.042 805.066 4 15 0.779 0.779 0.078133 0.779 0 1 0
 5 1758.721 2474.102 -4 13 0.389 0.389 0.053082 0.389 0 1 0
 6 4142.434 1971.245 -4 11 0.389 0.389 0.052486 0.389 0 1 0
 7 1383.229 3133.316 13 0 0.779 1.169 0.109147 1.169 0 1 0
 8 2219.940 1024.656 -12 0 0.389 0.389 0.017297 0.389 0 1 0
 9 4894.103 793.675 -8 -6 3.509 3.509 0.877948 3.509 0 1 0
 10 3367.095 2754.100 -13 -8 0.779 0.389 0.071572 0.779 0 1 0
 11 1350.502 920.703 6 -8 0.389 0.779 0.063222 0.779 0 1 0
 12 2255.002 854.601 -7 -8 3.899 4.289 2.057094 4.289 0 1 0
 13 3562.210 1130.743 -7 -10 1.169 1.559 0.230819 1.559 0 1 0
 14 2554.012 2648.641 0 -13 16.769 18.719 30.031546 18.719 0 1 0
 15 2556.157 2632.847 0 -13 7.799 1.169 0.308355 7.799 0 1 0
 16 2701.625 2824.487 6 -15 1.559 2.339 0.387084 2.339 0 1 0
 17 1956.040 1891.426 0 -16 0.779 1.169 0.099008 1.169 0 1 0
 18 5880.509 2468.961 3 -18 0.779 1.169 0.122269 1.169 0 1 0
 19 4467.849 752.999 5 -18 1.169 2.729 0.193244 2.729 0 1 0
 20 4009.299 3301.847 -1 -21 2.729 3.119 0.612536 3.119 0 1 0;
SummarySpec 5
  TESTNO    NDEFECT    DEFDENSITY    NDIE    NDEFDIE  ;
SummaryList 
  1    20    1.2124487758e-01    940    19  ;
EndOfFile;
