FileVersion 1 2;
FileTimestamp 06-06-19 18:19:54;
InspectionStationID "NONE" "2360" "IPS204";
SampleType WAFER;
ResultTimestamp 03-27-18 23:05:17;
LotID "182M54";
SampleSize 1 200;
DeviceID "MA65";
SetupID "MA65_3039M3DM" 03-16-18 03:55:48;
StepID "3039M3DM";
SampleOrientationMarkType NOTCH;
OrientationMarkLocation DOWN;
DiePitch 5.0441190000e+03 4.2535010000e+03;
DieOrigin 0.0000000000e+00 0.0000000000e+00;
WaferID "@07";
Slot 7;
SampleCenterLocation 5.4406950000e+03 1.8728040000e+03;
ClassLookup 74
  0 "Uncategorized"
  1 "Small PT"
  2 "Medium PT"
  3 "Large PT"
  4 "Polymer"
  5 "Flake PT"
  6 "Scratch"
  9 "Other Defect"
  10 "Other Residue"
  11 "Wet Residue"
  13 "W Residue"
  14 "PR Residue"
  15 "Liquid Mark"
  16 "Thread Defect"
  20 "Pits"
  22 "Pattern Deformed"
  23 "Defocus"
  24 "PR BUBBLE"
  25 "Crown Defect"
  27 "Bead Defect"
  30 "CMP Scratch"
  31 "Minor CMP Scratch"
  35 "Rip Out"
  40 "Protrusion"
  42 "Top Blocked"
  43 "Bottom Blocked"
  44 "Line broken"
  45 "Metal Corrosion"
  46 "Galvanic Corrosion"
  51 "PR Popping"
  52 "Salicide Bad"
  53 "STI Dimple"
  59 "W Void"
  60 "AA Dep PT"
  61 "GC Dep PT"
  62 "CVD Dep PT"
  63 "Metal Dep PT"
  73 "Cone Defect"
  74 "Metal Depression"
  77 "Underlayer"
  78 "NUISANCE/FALSE"
  79 "Metal Grain"
  80 "Don't Care/Minor"
  95 "Missing AI"
  99 "test2"
  100 "Cluster"
  101 "CU CMP Scratch"
  102 "CU Void"
  103 "2_PO Missing"
  104 "CU Pattern Open"
  105 "CU Remain"
  106 "Circle CU Remain"
  107 "CU CVD PT"
  108 "CU Eclips"
  109 "CU CMP Residue"
  110 "Minor CU CMP Scratch"
  111 "CMP PT"
  112 "CU SEAM PT"
  113 "CU Ox"
  114 "CU Pattern Open(Minor)"
  116 "1_PO Missing"
  117 "PAD Abnormality"
  150 "Guard Ring Circle Defect"
  151 "EBR Circle Defect"
  152 "PAD Hillock"
  153 "PAD Residue"
  154 "PAD Hole"
  155 "Color PR Residue"
  201 "Bin 1"
  202 "Bin 2"
  203 "Bin 3"
  204 "Bin 4"
  205 "Bin 5"
  206 "Bin 6"  ;
OrientationInstructions "";
InspectionTest 1;
SampleTestPlan 1296
  -18 -1 
  -17 1 
  -17 5 
  -16 -9 
  -16 1 
  -16 4 
  -15 -5 
  -15 -3 
  -15 -1 
  -14 -10 
  -14 -5 
  -14 2 
  -14 3 
  -13 -11 
  -13 8 
  -12 -11 
  -12 -10 
  -12 5 
  -12 12 
  -11 -13 
  -11 0 
  -11 12 
  -10 -10 
  -10 17 
  -9 -17 
  -9 3 
  -9 5 
  -9 12 
  -9 14 
  -8 -19 
  -8 -18 
  -8 -17 
  -8 -14 
  -8 -4 
  -8 5 
  -7 -16 
  -7 -8 
  -7 -5 
  -7 4 
  -7 12 
  -7 14 
  -6 -13 
  -6 -5 
  -6 1 
  -6 4 
  -6 13 
  -6 15 
  -6 18 
  -5 -17 
  -5 -8 
  -5 -6 
  -5 -2 
  -5 0 
  -5 11 
  -5 16 
  -4 -10 
  -4 -4 
  -4 11 
  -3 -11 
  -3 -10 
  -3 -6 
  -2 -19 
  -2 -5 
  -2 -3 
  -2 0 
  -2 6 
  -2 15 
  -1 -20 
  -1 -12 
  -1 -10 
  -1 4 
  -1 11 
  -1 17 
  0 -20 
  0 -19 
  0 -17 
  0 -10 
  0 -5 
  0 5 
  0 15 
  0 17 
  0 19 
  0 20 
  1 -13 
  1 -5 
  1 -1 
  1 11 
  1 15 
  1 18 
  2 -19 
  2 -17 
  2 -5 
  3 -7 
  3 16 
  3 20 
  4 -18 
  4 -14 
  4 17 
  5 -13 
  5 -12 
  5 -9 
  5 0 
  5 9 
  6 7 
  7 -16 
  7 -12 
  7 0 
  7 9 
  7 13 
  8 -20 
  8 -17 
  8 -16 
  8 -9 
  8 11 
  8 14 
  9 -9 
  9 13 
  10 -9 
  10 -3 
  10 0 
  10 6 
  10 8 
  10 12 
  11 -3 
  11 0 
  11 1 
  11 5 
  11 14 
  12 -7 
  12 14 
  13 -4 
  13 11 
  14 -10 
  14 6 
  14 8 
  14 11 
  16 -12 
  17 -7 
  17 1 
  17 8 
  18 0 
  18 6 
  19 3 
  -17 -1 
  -17 3 
  -16 -1 
  -15 -4 
  -15 3 
  -15 5 
  -15 11 
  -14 -13 
  -14 -12 
  -14 -3 
  -14 -1 
  -14 7 
  -14 9 
  -14 13 
  -13 -10 
  -13 1 
  -13 7 
  -13 10 
  -12 -8 
  -12 4 
  -12 14 
  -11 -17 
  -11 -8 
  -11 -3 
  -10 -16 
  -10 -12 
  -10 -11 
  -10 -5 
  -10 -4 
  -10 7 
  -10 8 
  -9 -13 
  -9 -11 
  -9 -8 
  -9 4 
  -9 8 
  -8 -7 
  -8 0 
  -8 9 
  -7 -20 
  -7 -13 
  -7 -9 
  -7 8 
  -7 20 
  -6 -11 
  -6 -4 
  -6 8 
  -6 10 
  -6 11 
  -6 16 
  -6 19 
  -5 -18 
  -5 -16 
  -5 -14 
  -5 6 
  -5 7 
  -5 10 
  -5 13 
  -5 18 
  -5 21 
  -4 -21 
  -4 -2 
  -4 2 
  -4 13 
  -4 21 
  -3 -7 
  -3 1 
  -3 3 
  -3 5 
  -3 14 
  -2 -17 
  -2 17 
  -1 -9 
  -1 -4 
  -1 -3 
  -1 1 
  -1 2 
  -1 19 
  0 -6 
  0 4 
  0 6 
  0 10 
  0 16 
  1 -18 
  1 -8 
  1 0 
  1 7 
  1 17 
  1 19 
  1 20 
  2 -13 
  2 -11 
  2 -10 
  2 0 
  2 6 
  2 11 
  2 21 
  3 -22 
  3 -2 
  3 7 
  4 -6 
  4 1 
  4 2 
  4 10 
  4 20 
  5 -20 
  5 -19 
  5 -15 
  5 -14 
  5 -4 
  5 14 
  5 18 
  6 -10 
  6 -1 
  6 20 
  7 -20 
  7 -19 
  7 -13 
  7 -11 
  7 1 
  7 5 
  7 7 
  7 17 
  7 20 
  8 -7 
  8 -4 
  8 -1 
  8 1 
  8 3 
  8 16 
  8 18 
  9 -5 
  9 9 
  9 15 
  10 -18 
  10 -10 
  10 -7 
  10 -6 
  11 -14 
  11 -11 
  11 -5 
  11 -4 
  11 7 
  11 16 
  11 17 
  12 -9 
  12 -6 
  12 -3 
  12 0 
  12 11 
  13 -9 
  13 -7 
  13 3 
  13 5 
  13 12 
  14 -9 
  14 -7 
  14 -5 
  14 -4 
  14 -1 
  14 3 
  14 15 
  15 -5 
  15 0 
  15 12 
  16 -11 
  16 -10 
  16 -8 
  16 4 
  16 5 
  16 7 
  17 4 
  17 9 
  18 2 
  18 3 
  18 4 
  19 -1 
  -18 2 
  -17 -3 
  -17 7 
  -16 -10 
  -16 -5 
  -16 -4 
  -16 3 
  -16 8 
  -15 -9 
  -15 7 
  -15 9 
  -14 -8 
  -14 0 
  -14 1 
  -13 -4 
  -13 4 
  -12 -13 
  -12 -2 
  -12 13 
  -11 -14 
  -11 -9 
  -11 -6 
  -11 -2 
  -11 15 
  -10 -17 
  -10 -1 
  -10 0 
  -10 1 
  -10 9 
  -10 13 
  -9 -16 
  -9 -9 
  -9 9 
  -9 10 
  -8 -16 
  -8 -10 
  -8 -6 
  -8 7 
  -8 11 
  -8 16 
  -7 -18 
  -7 -17 
  -7 -14 
  -7 -11 
  -7 -3 
  -6 -16 
  -6 -8 
  -6 -6 
  -6 -1 
  -6 9 
  -5 -10 
  -5 3 
  -5 12 
  -4 -15 
  -4 -13 
  -4 -9 
  -4 6 
  -4 18 
  -3 -15 
  -3 10 
  -3 11 
  -3 17 
  -3 18 
  -3 20 
  -2 -22 
  -2 -20 
  -2 -10 
  -2 -9 
  -2 14 
  -2 19 
  -1 -17 
  -1 7 
  -1 8 
  0 -21 
  0 -4 
  0 0 
  0 13 
  0 21 
  1 -3 
  1 10 
  1 16 
  2 -15 
  2 -6 
  2 2 
  2 13 
  2 14 
  3 -20 
  3 -5 
  3 11 
  3 15 
  3 18 
  3 19 
  4 -9 
  4 -7 
  4 -3 
  4 12 
  4 14 
  4 15 
  5 -7 
  5 -6 
  5 -3 
  5 17 
  5 19 
  6 -17 
  6 -16 
  6 -8 
  6 -2 
  6 8 
  6 14 
  6 16 
  6 17 
  7 -18 
  7 -6 
  7 12 
  7 14 
  7 18 
  7 19 
  8 -19 
  8 -15 
  8 -8 
  8 0 
  8 6 
  9 -18 
  9 -10 
  9 -8 
  9 -2 
  9 3 
  9 19 
  10 -17 
  10 -8 
  10 -2 
  10 15 
  11 -13 
  11 -10 
  11 12 
  12 -14 
  12 -13 
  12 9 
  12 10 
  12 15 
  13 -13 
  13 -5 
  13 -3 
  13 2 
  13 4 
  13 8 
  14 -13 
  14 1 
  14 10 
  14 14 
  15 -2 
  15 -1 
  15 13 
  16 -6 
  16 -5 
  16 11 
  17 -6 
  18 -5 
  -18 -2 
  -17 2 
  -17 6 
  -16 7 
  -16 9 
  -15 -8 
  -15 4 
  -14 -4 
  -14 4 
  -13 -15 
  -13 -12 
  -13 -8 
  -13 -2 
  -13 5 
  -13 12 
  -12 -16 
  -12 -4 
  -12 8 
  -12 11 
  -12 16 
  -11 -12 
  -11 4 
  -11 6 
  -11 7 
  -11 9 
  -10 -15 
  -10 -14 
  -10 5 
  -10 10 
  -10 11 
  -10 16 
  -9 -15 
  -9 -5 
  -8 -8 
  -8 -1 
  -8 17 
  -7 -7 
  -7 -4 
  -7 -1 
  -7 3 
  -7 11 
  -7 18 
  -6 -17 
  -6 -15 
  -6 -10 
  -6 -3 
  -5 -4 
  -5 -3 
  -5 15 
  -4 -17 
  -4 -11 
  -4 1 
  -4 3 
  -4 4 
  -4 7 
  -3 -21 
  -3 -1 
  -3 0 
  -3 2 
  -3 4 
  -3 6 
  -3 15 
  -2 -16 
  -2 -7 
  -2 1 
  -2 7 
  -2 13 
  -2 16 
  -1 -6 
  -1 3 
  -1 6 
  -1 9 
  -1 21 
  0 -14 
  0 -11 
  0 -9 
  0 -8 
  0 1 
  0 3 
  0 11 
  1 -15 
  1 -7 
  1 -6 
  2 -18 
  2 -16 
  2 -9 
  2 -3 
  2 5 
  2 10 
  2 12 
  3 -21 
  3 -16 
  3 -15 
  3 -14 
  3 -11 
  3 -9 
  3 -3 
  3 3 
  3 5 
  3 9 
  4 -19 
  4 -15 
  4 3 
  4 7 
  4 11 
  5 -18 
  5 -17 
  5 -16 
  5 -1 
  5 5 
  5 8 
  5 12 
  5 21 
  6 -15 
  6 -14 
  6 -12 
  6 -11 
  6 3 
  6 6 
  6 11 
  6 21 
  7 -4 
  7 -3 
  7 2 
  7 10 
  7 11 
  7 15 
  8 -13 
  8 -5 
  8 -2 
  8 13 
  9 -13 
  9 14 
  9 18 
  10 -11 
  10 5 
  10 10 
  10 17 
  11 -8 
  11 6 
  11 8 
  11 10 
  11 13 
  11 18 
  12 -2 
  12 3 
  13 -16 
  13 0 
  13 1 
  13 7 
  13 9 
  14 -14 
  14 -12 
  14 -11 
  14 -3 
  15 -6 
  16 -7 
  16 8 
  17 -10 
  17 -8 
  17 -2 
  17 0 
  17 5 
  18 -7 
  18 1 
  19 -2 
  19 0 
  -17 -7 
  -17 0 
  -15 -12 
  -15 -11 
  -15 -10 
  -15 -7 
  -15 0 
  -15 1 
  -14 -9 
  -14 -2 
  -14 12 
  -13 -6 
  -12 -9 
  -12 -6 
  -12 -1 
  -12 3 
  -12 15 
  -11 -16 
  -11 -15 
  -11 -1 
  -11 17 
  -10 4 
  -10 14 
  -9 -10 
  -9 -7 
  -9 -2 
  -8 -15 
  -8 -3 
  -8 1 
  -8 4 
  -8 10 
  -8 14 
  -7 9 
  -7 15 
  -6 -14 
  -6 -12 
  -6 0 
  -6 2 
  -6 14 
  -5 -12 
  -5 8 
  -5 9 
  -4 -14 
  -4 10 
  -4 14 
  -4 15 
  -4 19 
  -4 20 
  -3 -13 
  -3 -8 
  -3 13 
  -2 -21 
  -2 -18 
  -2 -11 
  -2 -6 
  -2 -2 
  -2 -1 
  -1 -16 
  -1 -14 
  -1 -7 
  -1 -5 
  -1 -2 
  -1 12 
  -1 13 
  -1 14 
  -1 18 
  -1 20 
  0 -16 
  0 -12 
  0 -2 
  0 -1 
  1 -14 
  1 2 
  1 4 
  1 5 
  1 8 
  2 -21 
  2 -8 
  2 -7 
  2 -4 
  2 15 
  3 -17 
  3 -12 
  3 -6 
  3 10 
  4 -20 
  4 -17 
  4 -11 
  4 -8 
  4 8 
  4 16 
  5 -11 
  5 1 
  5 2 
  5 4 
  5 11 
  6 -7 
  6 -5 
  6 0 
  6 9 
  6 10 
  6 12 
  6 13 
  7 -15 
  7 6 
  8 -10 
  8 -3 
  8 7 
  8 15 
  9 -7 
  9 -4 
  9 -3 
  9 2 
  9 6 
  9 7 
  10 -13 
  10 -5 
  10 2 
  10 13 
  11 2 
  11 15 
  12 -15 
  12 -12 
  12 -10 
  12 -1 
  12 1 
  12 4 
  12 7 
  12 12 
  12 13 
  12 16 
  13 -14 
  13 -2 
  13 -1 
  13 13 
  13 14 
  13 15 
  13 16 
  14 -15 
  14 -8 
  14 -6 
  15 -10 
  15 -9 
  15 1 
  16 -3 
  16 -1 
  16 3 
  16 6 
  17 -4 
  17 10 
  18 -6 
  18 -3 
  18 5 
  -18 1 
  -17 -6 
  -17 -5 
  -16 -6 
  -15 -6 
  -15 6 
  -15 8 
  -14 -11 
  -14 -7 
  -14 -6 
  -14 8 
  -14 10 
  -13 -13 
  -13 -3 
  -13 0 
  -13 9 
  -13 11 
  -12 -15 
  -12 1 
  -11 -7 
  -11 13 
  -11 14 
  -11 16 
  -10 2 
  -10 3 
  -10 6 
  -10 15 
  -9 -18 
  -9 -12 
  -9 -3 
  -9 0 
  -9 6 
  -9 7 
  -9 13 
  -8 -13 
  -8 -5 
  -8 2 
  -8 15 
  -7 -12 
  -7 -2 
  -7 5 
  -7 6 
  -7 7 
  -7 13 
  -7 19 
  -6 -2 
  -6 5 
  -5 -19 
  -5 -11 
  -5 -9 
  -5 -5 
  -5 2 
  -5 4 
  -5 17 
  -5 19 
  -5 20 
  -4 -8 
  -4 17 
  -3 -20 
  -3 -19 
  -3 -17 
  -3 -12 
  -3 -2 
  -3 8 
  -3 16 
  -3 19 
  -2 -12 
  -2 -4 
  -2 2 
  -2 3 
  -2 4 
  -2 10 
  -2 11 
  -2 18 
  -2 21 
  -1 -18 
  -1 -11 
  -1 0 
  -1 10 
  0 -15 
  1 -22 
  1 -21 
  1 1 
  1 6 
  1 9 
  1 12 
  1 13 
  2 -20 
  2 16 
  2 17 
  3 -18 
  3 -4 
  3 4 
  3 12 
  3 13 
  3 21 
  4 -10 
  4 -5 
  4 -2 
  4 13 
  5 -5 
  5 -2 
  5 3 
  5 6 
  5 10 
  5 15 
  6 -18 
  6 1 
  6 2 
  6 18 
  6 19 
  7 -9 
  7 8 
  8 -18 
  8 -14 
  8 19 
  9 -19 
  9 -16 
  9 -15 
  9 5 
  9 11 
  9 12 
  9 16 
  10 -19 
  10 -16 
  10 -4 
  10 14 
  10 16 
  11 -18 
  11 -16 
  11 -15 
  11 -7 
  11 -2 
  11 9 
  12 -16 
  12 -11 
  12 -4 
  13 -12 
  13 -8 
  13 10 
  14 12 
  14 13 
  15 -13 
  15 -8 
  15 -3 
  15 5 
  15 6 
  15 11 
  16 -2 
  16 0 
  16 9 
  17 -9 
  17 -3 
  17 2 
  18 -1 
  19 2 
  -18 0 
  -16 -8 
  -16 -3 
  -16 -2 
  -16 0 
  -16 2 
  -16 5 
  -15 2 
  -15 10 
  -14 5 
  -14 6 
  -14 11 
  -13 -9 
  -13 -5 
  -13 -1 
  -13 3 
  -13 14 
  -12 -14 
  -12 -12 
  -12 -5 
  -12 2 
  -12 10 
  -11 -11 
  -11 -5 
  -11 2 
  -11 10 
  -11 11 
  -10 -18 
  -10 -13 
  -10 -9 
  -10 -3 
  -10 12 
  -9 -14 
  -9 -6 
  -9 -4 
  -9 -1 
  -9 18 
  -8 -9 
  -8 -2 
  -8 3 
  -8 6 
  -8 12 
  -8 13 
  -8 18 
  -7 -6 
  -7 0 
  -7 1 
  -7 10 
  -6 -19 
  -6 -18 
  -6 -9 
  -6 -7 
  -6 12 
  -5 -13 
  -5 -7 
  -5 5 
  -4 -16 
  -4 0 
  -4 8 
  -4 9 
  -4 12 
  -4 16 
  -3 -4 
  -3 -3 
  -3 9 
  -2 -15 
  -2 8 
  -1 -22 
  -1 -21 
  -1 -19 
  -1 -15 
  -1 -8 
  -1 15 
  0 -22 
  0 -18 
  0 -13 
  0 -3 
  0 2 
  0 9 
  0 12 
  0 14 
  0 18 
  1 -20 
  1 -19 
  1 -17 
  1 -12 
  1 -10 
  1 -9 
  1 -2 
  1 21 
  2 -12 
  2 -1 
  2 1 
  2 4 
  2 7 
  2 8 
  2 19 
  2 20 
  3 -19 
  3 -10 
  3 -8 
  3 1 
  3 6 
  3 14 
  4 -21 
  4 -13 
  4 -12 
  4 -4 
  4 -1 
  4 6 
  4 9 
  4 18 
  4 19 
  4 21 
  5 -21 
  5 -10 
  5 -8 
  5 7 
  5 16 
  5 20 
  6 -21 
  6 -20 
  6 -9 
  6 -6 
  6 -4 
  6 4 
  6 15 
  7 -17 
  7 -14 
  7 -8 
  7 -5 
  7 -1 
  8 -12 
  8 2 
  8 9 
  8 10 
  8 20 
  9 -17 
  9 -12 
  9 -11 
  9 -1 
  9 4 
  9 10 
  9 17 
  10 -15 
  10 1 
  10 4 
  10 11 
  10 18 
  11 -17 
  11 -1 
  11 3 
  11 4 
  12 -17 
  12 -5 
  12 17 
  13 -11 
  13 6 
  14 2 
  14 4 
  14 7 
  15 -11 
  15 -7 
  15 -4 
  15 2 
  15 4 
  15 8 
  15 9 
  15 10 
  16 -9 
  16 10 
  16 12 
  17 -5 
  17 -1 
  17 3 
  17 6 
  17 7 
  18 -4 
  18 7 
  19 -3 
  -17 -4 
  -17 -2 
  -17 4 
  -16 -7 
  -16 6 
  -15 -2 
  -13 -14 
  -13 -7 
  -13 2 
  -13 6 
  -13 13 
  -12 -7 
  -12 -3 
  -12 0 
  -12 6 
  -12 7 
  -12 9 
  -11 -10 
  -11 -4 
  -11 1 
  -11 3 
  -11 5 
  -11 8 
  -10 -8 
  -10 -7 
  -10 -6 
  -10 -2 
  -10 18 
  -9 1 
  -9 2 
  -9 11 
  -9 15 
  -9 16 
  -9 17 
  -8 -12 
  -8 -11 
  -8 8 
  -8 19 
  -7 -19 
  -7 -15 
  -7 -10 
  -7 2 
  -7 16 
  -7 17 
  -6 -20 
  -6 3 
  -6 6 
  -6 7 
  -6 17 
  -6 20 
  -5 -21 
  -5 -20 
  -5 -15 
  -5 -1 
  -5 1 
  -5 14 
  -4 -20 
  -4 -19 
  -4 -18 
  -4 -12 
  -4 -7 
  -4 -6 
  -4 -5 
  -4 -3 
  -4 -1 
  -4 5 
  -3 -18 
  -3 -16 
  -3 -14 
  -3 -9 
  -3 -5 
  -3 7 
  -3 12 
  -3 21 
  -2 -14 
  -2 -13 
  -2 -8 
  -2 5 
  -2 9 
  -2 12 
  -2 20 
  -1 -13 
  -1 -1 
  -1 5 
  -1 16 
  0 -7 
  0 7 
  0 8 
  1 -16 
  1 -11 
  1 -4 
  1 3 
  1 14 
  2 -22 
  2 -14 
  2 -2 
  2 3 
  2 9 
  2 18 
  3 -13 
  3 -1 
  3 0 
  3 2 
  3 8 
  3 17 
  4 -16 
  4 0 
  4 4 
  4 5 
  5 13 
  6 -19 
  6 -13 
  6 -3 
  6 5 
  7 -10 
  7 -7 
  7 -2 
  7 3 
  7 4 
  7 16 
  8 -11 
  8 -6 
  8 4 
  8 5 
  8 8 
  8 12 
  8 17 
  9 -14 
  9 -6 
  9 0 
  9 1 
  9 8 
  10 -14 
  10 -12 
  10 -1 
  10 3 
  10 7 
  10 9 
  11 -12 
  11 -9 
  11 -6 
  11 11 
  12 -8 
  12 2 
  12 5 
  12 6 
  12 8 
  13 -15 
  13 -10 
  13 -6 
  14 -2 
  14 0 
  14 5 
  14 9 
  15 -12 
  15 3 
  15 7 
  16 -4 
  16 1 
  16 2 
  18 -2 
  19 1 ;
AreaPerTest 2.4303300078e+10;
DefectRecordSpec 12 DEFECTID XREL YREL XINDEX YINDEX XSIZE YSIZE DEFECTAREA DSIZE CLASSNUMBER TEST IMAGECOUNT ;
DefectList
 1 3201.220 4032.289 3 20 0.779 0.779 0.294041 0.779 63 1 0
 2 4801.471 1615.736 -4 20 0.389 0.389 0.190262 0.389 63 1 0
 3 4809.223 3623.462 3 18 3.899 5.459 5.006451 5.459 0 1 0
 4 4749.555 3597.723 3 18 0.779 2.339 0.792062 2.339 77 1 0
 5 2231.260 2911.151 4 18 2.729 0.389 0.832023 2.729 77 1 0
 6 1556.541 1847.266 -3 17 1.559 2.729 0.714526 2.729 63 1 0
 7 2638.379 580.593 6 15 2.339 1.169 2.779373 2.339 77 1 0
 8 4814.117 2691.596 0 13 25.739 26.908 176.928592 26.908 0 1 0
 9 4811.972 2667.222 0 13 29.249 3.899 34.292456 29.249 78 1 0
 10 4802.143 2669.882 -3 10 14.039 0.389 2.013555 14.039 0 1 0
 11 4817.742 2669.492 -3 10 12.869 0.389 3.380577 12.869 78 1 0
 12 4831.392 2669.882 -3 10 0.779 0.389 0.220680 0.779 0 1 0
 13 4799.587 2669.882 1 10 18.719 0.389 3.233855 18.719 0 1 0
 14 4830.981 2669.882 1 10 1.169 0.389 0.255273 1.169 78 1 0
 15 3812.382 1004.448 -6 7 8.969 9.359 9.502355 9.359 63 1 0
 16 4829.555 2670.012 10 6 1.559 0.389 0.307163 1.559 78 1 0
 17 4536.258 995.479 0 6 1.169 0.779 0.131811 1.169 0 1 0
 18 4552.052 995.674 0 6 0.779 0.389 0.124058 0.779 78 1 0
 19 4830.949 2670.013 6 5 0.779 0.389 0.218294 0.779 78 1 0
 20 1766.879 2937.229 2 3 4.679 5.459 5.512821 5.459 13 1 0
 21 4336.431 1243.517 -15 3 1.949 1.559 0.830233 1.949 63 1 0
 22 4829.534 2346.594 2 2 0.389 0.389 0.137776 0.389 0 1 0
 23 4812.465 2669.892 -3 2 40.948 0.389 6.521388 40.948 78 1 0
 24 4636.879 2665.602 2 2 18.329 0.389 2.688716 18.329 0 1 0
 25 3530.008 3949.051 0 1 4.679 5.069 2.862277 5.069 63 1 0
 26 4797.037 2669.503 -6 1 10.919 0.389 1.705796 10.919 0 1 0
 27 4833.696 2669.503 -6 1 1.559 0.389 0.324459 1.559 78 1 0
 28 4821.801 1921.512 -6 1 1.949 1.949 1.599631 1.949 0 1 0
 29 4626.245 2666.384 -3 0 2.339 1.949 0.552893 2.339 78 1 0
 30 4621.109 2669.313 5 -2 7.799 7.799 1.547741 7.799 0 1 0
 31 4642.169 2665.218 5 -2 29.639 0.389 5.546222 29.639 0 1 0
 32 4791.340 2669.508 5 -2 3.509 0.389 0.760451 3.509 78 1 0
 33 4817.348 2660.344 -9 -3 36.269 19.499 139.924752 36.269 8 1 0
 34 4819.608 2659.566 -11 -4 32.759 21.059 178.286064 32.759 8 1 0
 35 4622.369 2669.706 1 -4 7.799 7.799 2.141191 7.799 0 1 0
 36 4785.189 2669.901 1 -4 1.169 0.389 0.282112 1.169 0 1 0
 37 4790.259 2669.901 1 -4 1.169 0.389 0.283902 1.169 78 1 0
 38 4829.745 2669.901 13 -4 1.949 0.389 0.367402 1.949 0 1 0
 39 613.154 742.783 -14 -4 7.799 7.799 7.538901 7.799 63 1 0
 40 855.697 336.570 5 -4 1.169 2.339 0.281516 2.339 63 1 0
 41 4815.788 2663.467 -9 -5 39.388 12.479 34.027044 39.388 78 1 0
 42 4813.278 2669.512 -6 -5 42.898 0.389 7.897953 42.898 78 1 0
 43 4639.309 2665.807 -2 -5 27.689 1.559 3.965080 27.689 0 1 0
 44 4802.130 2669.512 -2 -5 22.619 0.389 4.170253 22.619 0 1 0
 45 4818.315 2669.512 -2 -5 0.389 0.389 0.220083 0.389 0 1 0
 46 4832.159 2669.512 -2 -5 3.119 0.389 0.608957 3.119 78 1 0
 47 4791.340 2669.512 6 -5 3.509 0.389 0.584503 3.509 78 1 0
 48 4802.359 2669.778 -6 -6 19.499 0.389 3.077589 19.499 0 1 0
 49 4832.973 2669.778 -6 -6 1.169 0.389 0.231416 1.169 78 1 0
 50 4635.181 2666.268 2 -6 22.229 1.949 3.198069 22.229 0 1 0
 51 4810.871 2669.778 2 -6 42.118 0.389 7.158377 42.118 0 1 0
 52 4807.362 1921.007 2 -6 2.339 1.169 1.237597 2.339 0 1 0
 53 4813.796 1921.007 2 -6 2.729 1.169 1.319904 2.729 0 1 0
 54 4820.036 1921.982 2 -6 2.729 3.119 3.481970 3.119 78 1 0
 55 3545.712 3562.392 6 -7 2.729 3.899 1.409369 3.899 63 1 0
 56 1026.231 3683.874 13 -8 1.559 1.949 1.248929 1.949 63 1 0
 57 4633.516 2665.101 -2 -8 12.479 0.389 1.543566 12.479 0 1 0
 58 4812.327 2669.391 -2 -8 41.728 0.389 6.749225 41.728 78 1 0
 59 4810.953 2669.391 5 -8 40.948 0.389 6.844058 40.948 78 1 0
 60 4820.907 1921.205 -2 -8 1.169 1.559 0.965027 1.559 0 1 0
 61 420.985 820.008 0 -11 0.779 0.779 0.208751 0.779 0 1 0
 62 4833.053 2669.521 -2 -12 0.779 0.389 0.177737 0.779 78 1 0
 63 4831.427 2669.521 6 -12 0.779 0.389 0.132408 0.779 78 1 0
 64 3281.500 411.652 -5 -12 1.949 1.169 0.954888 1.949 63 1 0
 65 4802.154 2669.523 5 -14 14.039 0.389 1.424876 14.039 78 1 0
 66 1535.773 1821.177 9 -14 0.389 0.389 0.162230 0.389 77 1 0
 67 3559.884 1157.029 -6 -14 0.389 0.389 0.124058 0.389 100 1 0
 68 3561.054 1150.399 -6 -14 0.389 3.509 0.441360 3.509 100 1 0
 69 3573.338 1133.630 -6 -14 0.779 2.729 1.092067 2.729 100 1 0
 70 3576.653 1131.485 -6 -14 0.389 1.559 0.586293 1.559 100 1 0
 71 3915.164 1074.937 -6 -14 0.389 0.779 0.281516 0.779 100 1 0
 72 3917.114 949.557 -6 -14 0.389 0.389 0.293445 0.389 100 1 0
 73 3917.699 946.827 -6 -14 2.339 1.169 0.617307 2.339 100 1 0
 74 4238.856 893.594 -6 -14 1.949 1.559 0.715122 1.949 100 1 0
 75 4294.235 849.915 -6 -14 1.169 1.559 0.537385 1.559 100 1 0
 76 4301.254 842.506 -6 -14 1.949 1.559 0.530825 1.949 100 1 0
 77 3688.099 1180.040 -6 -14 5.459 1.949 1.389090 5.459 100 1 0
 78 3689.555 1175.358 -6 -14 0.779 0.389 0.208155 0.779 100 1 0
 79 161.662 251.760 -5 -14 1.559 0.389 0.486092 1.559 0 1 0
 80 156.787 369.340 -5 -14 1.169 0.779 0.431220 1.169 0 1 0
 81 156.397 364.466 -5 -14 1.949 2.729 1.978365 2.729 77 1 0
 82 156.592 250.005 -5 -14 4.679 2.339 3.971045 4.679 0 1 0
 83 146.648 251.370 -5 -14 2.729 1.169 1.097435 2.729 0 1 0
 84 133.193 250.200 -5 -14 16.379 3.509 12.560859 16.379 0 1 0
 85 118.958 249.030 -5 -14 1.949 1.169 0.716911 1.949 0 1 0
 86 4229.973 2337.063 13 -15 5.459 6.239 4.934879 6.239 63 1 0
 87 4402.376 930.059 -8 -15 1.169 1.949 0.731822 1.949 3 1 0
 88 1009.104 563.865 13 -16 1.169 1.169 0.390067 1.169 13 1 0
 89 4830.598 2387.568 4 -17 0.779 1.169 0.432413 1.169 77 1 0
 90 1281.248 1398.562 8 -17 0.389 0.389 0.199208 0.389 63 1 0
 91 2905.633 508.223 7 -17 16.379 15.989 31.067548 16.379 151 1 0
 92 3186.540 3991.779 6 -18 0.779 0.779 0.117497 0.779 0 1 0
 93 3195.315 3990.414 6 -18 3.509 3.509 4.653363 3.509 63 1 0
 94 732.553 2457.766 9 -18 1.169 1.169 0.608957 1.169 63 1 0
 95 4816.286 1511.854 4 -18 0.779 0.779 0.657865 0.779 0 1 0
 96 4812.776 1516.534 4 -18 0.779 0.779 0.217101 0.779 0 1 0
 97 4812.776 1510.489 4 -18 0.779 0.389 0.434203 0.779 63 1 0;
DieOrigin 0.0000000000e+00 0.0000000000e+00;
WaferID "@14";
Slot 14;
SampleCenterLocation 5.4406950000e+03 1.8728040000e+03;
OrientationInstructions "";
InspectionTest 1;
AreaPerTest 2.4303300078e+10;
DefectRecordSpec 12 DEFECTID XREL YREL XINDEX YINDEX XSIZE YSIZE DEFECTAREA DSIZE CLASSNUMBER TEST IMAGECOUNT ;
DefectList
 1 1219.442 2610.117 6 18 1.949 1.949 1.155289 1.949 63 1 0
 2 3354.060 1647.632 7 16 0.389 0.389 0.099604 0.389 63 1 0
 3 997.006 1473.313 -2 13 1.169 1.169 0.484303 1.169 63 1 0
 4 2197.302 3151.038 8 11 1.559 1.949 1.539988 1.949 63 1 0
 5 4812.061 2690.466 11 11 25.349 25.349 152.461744 25.349 0 1 0
 6 2073.040 3194.326 14 11 5.459 5.069 6.316812 5.459 63 1 0
 7 4809.136 2667.067 11 11 31.199 3.509 37.381380 31.199 78 1 0
 8 476.947 645.500 -3 10 0.779 1.169 0.149108 1.169 63 1 0
 9 3422.091 3860.747 12 9 5.849 6.239 15.124324 6.239 63 1 0
 10 4816.848 2691.374 -12 9 25.349 26.908 159.094080 26.908 0 1 0
 11 4815.873 2667.585 -12 9 27.299 4.289 39.459944 27.299 78 1 0
 12 4837.182 298.567 0 8 7.019 7.409 16.583793 7.409 0 1 0
 13 4838.547 279.263 0 8 4.289 9.359 9.493409 9.359 78 1 0
 14 4820.476 2669.409 -11 7 26.519 1.169 7.064141 26.519 78 1 0
 15 4626.839 2665.637 3 4 0.779 0.389 0.229030 0.779 78 1 0
 16 4027.419 3072.007 16 3 1.949 2.729 2.210377 2.729 77 1 0
 17 4801.848 2669.346 -10 1 13.649 0.779 3.255923 13.649 0 1 0
 18 4834.022 2669.151 -10 1 2.339 1.169 0.762837 2.339 78 1 0
 19 4665.580 2665.251 -2 1 32.759 0.389 5.994142 32.759 0 1 0
 20 4781.992 2669.541 -2 1 7.409 0.389 1.362847 7.409 78 1 0
 21 4617.450 2673.051 6 1 0.389 0.389 0.180122 0.389 0 1 0
 22 4624.664 2665.836 6 1 0.779 0.779 0.294041 0.779 78 1 0
 23 4788.476 2669.541 10 1 1.169 0.389 0.326845 1.169 78 1 0
 24 913.543 1681.514 17 -1 5.459 6.239 6.780240 6.239 63 1 0
 25 4834.741 2669.547 -12 -3 1.559 1.169 0.705579 1.559 78 1 0
 26 2542.420 284.418 2 -3 2.729 1.949 0.660847 2.729 63 1 0
 27 4623.745 2669.354 -3 -4 8.969 7.799 1.987312 8.969 78 1 0
 28 4790.515 2669.939 9 -4 1.169 0.389 0.282709 1.169 78 1 0
 29 4784.978 2669.816 2 -6 1.559 0.389 0.368595 1.559 0 1 0
 30 4789.852 2669.816 2 -6 0.389 0.389 0.172965 0.389 78 1 0
 31 4624.525 2667.797 -3 -7 5.069 4.679 0.502196 5.069 78 1 0
 32 1927.288 1072.431 16 -7 0.779 0.389 0.173562 0.779 0 1 0
 33 1936.453 1073.601 16 -7 1.169 1.949 0.659057 1.949 78 1 0
 34 4758.921 792.229 -3 -8 1.169 1.559 0.260044 1.559 63 1 0
 35 2046.341 4097.492 -16 -9 6.239 5.459 11.076340 6.239 151 1 0
 36 4620.524 2669.625 9 -9 7.019 7.019 1.752914 7.019 0 1 0
 37 4789.195 2669.820 9 -9 2.729 0.389 0.550507 2.729 78 1 0
 38 3017.138 1852.994 -11 -10 10.139 7.019 28.988982 10.139 0 1 0
 39 4552.528 1686.665 -11 -10 1.559 1.169 0.762837 1.559 77 1 0
 40 105.290 842.079 -10 -10 1.949 1.169 0.752101 1.949 77 1 0
 41 4799.541 2669.432 1 -11 15.209 0.389 1.636013 15.209 78 1 0
 42 4823.749 805.031 -4 -11 15.209 4.289 11.883909 15.209 78 1 0
 43 3308.461 408.905 -12 -12 0.779 0.779 0.471778 0.779 0 1 0
 44 3302.026 406.565 -12 -12 4.289 1.559 4.424333 4.289 151 1 0
 45 4237.879 2570.894 -5 -13 18.719 18.329 95.905680 18.719 151 1 0
 46 4819.576 2659.615 -10 -13 31.589 20.279 176.274304 31.589 78 1 0
 47 4634.754 2665.270 -2 -13 0.389 0.389 0.174755 0.389 0 1 0
 48 4791.335 2669.560 -2 -13 0.779 0.389 0.287480 0.779 78 1 0
 49 4821.125 1921.765 0 -14 2.339 2.339 2.092284 2.339 78 1 0
 50 3669.129 3359.325 -8 -15 1.169 1.949 0.645936 1.949 151 1 0
 51 4827.275 2345.166 3 -16 4.679 0.779 1.525077 4.679 0 1 0
 52 4825.520 804.843 3 -16 10.529 3.899 7.107084 10.529 78 1 0;
EndOfFile;
