FileVersion 1 2;
FileTimestamp 07-30-19 17:00:02;
InspectionStationID "NONE" "2360" "IPS204";
SampleType WAFER;
ResultTimestamp 04-15-19 10:49:47;
LotID "193805";
SampleSize 1 200;
DeviceID "TL09B";
SetupID "TL09B_3039M2DM" 02-09-18 15:15:12;
StepID "3039M2DM";
SampleOrientationMarkType NOTCH;
OrientationMarkLocation RIGHT;
DiePitch 5.6000000000e+02 1.6580116000e+04;
DieOrigin 0.0000000000e+00 0.0000000000e+00;
WaferID "@23";
Slot 23;
SampleCenterLocation 4.5479800000e+02 8.2892090000e+03;
ClassLookup 74
  0 "Uncategorized"
  1 "Small PT"
  2 "Medium PT"
  3 "Large PT"
  4 "Polymer"
  5 "Flake PT"
  6 "Scratch"
  9 "Other Defect"
  10 "Other Residue"
  11 "Wet Residue"
  13 "W Residue"
  14 "PR Residue"
  15 "Liquid Mark"
  16 "Thread Defect"
  20 "Pits"
  22 "Pattern Deformed"
  23 "Defocus"
  24 "PR BUBBLE"
  25 "Crown Defect"
  27 "Bead Defect"
  30 "CMP Scratch"
  31 "Minor CMP Scratch"
  35 "Rip Out"
  40 "Protrusion"
  42 "Top Blocked"
  43 "Bottom Blocked"
  44 "Line broken"
  45 "Metal Corrosion"
  46 "Galvanic Corrosion"
  51 "PR Popping"
  52 "Salicide Bad"
  53 "STI Dimple"
  59 "W Void"
  60 "AA Dep PT"
  61 "GC Dep PT"
  62 "CVD Dep PT"
  63 "Metal Dep PT"
  73 "Cone Defect"
  74 "Metal Depression"
  77 "Underlayer"
  78 "NUISANCE/FALSE"
  79 "Metal Grain"
  80 "Don't Care/Minor"
  95 "Missing AI"
  99 "test2"
  100 "Cluster"
  101 "CU CMP Scratch"
  102 "CU Void"
  103 "2_PO Missing"
  104 "CU Pattern Open"
  105 "CU Remain"
  106 "Circle CU Remain"
  107 "CU CVD PT"
  108 "CU Eclips"
  109 "CU CMP Residue"
  110 "Minor CU CMP Scratch"
  111 "CMP PT"
  112 "CU SEAM PT"
  113 "CU Ox"
  114 "CU Pattern Open(Minor)"
  116 "1_PO Missing"
  117 "PAD Abnormality"
  150 "Guard Ring Circle Defect"
  151 "EBR Circle Defect"
  152 "PAD Hillock"
  153 "PAD Residue"
  154 "PAD Hole"
  155 "Color PR Residue"
  201 "Bin 1"
  202 "Bin 2"
  203 "Bin 3"
  204 "Bin 4"
  205 "Bin 5"
  206 "Bin 6"  ;
OrientationInstructions "";
InspectionTest 1;
SampleTestPlan 2817
  56 -5 
  55 -5 
  31 -5 
  29 -5 
  19 -5 
  17 -5 
  8 -5 
  -4 -5 
  -8 -5 
  -12 -5 
  -37 -5 
  -39 -5 
  106 -4 
  103 -4 
  92 -4 
  67 -4 
  66 -4 
  62 -4 
  57 -4 
  53 -4 
  49 -4 
  45 -4 
  42 -4 
  38 -4 
  22 -4 
  18 -4 
  17 -4 
  14 -4 
  2 -4 
  1 -4 
  -1 -4 
  -5 -4 
  -21 -4 
  -35 -4 
  -39 -4 
  -46 -4 
  -53 -4 
  -73 -4 
  -97 -4 
  -107 -4 
  -108 -4 
  134 -3 
  127 -3 
  118 -3 
  106 -3 
  105 -3 
  76 -3 
  54 -3 
  29 -3 
  17 -3 
  -1 -3 
  -4 -3 
  -22 -3 
  -23 -3 
  -27 -3 
  -40 -3 
  -73 -3 
  -79 -3 
  -86 -3 
  -99 -3 
  -107 -3 
  -108 -3 
  -133 -3 
  141 -2 
  131 -2 
  130 -2 
  119 -2 
  117 -2 
  113 -2 
  111 -2 
  101 -2 
  95 -2 
  64 -2 
  61 -2 
  58 -2 
  45 -2 
  21 -2 
  19 -2 
  8 -2 
  6 -2 
  3 -2 
  -31 -2 
  -40 -2 
  -45 -2 
  -49 -2 
  -54 -2 
  -57 -2 
  -70 -2 
  -76 -2 
  -81 -2 
  -85 -2 
  -94 -2 
  -102 -2 
  -105 -2 
  -108 -2 
  -111 -2 
  -114 -2 
  -131 -2 
  -132 -2 
  -141 -2 
  -147 -2 
  -148 -2 
  165 -1 
  160 -1 
  153 -1 
  152 -1 
  139 -1 
  135 -1 
  133 -1 
  132 -1 
  118 -1 
  111 -1 
  109 -1 
  100 -1 
  93 -1 
  76 -1 
  67 -1 
  53 -1 
  46 -1 
  40 -1 
  14 -1 
  -5 -1 
  -8 -1 
  -19 -1 
  -27 -1 
  -45 -1 
  -49 -1 
  -53 -1 
  -55 -1 
  -57 -1 
  -63 -1 
  -84 -1 
  -92 -1 
  -103 -1 
  -111 -1 
  -118 -1 
  -125 -1 
  -128 -1 
  -132 -1 
  -137 -1 
  -159 -1 
  166 0 
  147 0 
  137 0 
  136 0 
  131 0 
  117 0 
  112 0 
  111 0 
  97 0 
  96 0 
  88 0 
  81 0 
  70 0 
  27 0 
  25 0 
  16 0 
  7 0 
  2 0 
  -1 0 
  -7 0 
  -9 0 
  -13 0 
  -21 0 
  -25 0 
  -53 0 
  -55 0 
  -59 0 
  -65 0 
  -66 0 
  -75 0 
  -83 0 
  -93 0 
  -101 0 
  -110 0 
  -124 0 
  -129 0 
  -153 0 
  -155 0 
  -165 0 
  -168 0 
  150 1 
  143 1 
  126 1 
  125 1 
  113 1 
  111 1 
  110 1 
  93 1 
  92 1 
  91 1 
  85 1 
  84 1 
  76 1 
  74 1 
  63 1 
  57 1 
  55 1 
  52 1 
  38 1 
  37 1 
  34 1 
  16 1 
  15 1 
  -5 1 
  -12 1 
  -22 1 
  -27 1 
  -34 1 
  -54 1 
  -69 1 
  -81 1 
  -97 1 
  -99 1 
  -109 1 
  -116 1 
  -119 1 
  -125 1 
  -150 1 
  -155 1 
  -161 1 
  143 2 
  136 2 
  133 2 
  131 2 
  130 2 
  126 2 
  125 2 
  105 2 
  86 2 
  72 2 
  65 2 
  59 2 
  57 2 
  55 2 
  49 2 
  42 2 
  36 2 
  33 2 
  18 2 
  12 2 
  11 2 
  -3 2 
  -8 2 
  -11 2 
  -57 2 
  -60 2 
  -62 2 
  -63 2 
  -64 2 
  -79 2 
  -81 2 
  -94 2 
  -107 2 
  131 3 
  122 3 
  121 3 
  120 3 
  104 3 
  96 3 
  89 3 
  88 3 
  87 3 
  73 3 
  62 3 
  41 3 
  38 3 
  37 3 
  30 3 
  22 3 
  19 3 
  8 3 
  4 3 
  2 3 
  -17 3 
  -22 3 
  -43 3 
  -46 3 
  -56 3 
  -73 3 
  -107 3 
  -115 3 
  -123 3 
  -124 3 
  -125 3 
  -126 3 
  -134 3 
  -136 3 
  93 4 
  83 4 
  82 4 
  65 4 
  60 4 
  57 4 
  48 4 
  44 4 
  38 4 
  34 4 
  24 4 
  -1 4 
  -9 4 
  -17 4 
  -27 4 
  -31 4 
  -34 4 
  -35 4 
  -46 4 
  -54 4 
  -57 4 
  -61 4 
  -69 4 
  -81 4 
  -89 4 
  54 5 
  53 5 
  48 5 
  23 5 
  9 5 
  7 5 
  3 5 
  -6 5 
  -14 5 
  -15 5 
  -21 5 
  -30 5 
  -36 5 
  -50 5 
  -51 5 
  47 -5 
  46 -5 
  30 -5 
  24 -5 
  18 -5 
  11 -5 
  -2 -5 
  -15 -5 
  -17 -5 
  -18 -5 
  -53 -5 
  -56 -5 
  107 -4 
  102 -4 
  96 -4 
  88 -4 
  85 -4 
  81 -4 
  73 -4 
  63 -4 
  55 -4 
  52 -4 
  44 -4 
  41 -4 
  34 -4 
  31 -4 
  25 -4 
  19 -4 
  8 -4 
  7 -4 
  5 -4 
  -16 -4 
  -19 -4 
  -27 -4 
  -43 -4 
  -47 -4 
  -50 -4 
  -70 -4 
  -72 -4 
  -83 -4 
  130 -3 
  125 -3 
  108 -3 
  99 -3 
  94 -3 
  91 -3 
  73 -3 
  67 -3 
  64 -3 
  60 -3 
  56 -3 
  30 -3 
  26 -3 
  8 -3 
  5 -3 
  3 -3 
  2 -3 
  -2 -3 
  -5 -3 
  -6 -3 
  -15 -3 
  -25 -3 
  -28 -3 
  -35 -3 
  -45 -3 
  -47 -3 
  -55 -3 
  -61 -3 
  -69 -3 
  -88 -3 
  -100 -3 
  -102 -3 
  -104 -3 
  -111 -3 
  -113 -3 
  -121 -3 
  -125 -3 
  -132 -3 
  152 -2 
  150 -2 
  144 -2 
  142 -2 
  118 -2 
  105 -2 
  99 -2 
  72 -2 
  59 -2 
  56 -2 
  51 -2 
  44 -2 
  -2 -2 
  -3 -2 
  -23 -2 
  -25 -2 
  -42 -2 
  -56 -2 
  -78 -2 
  -88 -2 
  -113 -2 
  -126 -2 
  -133 -2 
  158 -1 
  156 -1 
  148 -1 
  146 -1 
  142 -1 
  140 -1 
  136 -1 
  121 -1 
  119 -1 
  114 -1 
  112 -1 
  110 -1 
  106 -1 
  103 -1 
  102 -1 
  101 -1 
  98 -1 
  82 -1 
  78 -1 
  70 -1 
  66 -1 
  63 -1 
  62 -1 
  50 -1 
  41 -1 
  38 -1 
  35 -1 
  30 -1 
  26 -1 
  23 -1 
  0 -1 
  -3 -1 
  -13 -1 
  -22 -1 
  -33 -1 
  -62 -1 
  -78 -1 
  -79 -1 
  -90 -1 
  -129 -1 
  -145 -1 
  -150 -1 
  -151 -1 
  -154 -1 
  -157 -1 
  -163 -1 
  165 0 
  154 0 
  148 0 
  145 0 
  140 0 
  134 0 
  125 0 
  123 0 
  120 0 
  115 0 
  108 0 
  98 0 
  83 0 
  75 0 
  74 0 
  68 0 
  59 0 
  51 0 
  46 0 
  45 0 
  43 0 
  29 0 
  10 0 
  5 0 
  1 0 
  -8 0 
  -23 0 
  -26 0 
  -27 0 
  -31 0 
  -54 0 
  -61 0 
  -63 0 
  -81 0 
  -92 0 
  -99 0 
  -100 0 
  -102 0 
  -103 0 
  -104 0 
  -106 0 
  -117 0 
  -120 0 
  -122 0 
  -126 0 
  -127 0 
  -132 0 
  -134 0 
  -138 0 
  -146 0 
  -149 0 
  -159 0 
  -161 0 
  163 1 
  151 1 
  141 1 
  138 1 
  137 1 
  133 1 
  131 1 
  127 1 
  122 1 
  108 1 
  104 1 
  98 1 
  96 1 
  90 1 
  88 1 
  68 1 
  64 1 
  32 1 
  30 1 
  26 1 
  25 1 
  20 1 
  8 1 
  6 1 
  5 1 
  1 1 
  -2 1 
  -3 1 
  -6 1 
  -7 1 
  -8 1 
  -10 1 
  -18 1 
  -24 1 
  -35 1 
  -36 1 
  -52 1 
  -59 1 
  -61 1 
  -67 1 
  -71 1 
  -74 1 
  -86 1 
  -87 1 
  -105 1 
  -113 1 
  -121 1 
  -123 1 
  -128 1 
  -132 1 
  -144 1 
  -147 1 
  -160 1 
  121 2 
  120 2 
  119 2 
  107 2 
  102 2 
  96 2 
  90 2 
  68 2 
  67 2 
  60 2 
  58 2 
  54 2 
  53 2 
  44 2 
  25 2 
  20 2 
  10 2 
  8 2 
  -2 2 
  -5 2 
  -7 2 
  -9 2 
  -15 2 
  -24 2 
  -28 2 
  -45 2 
  -70 2 
  -73 2 
  -80 2 
  -84 2 
  -87 2 
  -92 2 
  -104 2 
  -105 2 
  -109 2 
  -110 2 
  -111 2 
  -118 2 
  -120 2 
  -131 2 
  -139 2 
  -141 2 
  130 3 
  128 3 
  115 3 
  101 3 
  100 3 
  98 3 
  85 3 
  72 3 
  71 3 
  68 3 
  46 3 
  35 3 
  -6 3 
  -7 3 
  -14 3 
  -15 3 
  -16 3 
  -19 3 
  -21 3 
  -34 3 
  -51 3 
  -59 3 
  -63 3 
  -81 3 
  -84 3 
  -85 3 
  -86 3 
  -87 3 
  -100 3 
  -108 3 
  -111 3 
  -129 3 
  -133 3 
  102 4 
  95 4 
  94 4 
  91 4 
  87 4 
  85 4 
  75 4 
  67 4 
  53 4 
  46 4 
  41 4 
  25 4 
  22 4 
  17 4 
  10 4 
  6 4 
  5 4 
  -4 4 
  -15 4 
  -37 4 
  -44 4 
  -53 4 
  -59 4 
  -60 4 
  -65 4 
  -70 4 
  -77 4 
  -83 4 
  -88 4 
  -98 4 
  50 5 
  46 5 
  39 5 
  29 5 
  28 5 
  18 5 
  10 5 
  5 5 
  4 5 
  -9 5 
  -10 5 
  -17 5 
  -23 5 
  -29 5 
  -33 5 
  -37 5 
  -41 5 
  -54 5 
  -55 5 
  57 -5 
  48 -5 
  38 -5 
  36 -5 
  28 -5 
  23 -5 
  20 -5 
  6 -5 
  3 -5 
  1 -5 
  -24 -5 
  -27 -5 
  -29 -5 
  -30 -5 
  -35 -5 
  -36 -5 
  -44 -5 
  90 -4 
  86 -4 
  84 -4 
  78 -4 
  77 -4 
  69 -4 
  68 -4 
  50 -4 
  30 -4 
  28 -4 
  24 -4 
  -2 -4 
  -11 -4 
  -12 -4 
  -18 -4 
  -26 -4 
  -30 -4 
  -33 -4 
  -55 -4 
  -59 -4 
  -71 -4 
  -77 -4 
  -81 -4 
  -84 -4 
  -85 -4 
  -89 -4 
  -90 -4 
  -100 -4 
  -104 -4 
  123 -3 
  122 -3 
  100 -3 
  98 -3 
  87 -3 
  82 -3 
  79 -3 
  68 -3 
  51 -3 
  50 -3 
  42 -3 
  41 -3 
  39 -3 
  37 -3 
  35 -3 
  27 -3 
  16 -3 
  -13 -3 
  -34 -3 
  -39 -3 
  -54 -3 
  -63 -3 
  -67 -3 
  -71 -3 
  -89 -3 
  -128 -3 
  -131 -3 
  148 -2 
  146 -2 
  134 -2 
  121 -2 
  116 -2 
  109 -2 
  104 -2 
  94 -2 
  80 -2 
  75 -2 
  73 -2 
  68 -2 
  67 -2 
  62 -2 
  57 -2 
  55 -2 
  49 -2 
  38 -2 
  26 -2 
  23 -2 
  22 -2 
  12 -2 
  1 -2 
  -6 -2 
  -11 -2 
  -19 -2 
  -38 -2 
  -43 -2 
  -58 -2 
  -59 -2 
  -71 -2 
  -96 -2 
  -97 -2 
  -104 -2 
  -106 -2 
  -107 -2 
  -110 -2 
  -119 -2 
  -122 -2 
  -134 -2 
  -143 -2 
  -153 -2 
  163 -1 
  155 -1 
  154 -1 
  141 -1 
  134 -1 
  124 -1 
  116 -1 
  87 -1 
  86 -1 
  84 -1 
  68 -1 
  58 -1 
  32 -1 
  27 -1 
  24 -1 
  15 -1 
  3 -1 
  -10 -1 
  -18 -1 
  -20 -1 
  -21 -1 
  -28 -1 
  -40 -1 
  -41 -1 
  -73 -1 
  -76 -1 
  -77 -1 
  -89 -1 
  -95 -1 
  -105 -1 
  -120 -1 
  -130 -1 
  -141 -1 
  -144 -1 
  -162 -1 
  159 0 
  151 0 
  113 0 
  105 0 
  104 0 
  101 0 
  76 0 
  65 0 
  60 0 
  56 0 
  54 0 
  48 0 
  39 0 
  37 0 
  28 0 
  26 0 
  13 0 
  -6 0 
  -15 0 
  -20 0 
  -44 0 
  -46 0 
  -49 0 
  -51 0 
  -64 0 
  -68 0 
  -90 0 
  -113 0 
  -114 0 
  -116 0 
  -131 0 
  -142 0 
  -144 0 
  -148 0 
  -154 0 
  -160 0 
  -164 0 
  -167 0 
  -169 0 
  157 1 
  142 1 
  115 1 
  99 1 
  97 1 
  95 1 
  86 1 
  72 1 
  66 1 
  50 1 
  48 1 
  41 1 
  28 1 
  27 1 
  21 1 
  18 1 
  10 1 
  9 1 
  -16 1 
  -29 1 
  -30 1 
  -42 1 
  -49 1 
  -62 1 
  -70 1 
  -72 1 
  -73 1 
  -79 1 
  -84 1 
  -90 1 
  -94 1 
  -102 1 
  -110 1 
  -111 1 
  -117 1 
  -118 1 
  -120 1 
  -136 1 
  -148 1 
  -156 1 
  -158 1 
  140 2 
  118 2 
  85 2 
  83 2 
  80 2 
  75 2 
  62 2 
  39 2 
  38 2 
  26 2 
  21 2 
  13 2 
  6 2 
  2 2 
  0 2 
  -1 2 
  -6 2 
  -17 2 
  -22 2 
  -27 2 
  -31 2 
  -32 2 
  -33 2 
  -35 2 
  -38 2 
  -54 2 
  -67 2 
  -69 2 
  -76 2 
  -77 2 
  -122 2 
  -127 2 
  -128 2 
  -134 2 
  -135 2 
  -142 2 
  -149 2 
  110 3 
  97 3 
  95 3 
  84 3 
  83 3 
  81 3 
  77 3 
  76 3 
  69 3 
  66 3 
  60 3 
  56 3 
  55 3 
  53 3 
  52 3 
  51 3 
  43 3 
  27 3 
  16 3 
  7 3 
  -2 3 
  -23 3 
  -26 3 
  -29 3 
  -32 3 
  -41 3 
  -52 3 
  -53 3 
  -57 3 
  -71 3 
  -74 3 
  -75 3 
  -78 3 
  -82 3 
  -88 3 
  -90 3 
  -93 3 
  -97 3 
  -98 3 
  -109 3 
  -135 3 
  106 4 
  78 4 
  74 4 
  72 4 
  69 4 
  66 4 
  64 4 
  49 4 
  47 4 
  35 4 
  31 4 
  29 4 
  8 4 
  -6 4 
  -16 4 
  -24 4 
  -32 4 
  -38 4 
  -40 4 
  -41 4 
  -42 4 
  -49 4 
  -52 4 
  -55 4 
  -63 4 
  -71 4 
  -72 4 
  -84 4 
  -87 4 
  -94 4 
  -96 4 
  -101 4 
  42 5 
  31 5 
  26 5 
  24 5 
  21 5 
  20 5 
  17 5 
  -1 5 
  -8 5 
  -24 5 
  -31 5 
  52 -5 
  44 -5 
  43 -5 
  41 -5 
  39 -5 
  27 -5 
  14 -5 
  12 -5 
  9 -5 
  0 -5 
  -16 -5 
  -23 -5 
  -48 -5 
  -49 -5 
  -52 -5 
  -57 -5 
  -58 -5 
  109 -4 
  108 -4 
  104 -4 
  100 -4 
  99 -4 
  95 -4 
  79 -4 
  75 -4 
  72 -4 
  65 -4 
  56 -4 
  35 -4 
  12 -4 
  -3 -4 
  -9 -4 
  -10 -4 
  -22 -4 
  -24 -4 
  -38 -4 
  -41 -4 
  -51 -4 
  -65 -4 
  -66 -4 
  -82 -4 
  -87 -4 
  -93 -4 
  -95 -4 
  -101 -4 
  -106 -4 
  -109 -4 
  128 -3 
  120 -3 
  114 -3 
  111 -3 
  97 -3 
  93 -3 
  85 -3 
  81 -3 
  80 -3 
  75 -3 
  69 -3 
  65 -3 
  59 -3 
  57 -3 
  48 -3 
  47 -3 
  28 -3 
  18 -3 
  14 -3 
  13 -3 
  -14 -3 
  -21 -3 
  -33 -3 
  -44 -3 
  -52 -3 
  -75 -3 
  -78 -3 
  -91 -3 
  -112 -3 
  -116 -3 
  -123 -3 
  -126 -3 
  151 -2 
  108 -2 
  96 -2 
  93 -2 
  89 -2 
  81 -2 
  77 -2 
  76 -2 
  53 -2 
  48 -2 
  46 -2 
  34 -2 
  32 -2 
  29 -2 
  16 -2 
  -7 -2 
  -9 -2 
  -17 -2 
  -21 -2 
  -33 -2 
  -48 -2 
  -52 -2 
  -66 -2 
  -74 -2 
  -79 -2 
  -92 -2 
  -93 -2 
  -103 -2 
  -115 -2 
  -136 -2 
  -145 -2 
  -146 -2 
  159 -1 
  151 -1 
  138 -1 
  126 -1 
  117 -1 
  115 -1 
  104 -1 
  90 -1 
  83 -1 
  81 -1 
  73 -1 
  64 -1 
  54 -1 
  47 -1 
  45 -1 
  42 -1 
  25 -1 
  20 -1 
  17 -1 
  12 -1 
  5 -1 
  -4 -1 
  -6 -1 
  -7 -1 
  -9 -1 
  -26 -1 
  -34 -1 
  -36 -1 
  -38 -1 
  -39 -1 
  -46 -1 
  -47 -1 
  -48 -1 
  -52 -1 
  -68 -1 
  -71 -1 
  -75 -1 
  -85 -1 
  -86 -1 
  -97 -1 
  -104 -1 
  -110 -1 
  -117 -1 
  -123 -1 
  -136 -1 
  -143 -1 
  -146 -1 
  -161 -1 
  167 0 
  163 0 
  157 0 
  150 0 
  143 0 
  138 0 
  132 0 
  129 0 
  128 0 
  99 0 
  93 0 
  87 0 
  77 0 
  57 0 
  55 0 
  40 0 
  35 0 
  23 0 
  20 0 
  4 0 
  -4 0 
  -24 0 
  -29 0 
  -34 0 
  -37 0 
  -45 0 
  -78 0 
  -84 0 
  -86 0 
  -87 0 
  -105 0 
  -109 0 
  -139 0 
  159 1 
  147 1 
  144 1 
  139 1 
  134 1 
  116 1 
  114 1 
  83 1 
  79 1 
  65 1 
  46 1 
  45 1 
  43 1 
  42 1 
  40 1 
  39 1 
  4 1 
  -26 1 
  -47 1 
  -48 1 
  -57 1 
  -63 1 
  -65 1 
  -82 1 
  -88 1 
  -95 1 
  -138 1 
  151 2 
  149 2 
  148 2 
  146 2 
  137 2 
  134 2 
  112 2 
  106 2 
  104 2 
  98 2 
  92 2 
  87 2 
  78 2 
  35 2 
  22 2 
  15 2 
  9 2 
  7 2 
  5 2 
  -12 2 
  -18 2 
  -25 2 
  -26 2 
  -29 2 
  -47 2 
  -56 2 
  -58 2 
  -66 2 
  -68 2 
  -72 2 
  -74 2 
  -83 2 
  -97 2 
  -113 2 
  -116 2 
  -117 2 
  -121 2 
  -124 2 
  -130 2 
  -132 2 
  -133 2 
  -143 2 
  -150 2 
  -151 2 
  125 3 
  117 3 
  114 3 
  112 3 
  107 3 
  103 3 
  80 3 
  67 3 
  33 3 
  20 3 
  18 3 
  15 3 
  14 3 
  -11 3 
  -13 3 
  -31 3 
  -38 3 
  -77 3 
  -79 3 
  -89 3 
  -92 3 
  -99 3 
  -104 3 
  -106 3 
  -132 3 
  97 4 
  90 4 
  88 4 
  84 4 
  76 4 
  73 4 
  68 4 
  40 4 
  39 4 
  21 4 
  19 4 
  14 4 
  4 4 
  0 4 
  -2 4 
  -3 4 
  -8 4 
  -11 4 
  -12 4 
  -45 4 
  -47 4 
  -56 4 
  -79 4 
  -85 4 
  -86 4 
  -99 4 
  51 5 
  49 5 
  36 5 
  35 5 
  34 5 
  33 5 
  30 5 
  27 5 
  16 5 
  12 5 
  2 5 
  1 5 
  0 5 
  -18 5 
  -19 5 
  -38 5 
  -45 5 
  -49 5 
  58 -5 
  45 -5 
  21 -5 
  10 -5 
  2 -5 
  -1 -5 
  -6 -5 
  -7 -5 
  -14 -5 
  -21 -5 
  -25 -5 
  -31 -5 
  -34 -5 
  -42 -5 
  -45 -5 
  -46 -5 
  105 -4 
  98 -4 
  93 -4 
  80 -4 
  71 -4 
  58 -4 
  20 -4 
  11 -4 
  10 -4 
  4 -4 
  -7 -4 
  -14 -4 
  -25 -4 
  -31 -4 
  -54 -4 
  -58 -4 
  -61 -4 
  -62 -4 
  -74 -4 
  -75 -4 
  -76 -4 
  -78 -4 
  -96 -4 
  124 -3 
  121 -3 
  115 -3 
  110 -3 
  103 -3 
  92 -3 
  89 -3 
  83 -3 
  72 -3 
  71 -3 
  62 -3 
  55 -3 
  53 -3 
  44 -3 
  36 -3 
  34 -3 
  22 -3 
  19 -3 
  11 -3 
  9 -3 
  0 -3 
  -3 -3 
  -24 -3 
  -36 -3 
  -38 -3 
  -41 -3 
  -42 -3 
  -48 -3 
  -50 -3 
  -51 -3 
  -56 -3 
  -58 -3 
  -60 -3 
  -70 -3 
  -84 -3 
  -85 -3 
  -90 -3 
  -96 -3 
  -98 -3 
  -106 -3 
  154 -2 
  133 -2 
  132 -2 
  128 -2 
  126 -2 
  122 -2 
  115 -2 
  106 -2 
  92 -2 
  91 -2 
  85 -2 
  63 -2 
  54 -2 
  52 -2 
  43 -2 
  42 -2 
  27 -2 
  10 -2 
  0 -2 
  -15 -2 
  -53 -2 
  -63 -2 
  -69 -2 
  -72 -2 
  -73 -2 
  -75 -2 
  -80 -2 
  -86 -2 
  -100 -2 
  -112 -2 
  -117 -2 
  -121 -2 
  -123 -2 
  -125 -2 
  -129 -2 
  -130 -2 
  -135 -2 
  -137 -2 
  -140 -2 
  -151 -2 
  -154 -2 
  164 -1 
  157 -1 
  143 -1 
  130 -1 
  123 -1 
  91 -1 
  56 -1 
  52 -1 
  48 -1 
  44 -1 
  36 -1 
  22 -1 
  19 -1 
  18 -1 
  16 -1 
  10 -1 
  9 -1 
  8 -1 
  -14 -1 
  -25 -1 
  -43 -1 
  -61 -1 
  -67 -1 
  -91 -1 
  -101 -1 
  -107 -1 
  -114 -1 
  -131 -1 
  -148 -1 
  -149 -1 
  -153 -1 
  -156 -1 
  -164 -1 
  -165 -1 
  161 0 
  133 0 
  130 0 
  127 0 
  121 0 
  118 0 
  100 0 
  92 0 
  91 0 
  80 0 
  72 0 
  47 0 
  36 0 
  18 0 
  11 0 
  0 0 
  -11 0 
  -14 0 
  -28 0 
  -60 0 
  -69 0 
  -70 0 
  -71 0 
  -73 0 
  -91 0 
  -112 0 
  -121 0 
  -125 0 
  -135 0 
  -136 0 
  -141 0 
  -145 0 
  -147 0 
  -151 0 
  -152 0 
  -158 0 
  -163 0 
  161 1 
  156 1 
  152 1 
  140 1 
  136 1 
  132 1 
  130 1 
  129 1 
  124 1 
  121 1 
  117 1 
  107 1 
  100 1 
  94 1 
  80 1 
  78 1 
  77 1 
  62 1 
  60 1 
  54 1 
  53 1 
  24 1 
  22 1 
  13 1 
  0 1 
  -1 1 
  -17 1 
  -23 1 
  -28 1 
  -39 1 
  -43 1 
  -46 1 
  -51 1 
  -53 1 
  -58 1 
  -68 1 
  -78 1 
  -83 1 
  -89 1 
  -91 1 
  -92 1 
  -100 1 
  -114 1 
  -115 1 
  -130 1 
  -140 1 
  -145 1 
  -146 1 
  -159 1 
  138 2 
  124 2 
  109 2 
  97 2 
  77 2 
  69 2 
  52 2 
  43 2 
  34 2 
  32 2 
  31 2 
  27 2 
  24 2 
  16 2 
  4 2 
  -23 2 
  -30 2 
  -39 2 
  -40 2 
  -42 2 
  -43 2 
  -46 2 
  -93 2 
  -96 2 
  -98 2 
  -136 2 
  -140 2 
  -148 2 
  133 3 
  127 3 
  123 3 
  93 3 
  48 3 
  47 3 
  45 3 
  28 3 
  21 3 
  13 3 
  12 3 
  6 3 
  5 3 
  -1 3 
  -4 3 
  -18 3 
  -25 3 
  -33 3 
  -35 3 
  -36 3 
  -50 3 
  -54 3 
  -60 3 
  -62 3 
  -68 3 
  -83 3 
  -94 3 
  -110 3 
  -117 3 
  -120 3 
  -128 3 
  104 4 
  101 4 
  96 4 
  89 4 
  86 4 
  70 4 
  63 4 
  28 4 
  18 4 
  16 4 
  2 4 
  -10 4 
  -14 4 
  -18 4 
  -50 4 
  -58 4 
  -66 4 
  -68 4 
  -80 4 
  -97 4 
  -104 4 
  -105 4 
  55 5 
  40 5 
  -11 5 
  -16 5 
  -25 5 
  -26 5 
  -27 5 
  -34 5 
  -39 5 
  -52 5 
  49 -5 
  33 -5 
  25 -5 
  16 -5 
  15 -5 
  5 -5 
  4 -5 
  -3 -5 
  -5 -5 
  -10 -5 
  -13 -5 
  -19 -5 
  -32 -5 
  -38 -5 
  87 -4 
  76 -4 
  70 -4 
  64 -4 
  61 -4 
  59 -4 
  48 -4 
  40 -4 
  39 -4 
  36 -4 
  29 -4 
  23 -4 
  16 -4 
  -13 -4 
  -23 -4 
  -29 -4 
  -34 -4 
  -37 -4 
  -40 -4 
  -52 -4 
  -56 -4 
  -57 -4 
  -67 -4 
  -79 -4 
  -91 -4 
  -92 -4 
  -94 -4 
  -102 -4 
  117 -3 
  113 -3 
  102 -3 
  84 -3 
  49 -3 
  45 -3 
  38 -3 
  31 -3 
  25 -3 
  20 -3 
  -18 -3 
  -19 -3 
  -26 -3 
  -29 -3 
  -46 -3 
  -53 -3 
  -64 -3 
  -65 -3 
  -66 -3 
  -68 -3 
  -77 -3 
  -80 -3 
  -92 -3 
  -94 -3 
  -95 -3 
  -103 -3 
  -105 -3 
  -119 -3 
  -124 -3 
  -127 -3 
  -129 -3 
  -134 -3 
  149 -2 
  147 -2 
  137 -2 
  127 -2 
  114 -2 
  112 -2 
  103 -2 
  98 -2 
  79 -2 
  60 -2 
  50 -2 
  41 -2 
  40 -2 
  18 -2 
  4 -2 
  -4 -2 
  -5 -2 
  -14 -2 
  -16 -2 
  -24 -2 
  -29 -2 
  -32 -2 
  -34 -2 
  -36 -2 
  -41 -2 
  -65 -2 
  -82 -2 
  -95 -2 
  -98 -2 
  -120 -2 
  -127 -2 
  -128 -2 
  -138 -2 
  -150 -2 
  166 -1 
  162 -1 
  161 -1 
  147 -1 
  145 -1 
  129 -1 
  128 -1 
  107 -1 
  97 -1 
  95 -1 
  92 -1 
  85 -1 
  80 -1 
  72 -1 
  71 -1 
  60 -1 
  55 -1 
  51 -1 
  49 -1 
  31 -1 
  28 -1 
  -2 -1 
  -12 -1 
  -15 -1 
  -31 -1 
  -32 -1 
  -35 -1 
  -50 -1 
  -51 -1 
  -54 -1 
  -56 -1 
  -60 -1 
  -64 -1 
  -69 -1 
  -74 -1 
  -80 -1 
  -83 -1 
  -99 -1 
  -102 -1 
  -108 -1 
  -112 -1 
  -119 -1 
  -124 -1 
  -133 -1 
  -135 -1 
  -140 -1 
  -152 -1 
  -160 -1 
  168 0 
  158 0 
  155 0 
  146 0 
  144 0 
  139 0 
  135 0 
  126 0 
  119 0 
  116 0 
  109 0 
  103 0 
  95 0 
  90 0 
  89 0 
  85 0 
  84 0 
  73 0 
  69 0 
  67 0 
  53 0 
  49 0 
  42 0 
  34 0 
  21 0 
  3 0 
  -10 0 
  -12 0 
  -16 0 
  -18 0 
  -30 0 
  -36 0 
  -41 0 
  -43 0 
  -62 0 
  -72 0 
  -80 0 
  -88 0 
  -94 0 
  -119 0 
  -123 0 
  -137 0 
  -140 0 
  -156 0 
  154 1 
  135 1 
  123 1 
  119 1 
  112 1 
  109 1 
  106 1 
  87 1 
  75 1 
  70 1 
  69 1 
  59 1 
  51 1 
  47 1 
  29 1 
  19 1 
  17 1 
  11 1 
  2 1 
  -9 1 
  -14 1 
  -15 1 
  -19 1 
  -20 1 
  -25 1 
  -32 1 
  -38 1 
  -44 1 
  -45 1 
  -80 1 
  -104 1 
  -108 1 
  -127 1 
  -129 1 
  -131 1 
  -134 1 
  -135 1 
  -137 1 
  -139 1 
  -143 1 
  -149 1 
  142 2 
  141 2 
  139 2 
  135 2 
  122 2 
  116 2 
  115 2 
  114 2 
  110 2 
  100 2 
  94 2 
  93 2 
  89 2 
  88 2 
  79 2 
  76 2 
  74 2 
  71 2 
  56 2 
  45 2 
  29 2 
  28 2 
  17 2 
  -10 2 
  -13 2 
  -21 2 
  -36 2 
  -41 2 
  -50 2 
  -53 2 
  -55 2 
  -65 2 
  -78 2 
  -85 2 
  -88 2 
  -100 2 
  -112 2 
  -119 2 
  -126 2 
  -129 2 
  -144 2 
  129 3 
  116 3 
  105 3 
  102 3 
  92 3 
  79 3 
  78 3 
  64 3 
  63 3 
  54 3 
  40 3 
  32 3 
  29 3 
  26 3 
  11 3 
  9 3 
  -5 3 
  -10 3 
  -12 3 
  -30 3 
  -37 3 
  -42 3 
  -45 3 
  -48 3 
  -49 3 
  -58 3 
  -66 3 
  -72 3 
  -80 3 
  -96 3 
  -102 3 
  -113 3 
  -118 3 
  -119 3 
  -127 3 
  -130 3 
  103 4 
  100 4 
  99 4 
  92 4 
  81 4 
  77 4 
  61 4 
  54 4 
  52 4 
  50 4 
  45 4 
  33 4 
  30 4 
  23 4 
  20 4 
  7 4 
  1 4 
  -7 4 
  -19 4 
  -20 4 
  -21 4 
  -22 4 
  -26 4 
  -28 4 
  -29 4 
  -33 4 
  -43 4 
  -64 4 
  -74 4 
  -76 4 
  -82 4 
  -92 4 
  -106 4 
  43 5 
  41 5 
  38 5 
  32 5 
  22 5 
  15 5 
  -2 5 
  -4 5 
  -7 5 
  -13 5 
  54 -5 
  50 -5 
  40 -5 
  35 -5 
  32 -5 
  26 -5 
  22 -5 
  7 -5 
  -11 -5 
  -26 -5 
  -28 -5 
  -33 -5 
  -40 -5 
  -41 -5 
  -50 -5 
  -51 -5 
  -54 -5 
  94 -4 
  82 -4 
  51 -4 
  15 -4 
  13 -4 
  -15 -4 
  -17 -4 
  -20 -4 
  -28 -4 
  -32 -4 
  -45 -4 
  -48 -4 
  -49 -4 
  -60 -4 
  -63 -4 
  -64 -4 
  -68 -4 
  -88 -4 
  -99 -4 
  -103 -4 
  133 -3 
  132 -3 
  119 -3 
  109 -3 
  104 -3 
  101 -3 
  96 -3 
  95 -3 
  90 -3 
  86 -3 
  78 -3 
  77 -3 
  70 -3 
  63 -3 
  52 -3 
  43 -3 
  40 -3 
  32 -3 
  24 -3 
  23 -3 
  21 -3 
  12 -3 
  6 -3 
  4 -3 
  -7 -3 
  -8 -3 
  -12 -3 
  -16 -3 
  -17 -3 
  -43 -3 
  -49 -3 
  -57 -3 
  -72 -3 
  -82 -3 
  -83 -3 
  -87 -3 
  -93 -3 
  -97 -3 
  -101 -3 
  -109 -3 
  -114 -3 
  -115 -3 
  -122 -3 
  -135 -3 
  -136 -3 
  153 -2 
  145 -2 
  140 -2 
  139 -2 
  138 -2 
  123 -2 
  120 -2 
  110 -2 
  102 -2 
  86 -2 
  78 -2 
  69 -2 
  65 -2 
  47 -2 
  36 -2 
  35 -2 
  31 -2 
  24 -2 
  15 -2 
  9 -2 
  7 -2 
  5 -2 
  -1 -2 
  -13 -2 
  -20 -2 
  -22 -2 
  -26 -2 
  -28 -2 
  -35 -2 
  -37 -2 
  -47 -2 
  -55 -2 
  -62 -2 
  -64 -2 
  -68 -2 
  -77 -2 
  -84 -2 
  -89 -2 
  -90 -2 
  -101 -2 
  -109 -2 
  -116 -2 
  -118 -2 
  -124 -2 
  -142 -2 
  -144 -2 
  -152 -2 
  150 -1 
  149 -1 
  144 -1 
  137 -1 
  131 -1 
  125 -1 
  120 -1 
  113 -1 
  99 -1 
  96 -1 
  94 -1 
  88 -1 
  77 -1 
  69 -1 
  65 -1 
  29 -1 
  21 -1 
  13 -1 
  7 -1 
  6 -1 
  2 -1 
  -17 -1 
  -24 -1 
  -30 -1 
  -42 -1 
  -44 -1 
  -58 -1 
  -59 -1 
  -65 -1 
  -70 -1 
  -72 -1 
  -81 -1 
  -88 -1 
  -93 -1 
  -98 -1 
  -106 -1 
  -109 -1 
  -115 -1 
  -116 -1 
  -121 -1 
  -126 -1 
  -127 -1 
  -139 -1 
  -147 -1 
  -155 -1 
  -158 -1 
  164 0 
  160 0 
  156 0 
  152 0 
  141 0 
  124 0 
  122 0 
  107 0 
  106 0 
  102 0 
  86 0 
  78 0 
  66 0 
  63 0 
  61 0 
  52 0 
  44 0 
  41 0 
  33 0 
  31 0 
  30 0 
  19 0 
  14 0 
  12 0 
  9 0 
  8 0 
  6 0 
  -2 0 
  -19 0 
  -33 0 
  -38 0 
  -42 0 
  -47 0 
  -74 0 
  -76 0 
  -77 0 
  -82 0 
  -85 0 
  -89 0 
  -95 0 
  -96 0 
  -98 0 
  -108 0 
  -111 0 
  -118 0 
  -128 0 
  -133 0 
  -143 0 
  160 1 
  153 1 
  145 1 
  128 1 
  105 1 
  103 1 
  89 1 
  81 1 
  67 1 
  61 1 
  56 1 
  49 1 
  44 1 
  36 1 
  35 1 
  31 1 
  14 1 
  12 1 
  -11 1 
  -21 1 
  -37 1 
  -41 1 
  -55 1 
  -60 1 
  -77 1 
  -85 1 
  -96 1 
  -98 1 
  -101 1 
  -126 1 
  -152 1 
  -157 1 
  -162 1 
  -163 1 
  153 2 
  145 2 
  144 2 
  117 2 
  95 2 
  84 2 
  82 2 
  81 2 
  70 2 
  66 2 
  64 2 
  61 2 
  41 2 
  30 2 
  19 2 
  3 2 
  -4 2 
  -14 2 
  -19 2 
  -37 2 
  -44 2 
  -49 2 
  -52 2 
  -59 2 
  -82 2 
  -89 2 
  -95 2 
  -101 2 
  -102 2 
  -106 2 
  -114 2 
  -137 2 
  -146 2 
  -147 2 
  132 3 
  126 3 
  118 3 
  113 3 
  111 3 
  109 3 
  91 3 
  90 3 
  75 3 
  74 3 
  61 3 
  58 3 
  57 3 
  31 3 
  24 3 
  17 3 
  10 3 
  0 3 
  -3 3 
  -24 3 
  -28 3 
  -39 3 
  -40 3 
  -47 3 
  -55 3 
  -64 3 
  -65 3 
  -67 3 
  -76 3 
  -103 3 
  -105 3 
  -112 3 
  -116 3 
  -121 3 
  105 4 
  80 4 
  79 4 
  71 4 
  59 4 
  56 4 
  55 4 
  42 4 
  37 4 
  32 4 
  27 4 
  26 4 
  -13 4 
  -23 4 
  -25 4 
  -30 4 
  -48 4 
  -75 4 
  -78 4 
  -90 4 
  -93 4 
  -100 4 
  -102 4 
  52 5 
  45 5 
  44 5 
  25 5 
  19 5 
  13 5 
  11 5 
  8 5 
  -3 5 
  -20 5 
  -35 5 
  -46 5 
  -47 5 
  53 -5 
  51 -5 
  42 -5 
  37 -5 
  34 -5 
  13 -5 
  -9 -5 
  -20 -5 
  -22 -5 
  -43 -5 
  -47 -5 
  -55 -5 
  101 -4 
  97 -4 
  91 -4 
  89 -4 
  83 -4 
  74 -4 
  60 -4 
  54 -4 
  47 -4 
  46 -4 
  43 -4 
  37 -4 
  33 -4 
  32 -4 
  27 -4 
  26 -4 
  21 -4 
  9 -4 
  6 -4 
  3 -4 
  0 -4 
  -4 -4 
  -6 -4 
  -8 -4 
  -36 -4 
  -42 -4 
  -44 -4 
  -69 -4 
  -80 -4 
  -86 -4 
  -98 -4 
  -105 -4 
  136 -3 
  135 -3 
  131 -3 
  129 -3 
  126 -3 
  116 -3 
  112 -3 
  107 -3 
  88 -3 
  74 -3 
  66 -3 
  61 -3 
  58 -3 
  46 -3 
  33 -3 
  15 -3 
  10 -3 
  7 -3 
  1 -3 
  -9 -3 
  -10 -3 
  -11 -3 
  -20 -3 
  -30 -3 
  -31 -3 
  -32 -3 
  -37 -3 
  -59 -3 
  -62 -3 
  -74 -3 
  -76 -3 
  -81 -3 
  -110 -3 
  -117 -3 
  -118 -3 
  -120 -3 
  -130 -3 
  143 -2 
  136 -2 
  135 -2 
  129 -2 
  125 -2 
  124 -2 
  107 -2 
  100 -2 
  97 -2 
  90 -2 
  88 -2 
  87 -2 
  84 -2 
  83 -2 
  82 -2 
  74 -2 
  71 -2 
  70 -2 
  66 -2 
  39 -2 
  37 -2 
  33 -2 
  30 -2 
  28 -2 
  25 -2 
  20 -2 
  17 -2 
  14 -2 
  13 -2 
  11 -2 
  2 -2 
  -8 -2 
  -10 -2 
  -12 -2 
  -18 -2 
  -27 -2 
  -30 -2 
  -39 -2 
  -44 -2 
  -46 -2 
  -50 -2 
  -51 -2 
  -60 -2 
  -61 -2 
  -67 -2 
  -83 -2 
  -87 -2 
  -91 -2 
  -99 -2 
  -139 -2 
  -149 -2 
  127 -1 
  122 -1 
  108 -1 
  105 -1 
  89 -1 
  79 -1 
  75 -1 
  74 -1 
  61 -1 
  59 -1 
  57 -1 
  43 -1 
  39 -1 
  37 -1 
  34 -1 
  33 -1 
  11 -1 
  4 -1 
  1 -1 
  -1 -1 
  -11 -1 
  -16 -1 
  -23 -1 
  -29 -1 
  -37 -1 
  -66 -1 
  -82 -1 
  -87 -1 
  -94 -1 
  -96 -1 
  -100 -1 
  -113 -1 
  -122 -1 
  -134 -1 
  -138 -1 
  -142 -1 
  -166 -1 
  169 0 
  162 0 
  153 0 
  149 0 
  142 0 
  114 0 
  110 0 
  94 0 
  82 0 
  79 0 
  71 0 
  64 0 
  62 0 
  58 0 
  50 0 
  38 0 
  32 0 
  24 0 
  22 0 
  17 0 
  15 0 
  -3 0 
  -5 0 
  -17 0 
  -22 0 
  -32 0 
  -35 0 
  -39 0 
  -40 0 
  -48 0 
  -50 0 
  -52 0 
  -56 0 
  -57 0 
  -58 0 
  -67 0 
  -79 0 
  -97 0 
  -107 0 
  -115 0 
  -130 0 
  -150 0 
  -157 0 
  -162 0 
  -166 0 
  162 1 
  158 1 
  155 1 
  149 1 
  148 1 
  146 1 
  120 1 
  118 1 
  102 1 
  101 1 
  82 1 
  73 1 
  71 1 
  58 1 
  33 1 
  23 1 
  7 1 
  3 1 
  -4 1 
  -13 1 
  -31 1 
  -33 1 
  -40 1 
  -50 1 
  -56 1 
  -64 1 
  -66 1 
  -75 1 
  -76 1 
  -93 1 
  -103 1 
  -106 1 
  -107 1 
  -112 1 
  -122 1 
  -124 1 
  -133 1 
  -141 1 
  -142 1 
  -151 1 
  -153 1 
  -154 1 
  154 2 
  152 2 
  150 2 
  147 2 
  132 2 
  129 2 
  128 2 
  127 2 
  123 2 
  113 2 
  111 2 
  108 2 
  103 2 
  101 2 
  99 2 
  91 2 
  73 2 
  63 2 
  51 2 
  50 2 
  48 2 
  47 2 
  46 2 
  40 2 
  37 2 
  23 2 
  14 2 
  1 2 
  -16 2 
  -20 2 
  -34 2 
  -48 2 
  -51 2 
  -61 2 
  -71 2 
  -75 2 
  -86 2 
  -90 2 
  -91 2 
  -99 2 
  -103 2 
  -108 2 
  -115 2 
  -123 2 
  -125 2 
  -138 2 
  -145 2 
  124 3 
  119 3 
  108 3 
  106 3 
  99 3 
  94 3 
  86 3 
  82 3 
  70 3 
  65 3 
  59 3 
  50 3 
  49 3 
  44 3 
  42 3 
  39 3 
  36 3 
  34 3 
  25 3 
  23 3 
  3 3 
  1 3 
  -8 3 
  -9 3 
  -20 3 
  -27 3 
  -44 3 
  -61 3 
  -69 3 
  -70 3 
  -91 3 
  -95 3 
  -101 3 
  -114 3 
  -122 3 
  -131 3 
  98 4 
  62 4 
  58 4 
  51 4 
  43 4 
  36 4 
  15 4 
  13 4 
  12 4 
  11 4 
  9 4 
  3 4 
  -5 4 
  -36 4 
  -39 4 
  -51 4 
  -62 4 
  -67 4 
  -73 4 
  -91 4 
  -95 4 
  -103 4 
  47 5 
  37 5 
  14 5 
  6 5 
  -5 5 
  -12 5 
  -22 5 
  -28 5 
  -32 5 
  -40 5 
  -42 5 
  -43 5 
  -44 5 
  -48 5 
  -53 5 ;
AreaPerTest 1.9325800201e+10;
DefectRecordSpec 12 DEFECTID XREL YREL XINDEX YINDEX XSIZE YSIZE DEFECTAREA DSIZE CLASSNUMBER TEST IMAGECOUNT ;
DefectList
 1 90.738 3921.914 -34 4 1.169 1.949 0.440167 1.949 0 1 0
 2 83.115 15015.736 121 3 0.779 0.389 0.509949 0.779 0 1 0
 3 370.678 16530.828 13 2 0.389 0.389 0.141354 0.389 0 1 0
 4 38.504 11501.170 57 2 0.389 0.389 0.288673 0.389 0 1 0
 5 53.012 11651.119 1 2 0.389 0.779 0.269587 0.779 0 1 0
 6 52.817 11636.104 1 2 0.779 2.729 0.695440 2.729 0 1 0
 7 52.817 11621.480 1 2 0.779 0.779 0.314320 0.779 0 1 0
 8 403.236 4859.357 7 2 2.339 2.339 1.636013 2.339 0 1 0
 9 163.293 11987.139 136 1 2.339 1.559 0.670986 2.339 0 1 0
 10 56.851 11715.904 -55 1 0.779 0.389 0.131811 0.779 0 1 0
 11 267.329 10284.067 -34 1 2.729 1.559 1.640785 2.729 0 1 0
 12 39.971 16543.418 -169 0 2.339 13.649 10.918285 13.649 0 1 0
 13 55.375 8674.515 -169 0 3.509 1.169 1.164832 3.509 0 1 0
 14 56.740 8669.835 -169 0 0.779 0.389 0.563032 0.779 0 1 0
 15 53.815 8667.495 -169 0 0.389 0.389 0.392452 0.389 0 1 0
 16 37.870 4969.710 57 0 0.779 1.559 0.435395 1.559 0 1 0
 17 38.064 4999.934 57 0 0.389 0.389 0.199805 0.389 0 1 0
 18 97.884 1389.294 -169 0 0.389 0.389 0.266009 0.389 0 1 0
 19 97.884 1371.940 -169 0 1.169 0.779 0.446131 1.169 0 1 0
 20 97.884 1366.285 -169 0 0.389 0.389 0.257062 0.389 0 1 0
 21 97.884 1348.736 -169 0 1.169 1.169 0.513528 1.169 0 1 0
 22 97.690 1325.727 -169 0 0.779 1.169 0.438378 1.169 0 1 0
 23 97.690 1321.437 -169 0 0.779 2.729 0.508757 2.729 0 1 0
 24 97.495 1300.183 -169 0 1.169 6.239 1.683728 6.239 0 1 0
 25 97.105 1254.360 -169 0 1.169 5.849 4.279400 5.849 0 1 0
 26 97.105 1231.350 -169 0 1.169 5.849 4.721953 5.849 0 1 0
 27 97.105 1208.341 -169 0 1.169 5.849 4.754756 5.849 0 1 0
 28 97.105 1185.332 -169 0 1.169 5.849 4.892532 5.849 0 1 0
 29 96.714 1162.323 -169 0 1.169 5.849 4.739249 5.849 0 1 0
 30 96.714 1139.314 -169 0 1.169 5.849 4.714199 5.849 0 1 0
 31 96.714 1116.305 -169 0 1.169 5.849 4.806049 5.849 0 1 0
 32 96.324 1070.287 -169 0 1.169 5.849 4.784578 5.849 0 1 0
 33 96.324 1047.278 -169 0 1.169 5.849 4.840643 5.849 0 1 0
 34 95.935 1024.268 -169 0 1.169 5.849 4.765492 5.849 0 1 0
 35 95.935 1000.869 -169 0 1.169 5.849 4.831100 5.849 0 1 0
 36 95.935 977.860 -169 0 1.169 5.849 4.965893 5.849 0 1 0
 37 95.545 954.851 -169 0 1.169 5.849 4.861518 5.849 0 1 0
 38 95.545 931.842 -169 0 1.169 5.849 4.867482 5.849 0 1 0
 39 46.601 925.407 -169 0 2.339 4.679 2.215149 4.679 0 1 0
 40 46.601 916.048 -169 0 2.339 7.799 4.086752 7.799 0 1 0
 41 38.995 996.970 -169 0 0.389 0.389 0.538578 0.389 0 1 0
 42 39.192 982.345 -169 0 0.779 0.779 0.870194 0.779 0 1 0
 43 39.581 965.576 -169 0 1.559 15.599 6.797536 15.599 0 1 0
 44 39.775 943.152 -169 0 1.949 18.329 10.860431 18.329 0 1 0
 45 39.775 920.142 -169 0 1.949 18.329 12.958083 18.329 0 1 0
 46 97.495 1277.564 -169 0 1.169 6.239 2.656508 6.239 0 1 0
 47 96.324 1093.296 -169 0 1.169 5.849 4.705252 5.849 0 1 0
 48 175.735 297.723 -138 0 1.559 5.069 2.967846 5.069 0 1 0
 49 186.264 292.653 -138 0 1.559 0.389 0.472374 1.559 0 1 0
 50 35.568 722.416 -169 0 1.169 0.389 1.053299 1.169 0 1 0
 51 37.713 874.316 -169 0 5.459 17.939 18.182230 17.939 0 1 0
 52 38.298 851.306 -169 0 6.629 17.939 28.133700 17.939 0 1 0
 53 39.078 828.492 -169 0 8.189 18.329 34.251304 18.329 0 1 0
 54 38.884 805.483 -169 0 8.579 18.329 32.801974 18.329 0 1 0
 55 38.884 782.474 -169 0 8.579 18.329 38.355948 18.329 0 1 0
 56 38.688 759.465 -169 0 8.189 18.329 20.957428 18.329 0 1 0
 57 38.688 736.651 -169 0 8.189 17.939 13.850345 17.939 0 1 0
 58 85.098 885.625 -169 0 1.169 5.459 4.942632 5.459 0 1 0
 59 85.098 862.811 -169 0 1.169 5.849 5.075040 5.849 0 1 0
 60 84.902 839.802 -169 0 1.559 5.849 5.387571 5.849 0 1 0
 61 84.707 816.793 -169 0 1.169 5.849 5.066690 5.849 0 1 0
 62 84.707 793.784 -169 0 1.169 5.849 4.853764 5.849 0 1 0
 63 84.707 770.970 -169 0 1.169 5.459 5.001083 5.459 0 1 0
 64 84.317 748.155 -169 0 1.169 5.849 4.987365 5.849 0 1 0
 65 84.317 725.146 -169 0 1.169 5.849 4.841835 5.849 0 1 0
 66 39.663 708.767 -169 0 4.679 8.189 5.379817 8.189 0 1 0
 67 41.029 698.432 -169 0 2.729 2.339 1.783928 2.729 0 1 0
 68 41.029 686.538 -169 0 0.389 4.289 2.615355 4.289 0 1 0
 69 41.808 676.203 -169 0 1.169 0.779 1.184514 1.169 0 1 0
 70 49.024 696.092 -169 0 0.779 4.679 2.682155 4.679 0 1 0
 71 57.214 690.633 -169 0 5.459 17.939 17.799918 17.939 0 1 0
 72 57.993 667.623 -169 0 7.019 17.939 31.563780 17.939 0 1 0
 73 58.188 644.809 -169 0 8.189 18.329 32.147688 18.329 0 1 0
 74 58.188 598.791 -169 0 8.189 18.329 28.211832 18.329 0 1 0
 75 57.993 575.782 -169 0 8.579 18.329 23.807778 18.329 0 1 0
 76 57.993 552.773 -169 0 8.579 18.329 25.027482 18.329 0 1 0
 77 57.798 537.759 -169 0 8.189 2.339 5.700101 8.189 0 1 0
 78 58.384 621.800 -169 0 8.579 18.329 41.547456 18.329 0 1 0
 79 68.913 598.011 -169 0 3.119 16.769 10.689255 16.769 0 1 0
 80 69.887 575.782 -169 0 5.849 18.329 18.311658 18.329 0 1 0
 81 70.668 552.773 -169 0 7.409 18.329 24.716144 18.329 0 1 0
 82 83.928 610.101 -169 0 1.169 5.849 5.067883 5.849 0 1 0
 83 83.538 587.287 -169 0 1.169 5.459 4.848396 5.459 0 1 0
 84 83.538 564.277 -169 0 1.169 5.459 4.754160 5.459 0 1 0
 85 83.538 541.463 -169 0 1.169 5.849 5.123351 5.849 0 1 0
 86 84.317 702.137 -169 0 1.169 5.849 5.004661 5.849 0 1 0
 87 84.122 679.128 -169 0 0.779 5.849 4.912811 5.849 0 1 0
 88 83.928 656.119 -169 0 1.169 5.849 4.872253 5.849 0 1 0
 89 83.928 633.110 -169 0 1.169 5.849 4.853764 5.849 0 1 0
 90 82.952 517.479 -169 0 1.559 7.019 5.488368 7.019 0 1 0
 91 81.978 494.470 -169 0 3.509 12.479 7.614052 12.479 0 1 0
 92 82.173 461.126 -169 0 3.899 47.968 43.686260 47.968 0 1 0
 93 82.562 428.173 -169 0 3.119 9.359 6.010842 9.359 0 1 0
 94 81.392 400.094 -169 0 3.119 21.839 16.166887 21.839 0 1 0
 95 81.392 380.400 -169 0 3.119 12.089 8.306509 12.089 0 1 0
 96 82.173 357.195 -169 0 3.119 11.699 6.503495 11.699 0 1 0
 97 87.048 434.023 -169 0 0.389 7.019 4.012795 7.019 0 1 0
 98 87.048 417.643 -169 0 0.389 11.699 6.612046 11.699 0 1 0
 99 87.632 374.550 -169 0 2.339 50.308 29.720208 50.308 0 1 0
 100 86.853 176.047 -169 0 2.339 2.729 1.281136 2.729 0 1 0
 101 86.853 170.588 -169 0 2.339 2.729 1.492869 2.729 0 1 0
 102 98.553 184.042 -169 0 1.559 5.459 5.467493 5.459 0 1 0
 103 101.476 328.532 -169 0 0.389 4.289 2.724502 4.289 0 1 0
 104 104.401 184.237 -169 0 1.559 5.069 4.202460 5.069 0 1 0
 105 96.408 256.579 -169 0 21.449 135.714 269.220480 135.714 0 1 0
 106 107.132 179.167 -169 0 13.259 0.389 7.211460 13.259 0 1 0
 107 112.981 190.477 -169 0 8.579 16.769 20.098566 16.769 0 1 0
 108 119.416 188.137 -169 0 0.389 0.389 0.524860 0.389 0 1 0
 109 125.851 308.642 -169 0 0.779 8.969 5.478825 8.969 0 1 0
 110 125.656 301.233 -169 0 0.389 1.169 1.052703 1.169 0 1 0
 111 125.851 287.583 -169 0 0.779 10.529 5.679226 10.529 0 1 0
 112 132.676 225.381 -169 0 1.169 21.059 20.073516 21.059 0 1 0
 113 159.586 189.892 -169 0 1.169 1.559 0.455078 1.559 0 1 0
 114 41.223 721.636 -169 0 3.119 1.949 2.306403 3.119 0 1 0
 115 48.829 748.350 -169 0 1.949 95.936 80.266032 95.936 0 1 0
 116 55.459 712.472 -169 0 1.949 15.599 10.221056 15.599 0 1 0
 117 94.457 344.716 -169 0 0.389 3.119 1.572195 3.119 0 1 0
 118 90.947 339.646 -169 0 0.389 10.139 5.006451 10.139 0 1 0
 119 340.834 118.593 97 0 0.389 0.389 0.172369 0.389 0 1 0
 120 133.959 118.203 -169 0 0.779 0.389 0.710351 0.779 0 1 0
 121 122.063 118.788 -169 0 18.329 1.559 9.462395 18.329 0 1 0
 122 104.709 118.788 -169 0 3.119 0.779 1.612752 3.119 0 1 0
 123 116.147 16530.933 70 -1 0.779 0.389 0.157458 0.779 0 1 0
 124 302.353 16531.128 97 -1 1.169 0.779 0.279727 1.169 0 1 0
 125 42.033 11203.642 57 -1 0.779 4.679 1.025863 4.679 0 1 0
 126 56.740 4995.637 -55 -1 0.389 0.389 0.140758 0.389 0 1 0
 127 198.844 16530.801 14 -2 0.779 0.389 0.230819 0.779 0 1 0
 128 39.511 11569.250 57 -2 0.779 1.169 0.406767 1.169 0 1 0
 129 53.408 11605.714 -1 -2 0.389 0.779 0.240959 0.779 0 1 0
 130 34.083 11328.626 -55 -2 1.169 1.949 0.660847 1.949 0 1 0
 131 43.442 4983.930 -55 -2 0.389 0.389 0.239169 0.389 0 1 0
 132 40.927 4971.646 1 -2 0.779 0.779 0.306566 0.779 0 1 0
 133 214.649 118.579 -36 -2 0.389 0.389 0.093640 0.389 0 1 0
 134 279.677 16530.919 -38 -3 0.779 0.389 0.123461 0.779 0 1 0
 135 320.653 16530.919 64 -3 0.779 0.389 0.204576 0.779 0 1 0
 136 92.223 16530.919 70 -3 0.389 0.389 0.133004 0.389 0 1 0
 137 398.216 14839.157 28 -3 0.389 0.389 0.094236 0.389 0 1 0
 138 41.586 11635.150 1 -3 0.779 1.169 0.336984 1.169 0 1 0
 139 273.769 4094.754 132 -3 0.389 0.389 0.090061 0.389 0 1 0
 140 441.938 7674.633 -109 -4 3.509 2.339 1.566827 3.509 0 1 0
 141 331.474 635.882 108 -4 0.389 0.779 0.212926 0.779 0 1 0
 142 94.969 659.866 109 -4 1.559 1.169 0.378734 1.559 0 1 0
 143 394.847 430.555 108 -4 1.559 1.169 0.288077 1.559 0 1 0
 144 289.550 187.399 108 -4 0.779 0.779 0.181315 0.779 0 1 0
 145 380.028 8750.793 42 -5 1.169 1.169 0.700808 1.169 0 1 0
 146 85.640 389.891 -169 0 103.737 567.428 8242.716160 567.428 0 1 0
 147 188.752 153.496 -169 0 17.549 2.339 26.211400 17.549 0 1 0
 148 173.738 153.496 -169 0 8.579 2.339 17.472476 8.579 0 1 0
 149 158.723 153.496 -169 0 17.549 2.339 29.290778 17.549 0 1 0
 150 143.707 153.496 -169 0 8.579 2.339 17.451004 8.579 0 1 0
 151 95.545 908.833 -169 0 1.169 5.849 4.801278 5.849 0 1 0
 152 46.990 902.593 -169 0 3.119 5.849 3.829094 5.849 0 1 0
 153 37.673 897.132 -169 0 5.459 18.719 18.741684 18.719 0 1 0
 154 85.293 906.684 -169 0 0.779 2.339 1.822100 2.339 0 1 0
 155 33.577 11328.256 -55 1 0.389 0.389 0.238573 0.389 0 1 0;
SummarySpec 5
  TESTNO    NDEFECT    DEFDENSITY    NDIE    NDEFDIE  ;
SummaryList 
  1    155    8.0203688145e-01    939    33  ;
EndOfFile;
