FileVersion 1 2;
FileTimestamp 04-26-19 16:27:14;
InspectionStationID "NONE" "AIT" "ILS202";
SampleType WAFER;
ResultTimestamp 02-24-19 20:22:57;
LotID "192A01";
SampleSize 1 200;
DeviceID "SI57";
SetupID "SI57" 02-27-18 15:26:55;
StepID "3050GCDM";
SampleOrientationMarkType NOTCH;
OrientationMarkLocation DOWN;
DiePitch 3.4108730000e+03 3.0169870000e+03;
DieOrigin 0.0000000000e+00 0.0000000000e+00;
WaferID "@07";
Slot 7;
SampleCenterLocation 1.4800000000e+02 2.4830000000e+03;
ClassLookup 74
  0 "Uncategorized"
  1 "Small PT"
  2 "Medium PT"
  3 "Large PT"
  4 "Polymer"
  5 "Flake PT"
  6 "Scratch"
  9 "Other Defect"
  10 "Other Residue"
  11 "Wet Residue"
  13 "W Residue"
  14 "PR Residue"
  15 "Liquid Mark"
  16 "Thread Defect"
  20 "Pits"
  22 "Pattern Deformed"
  23 "Defocus"
  24 "PR BUBBLE"
  25 "Crown Defect"
  27 "Bead Defect"
  30 "CMP Scratch"
  31 "Minor CMP Scratch"
  35 "Rip Out"
  40 "Protrusion"
  42 "Top Blocked"
  43 "Bottom Blocked"
  44 "Line broken"
  45 "Metal Corrosion"
  46 "Galvanic Corrosion"
  51 "PR Popping"
  52 "Salicide Bad"
  53 "STI Dimple"
  59 "W Void"
  60 "AA Dep PT"
  61 "GC Dep PT"
  62 "CVD Dep PT"
  63 "Metal Dep PT"
  73 "Cone Defect"
  74 "Metal Depression"
  77 "Underlayer"
  78 "NUISANCE/FALSE"
  79 "Metal Grain"
  80 "Don't Care/Minor"
  95 "Missing AI"
  99 "test2"
  100 "Cluster"
  101 "CU CMP Scratch"
  102 "CU Void"
  103 "2_PO Missing"
  104 "CU Pattern Open"
  105 "CU Remain"
  106 "Circle CU Remain"
  107 "CU CVD PT"
  108 "CU Eclips"
  109 "CU CMP Residue"
  110 "Minor CU CMP Scratch"
  111 "CMP PT"
  112 "CU SEAM PT"
  113 "CU Ox"
  114 "CU Pattern Open(Minor)"
  116 "1_PO Missing"
  117 "PAD Abnormality"
  150 "Guard Ring Circle Defect"
  151 "EBR Circle Defect"
  152 "PAD Hillock"
  153 "PAD Residue"
  154 "PAD Hole"
  155 "Color PR Residue"
  201 "Bin 1"
  202 "Bin 2"
  203 "Bin 3"
  204 "Bin 4"
  205 "Bin 5"
  206 "Bin 6"  ;
OrientationInstructions "";
InspectionTest 1;
SampleTestPlan 2736
  -27 -8 
  -27 -5 
  -27 3 
  -27 6 
  -26 -10 
  -26 5 
  -25 -7 
  -25 -6 
  -25 7 
  -25 11 
  -25 13 
  -25 14 
  -24 -1 
  -24 9 
  -24 10 
  -24 15 
  -23 -4 
  -23 3 
  -22 -9 
  -22 3 
  -22 10 
  -22 13 
  -22 15 
  -22 16 
  -21 -19 
  -21 8 
  -21 15 
  -20 -6 
  -20 -4 
  -20 3 
  -20 5 
  -19 -13 
  -19 -4 
  -19 20 
  -18 -17 
  -18 -14 
  -18 -5 
  -18 3 
  -18 5 
  -18 12 
  -18 13 
  -18 14 
  -18 17 
  -17 -22 
  -17 -14 
  -17 -8 
  -17 -5 
  -17 4 
  -17 6 
  -17 9 
  -17 17 
  -16 -17 
  -16 -15 
  -16 -11 
  -16 -9 
  -16 2 
  -16 7 
  -16 16 
  -16 24 
  -15 -19 
  -15 -13 
  -15 2 
  -15 20 
  -15 25 
  -14 -20 
  -14 -19 
  -14 -15 
  -14 23 
  -13 -14 
  -13 -12 
  -13 -9 
  -13 -3 
  -13 6 
  -13 19 
  -12 -21 
  -12 -19 
  -12 -5 
  -12 2 
  -12 8 
  -12 13 
  -12 16 
  -12 19 
  -12 22 
  -12 27 
  -11 -28 
  -11 -26 
  -11 -19 
  -11 -14 
  -11 -4 
  -11 6 
  -11 8 
  -11 10 
  -11 11 
  -11 26 
  -10 -22 
  -10 -14 
  -10 -10 
  -10 2 
  -10 6 
  -10 9 
  -10 17 
  -10 22 
  -10 29 
  -9 -28 
  -9 -26 
  -9 -14 
  -9 30 
  -8 -16 
  -8 7 
  -8 11 
  -8 16 
  -8 18 
  -8 20 
  -8 30 
  -7 -27 
  -7 -23 
  -7 8 
  -7 18 
  -7 29 
  -6 -22 
  -6 -21 
  -6 -18 
  -6 -9 
  -6 0 
  -6 28 
  -5 -2 
  -5 14 
  -5 19 
  -5 22 
  -5 25 
  -4 -25 
  -4 -21 
  -4 -9 
  -4 0 
  -4 4 
  -4 12 
  -4 22 
  -4 30 
  -3 -29 
  -3 -26 
  -3 -25 
  -3 -18 
  -3 2 
  -3 5 
  -2 -18 
  -2 4 
  -2 13 
  -2 15 
  -2 21 
  -2 22 
  -1 -18 
  -1 -12 
  -1 -9 
  -1 -3 
  -1 -1 
  -1 3 
  -1 18 
  -1 23 
  0 -31 
  0 -12 
  0 -9 
  0 -8 
  0 -4 
  0 5 
  0 26 
  1 -29 
  1 -16 
  1 5 
  1 15 
  1 19 
  1 20 
  1 23 
  1 30 
  2 -27 
  2 -13 
  2 2 
  2 8 
  2 12 
  2 22 
  2 25 
  3 -25 
  3 -19 
  3 -3 
  3 -1 
  3 2 
  3 15 
  3 20 
  3 23 
  3 25 
  3 26 
  3 31 
  4 -24 
  4 10 
  4 15 
  4 17 
  4 18 
  4 20 
  5 -21 
  5 10 
  5 14 
  5 25 
  6 -16 
  6 -8 
  6 -1 
  6 5 
  6 17 
  6 20 
  6 28 
  7 -29 
  7 -25 
  7 -24 
  7 -19 
  7 -9 
  7 -3 
  7 3 
  7 6 
  7 15 
  8 -27 
  8 -23 
  8 -14 
  8 -6 
  8 1 
  8 6 
  8 9 
  8 17 
  8 23 
  8 25 
  9 -28 
  9 -21 
  9 1 
  9 5 
  9 12 
  9 20 
  9 21 
  9 29 
  10 -17 
  10 -4 
  10 -3 
  10 4 
  10 27 
  11 -11 
  11 12 
  11 19 
  11 25 
  11 26 
  12 27 
  12 28 
  13 -24 
  13 8 
  13 15 
  14 -24 
  14 -20 
  14 -16 
  14 -13 
  14 -6 
  14 1 
  14 12 
  14 19 
  14 20 
  14 22 
  15 -17 
  15 -13 
  15 -9 
  15 -3 
  15 -1 
  15 12 
  15 17 
  16 -25 
  16 -15 
  16 -4 
  16 5 
  16 8 
  16 19 
  16 20 
  17 -23 
  17 -16 
  17 -14 
  17 -10 
  17 -9 
  17 -5 
  17 -3 
  17 5 
  17 8 
  17 13 
  17 14 
  18 -21 
  18 -8 
  18 -5 
  18 2 
  18 11 
  18 17 
  19 7 
  19 20 
  20 -15 
  20 -12 
  20 -1 
  20 10 
  20 13 
  21 -13 
  21 -9 
  21 1 
  22 3 
  22 4 
  22 5 
  22 13 
  23 -15 
  23 -13 
  23 -11 
  23 -9 
  23 1 
  24 -13 
  24 -11 
  25 -5 
  25 -4 
  25 1 
  26 -3 
  26 1 
  26 2 
  27 -2 
  27 4 
  -27 1 
  -27 4 
  -27 5 
  -26 -6 
  -26 -4 
  -26 2 
  -26 4 
  -25 -12 
  -25 -10 
  -25 -2 
  -25 0 
  -25 4 
  -25 6 
  -25 10 
  -24 -8 
  -24 -2 
  -24 1 
  -24 6 
  -24 12 
  -23 -17 
  -23 -5 
  -23 5 
  -23 8 
  -23 9 
  -23 13 
  -23 15 
  -22 -17 
  -22 -12 
  -21 -20 
  -21 -14 
  -21 -13 
  -21 -2 
  -21 -1 
  -21 16 
  -21 18 
  -20 -20 
  -20 -17 
  -20 -5 
  -20 -1 
  -20 12 
  -20 14 
  -20 21 
  -19 -16 
  -19 -9 
  -19 0 
  -19 13 
  -19 18 
  -19 21 
  -18 -22 
  -18 -18 
  -18 -1 
  -18 11 
  -18 16 
  -18 23 
  -17 -20 
  -17 -13 
  -17 -1 
  -17 1 
  -17 2 
  -17 7 
  -17 10 
  -17 15 
  -16 -25 
  -16 -23 
  -16 -3 
  -16 -2 
  -16 1 
  -16 4 
  -16 9 
  -16 12 
  -16 23 
  -15 -11 
  -15 -7 
  -15 4 
  -15 12 
  -15 22 
  -14 -16 
  -14 -8 
  -14 -6 
  -14 -4 
  -14 5 
  -14 26 
  -13 -26 
  -13 8 
  -12 -18 
  -12 -13 
  -12 -12 
  -12 -8 
  -12 -7 
  -12 10 
  -11 -15 
  -11 -5 
  -11 -3 
  -11 1 
  -11 7 
  -11 24 
  -11 28 
  -10 -27 
  -10 -17 
  -10 -9 
  -10 -2 
  -10 8 
  -10 10 
  -10 11 
  -10 16 
  -10 21 
  -9 -22 
  -9 -20 
  -9 -19 
  -9 -9 
  -9 -3 
  -9 2 
  -9 12 
  -9 14 
  -9 19 
  -9 20 
  -9 23 
  -8 -11 
  -8 -2 
  -8 23 
  -7 -15 
  -7 -8 
  -7 -7 
  -7 1 
  -7 11 
  -7 25 
  -7 27 
  -6 -29 
  -6 -28 
  -6 -24 
  -6 -23 
  -6 -13 
  -6 5 
  -6 9 
  -6 15 
  -6 30 
  -6 31 
  -5 -19 
  -5 -10 
  -5 11 
  -5 17 
  -5 20 
  -5 31 
  -4 -29 
  -4 -28 
  -4 -22 
  -4 -20 
  -4 -8 
  -4 -4 
  -4 -2 
  -4 8 
  -4 11 
  -4 13 
  -4 18 
  -4 19 
  -4 25 
  -4 26 
  -3 -16 
  -3 -13 
  -3 -10 
  -3 -8 
  -3 -6 
  -3 7 
  -3 9 
  -3 12 
  -3 17 
  -3 30 
  -2 -14 
  -2 0 
  -2 6 
  -2 25 
  -1 -31 
  -1 -29 
  -1 -27 
  -1 -19 
  -1 -16 
  -1 -15 
  -1 11 
  -1 17 
  -1 22 
  -1 29 
  0 -28 
  0 -23 
  0 -20 
  0 -14 
  0 -13 
  0 -2 
  0 7 
  0 8 
  0 12 
  0 19 
  0 25 
  0 30 
  1 -18 
  1 -15 
  1 -12 
  1 -9 
  1 2 
  1 11 
  1 21 
  2 -29 
  2 -18 
  2 -16 
  2 -6 
  2 -4 
  2 3 
  2 20 
  2 26 
  3 -18 
  3 -16 
  3 -14 
  3 -13 
  3 -10 
  3 -6 
  3 6 
  3 7 
  3 11 
  3 12 
  3 21 
  4 -14 
  4 -9 
  4 3 
  4 7 
  4 11 
  5 -20 
  5 -19 
  5 -17 
  5 -5 
  5 -4 
  5 -2 
  5 13 
  5 23 
  6 -29 
  6 -23 
  6 -5 
  6 0 
  6 2 
  6 15 
  7 -28 
  7 -7 
  7 -6 
  7 -5 
  7 13 
  7 16 
  7 22 
  8 -22 
  8 -20 
  8 -18 
  8 -10 
  8 -1 
  8 19 
  8 22 
  9 -25 
  9 -16 
  9 -15 
  9 -9 
  9 -7 
  9 -3 
  9 0 
  9 2 
  9 4 
  9 10 
  9 25 
  9 26 
  9 27 
  10 -12 
  10 -10 
  10 5 
  10 8 
  10 9 
  10 13 
  10 22 
  10 28 
  11 -27 
  11 -13 
  11 0 
  11 1 
  11 5 
  11 7 
  11 8 
  12 -24 
  12 -17 
  12 -9 
  12 -4 
  12 -3 
  12 6 
  12 13 
  12 21 
  13 -19 
  13 -14 
  13 1 
  13 4 
  13 12 
  13 17 
  13 21 
  14 -25 
  14 -21 
  14 5 
  14 25 
  15 -11 
  15 9 
  15 14 
  15 20 
  15 26 
  16 -17 
  16 -16 
  16 -5 
  16 -2 
  16 0 
  16 4 
  16 9 
  17 -20 
  17 -15 
  17 -8 
  17 15 
  17 23 
  18 -12 
  18 -9 
  18 5 
  18 7 
  18 18 
  19 -14 
  19 -12 
  19 -7 
  19 -6 
  19 -2 
  19 -1 
  19 1 
  19 11 
  19 14 
  19 15 
  20 -14 
  20 -7 
  20 -5 
  20 -2 
  20 3 
  20 4 
  20 17 
  21 -16 
  21 -14 
  21 -11 
  21 -7 
  21 -4 
  21 5 
  21 6 
  21 8 
  21 11 
  22 -15 
  22 -13 
  22 -8 
  22 -1 
  23 -12 
  23 -2 
  23 0 
  23 8 
  23 13 
  23 16 
  24 -4 
  24 2 
  24 6 
  25 -12 
  25 -11 
  25 -2 
  25 7 
  25 11 
  26 -9 
  26 3 
  26 8 
  27 -4 
  27 -3 
  -28 -2 
  -28 1 
  -27 -6 
  -27 -1 
  -27 2 
  -26 -2 
  -26 0 
  -26 12 
  -25 -9 
  -25 -8 
  -25 5 
  -25 12 
  -24 -13 
  -24 -5 
  -23 -11 
  -23 4 
  -22 -18 
  -22 -15 
  -22 -11 
  -22 6 
  -21 -10 
  -21 -9 
  -21 -8 
  -21 0 
  -21 4 
  -21 11 
  -20 -18 
  -20 0 
  -20 1 
  -20 20 
  -19 -19 
  -19 -15 
  -19 -2 
  -19 2 
  -19 7 
  -19 23 
  -18 -23 
  -18 -20 
  -18 -12 
  -18 18 
  -18 19 
  -17 -17 
  -17 -15 
  -17 -10 
  -17 0 
  -17 12 
  -17 23 
  -17 24 
  -16 -19 
  -16 -6 
  -16 3 
  -16 15 
  -16 17 
  -15 -24 
  -15 -22 
  -15 -18 
  -15 -3 
  -15 9 
  -15 15 
  -15 21 
  -14 -24 
  -14 1 
  -14 2 
  -14 8 
  -14 9 
  -14 11 
  -14 20 
  -13 -19 
  -13 -18 
  -13 5 
  -13 10 
  -13 24 
  -12 -26 
  -12 -2 
  -12 -1 
  -12 15 
  -12 20 
  -11 -13 
  -11 -9 
  -11 4 
  -11 12 
  -11 19 
  -10 -12 
  -10 1 
  -10 7 
  -10 14 
  -10 19 
  -10 26 
  -9 -24 
  -9 -15 
  -9 -7 
  -9 4 
  -9 5 
  -9 15 
  -8 -29 
  -8 -14 
  -8 2 
  -8 6 
  -8 9 
  -8 10 
  -8 13 
  -8 19 
  -8 22 
  -7 -18 
  -7 -16 
  -7 -12 
  -7 3 
  -7 5 
  -7 6 
  -7 20 
  -6 -16 
  -6 -15 
  -6 -12 
  -6 8 
  -6 10 
  -6 14 
  -6 16 
  -6 19 
  -6 22 
  -6 25 
  -5 -26 
  -5 -25 
  -5 -17 
  -5 -11 
  -5 -1 
  -5 5 
  -5 7 
  -5 8 
  -5 13 
  -5 29 
  -4 -27 
  -4 -15 
  -4 3 
  -4 5 
  -4 9 
  -4 10 
  -4 20 
  -3 -28 
  -3 -24 
  -3 -17 
  -3 -9 
  -3 -3 
  -3 22 
  -2 -29 
  -2 -27 
  -2 -19 
  -2 -17 
  -2 -11 
  -2 -6 
  -2 10 
  -2 11 
  -2 26 
  -1 -26 
  -1 -17 
  -1 -11 
  -1 6 
  -1 13 
  -1 14 
  -1 16 
  0 -29 
  0 -22 
  0 -19 
  0 3 
  0 11 
  0 13 
  0 15 
  1 -23 
  1 -22 
  1 0 
  1 1 
  1 6 
  1 29 
  2 -31 
  2 -26 
  2 -22 
  2 -14 
  2 -12 
  2 -7 
  2 -5 
  2 -1 
  2 9 
  2 14 
  2 15 
  2 28 
  3 -30 
  3 -28 
  3 -26 
  3 -22 
  3 -8 
  3 1 
  3 5 
  3 17 
  3 27 
  3 28 
  3 29 
  3 30 
  4 -11 
  4 -10 
  4 4 
  4 5 
  4 31 
  5 -15 
  5 -14 
  5 2 
  5 6 
  5 30 
  5 31 
  6 -15 
  6 4 
  6 7 
  6 10 
  6 11 
  6 13 
  6 14 
  7 -30 
  7 -20 
  7 -14 
  7 8 
  7 9 
  7 19 
  7 20 
  7 26 
  7 28 
  7 29 
  8 -24 
  8 -17 
  8 -4 
  8 -2 
  8 0 
  8 4 
  8 12 
  8 14 
  8 20 
  9 -5 
  9 15 
  9 23 
  9 28 
  10 -19 
  10 -13 
  10 3 
  10 11 
  10 12 
  10 14 
  10 17 
  10 18 
  10 20 
  10 25 
  11 -25 
  11 -18 
  11 -1 
  11 4 
  11 10 
  11 11 
  11 16 
  11 20 
  11 24 
  11 27 
  12 -25 
  12 -15 
  12 -14 
  12 -13 
  12 -11 
  12 -8 
  12 -7 
  12 -6 
  12 -5 
  12 -2 
  12 -1 
  12 3 
  12 7 
  12 15 
  12 18 
  12 22 
  12 23 
  13 -26 
  13 -21 
  13 -16 
  13 0 
  13 3 
  13 6 
  13 27 
  14 -26 
  14 -19 
  14 -3 
  14 9 
  14 14 
  14 16 
  14 26 
  15 -18 
  15 -7 
  15 3 
  15 6 
  15 15 
  15 21 
  16 -22 
  16 -10 
  16 13 
  16 14 
  16 16 
  16 17 
  16 23 
  17 -21 
  17 -18 
  17 3 
  17 6 
  17 7 
  17 17 
  17 19 
  17 22 
  18 -11 
  18 -10 
  18 -4 
  18 1 
  18 4 
  18 6 
  18 10 
  18 14 
  18 20 
  18 23 
  19 -21 
  19 -20 
  19 -19 
  19 -8 
  19 -5 
  20 -19 
  20 -11 
  20 -9 
  20 5 
  20 6 
  20 19 
  21 -3 
  21 3 
  21 14 
  22 -18 
  22 -16 
  22 -12 
  22 -6 
  22 -5 
  22 10 
  22 17 
  23 -8 
  23 -5 
  23 -3 
  23 2 
  23 4 
  23 5 
  23 10 
  23 17 
  24 1 
  24 11 
  24 12 
  25 -8 
  27 5 
  -28 0 
  -27 -2 
  -27 0 
  -26 -5 
  -25 -13 
  -25 -5 
  -25 8 
  -24 -11 
  -24 -4 
  -24 3 
  -24 8 
  -24 14 
  -23 -13 
  -23 -1 
  -23 2 
  -23 7 
  -23 12 
  -22 -5 
  -22 -3 
  -22 -2 
  -22 0 
  -22 9 
  -22 12 
  -21 -4 
  -21 1 
  -21 2 
  -21 7 
  -21 12 
  -21 21 
  -20 -14 
  -20 19 
  -19 -17 
  -19 -10 
  -19 8 
  -19 15 
  -19 17 
  -18 -16 
  -18 -13 
  -18 -10 
  -18 -6 
  -18 2 
  -18 9 
  -18 15 
  -17 -24 
  -17 -19 
  -17 -12 
  -17 18 
  -17 19 
  -16 -13 
  -16 -12 
  -16 6 
  -16 26 
  -15 -26 
  -15 -20 
  -15 -8 
  -15 -6 
  -15 -5 
  -15 -2 
  -15 17 
  -15 19 
  -14 -10 
  -14 -9 
  -14 -7 
  -14 -5 
  -14 -3 
  -14 6 
  -14 14 
  -14 15 
  -13 -25 
  -13 -16 
  -13 -8 
  -13 -2 
  -13 4 
  -13 7 
  -13 13 
  -13 16 
  -12 -15 
  -12 -6 
  -12 -3 
  -12 0 
  -12 12 
  -12 14 
  -12 24 
  -11 -23 
  -11 -20 
  -11 -18 
  -11 -17 
  -11 -8 
  -11 -6 
  -11 2 
  -11 18 
  -11 25 
  -10 -24 
  -10 -16 
  -10 -15 
  -10 20 
  -9 -27 
  -9 -25 
  -9 -18 
  -9 -12 
  -9 -4 
  -9 1 
  -9 3 
  -9 18 
  -9 26 
  -9 28 
  -8 -25 
  -8 -24 
  -8 -23 
  -8 -20 
  -8 -18 
  -8 -12 
  -8 -6 
  -8 -4 
  -8 0 
  -8 14 
  -8 17 
  -8 24 
  -8 26 
  -7 -28 
  -7 -24 
  -7 -6 
  -7 -2 
  -7 2 
  -7 19 
  -7 22 
  -6 -27 
  -6 -26 
  -6 -25 
  -6 -10 
  -6 -4 
  -6 -1 
  -6 3 
  -6 12 
  -6 13 
  -6 24 
  -6 26 
  -6 27 
  -5 -24 
  -5 -23 
  -5 -21 
  -5 -20 
  -5 -6 
  -5 -3 
  -5 2 
  -5 12 
  -5 26 
  -4 -13 
  -4 -12 
  -4 -7 
  -4 1 
  -4 2 
  -4 6 
  -4 15 
  -4 29 
  -3 -22 
  -3 -14 
  -3 -11 
  -3 4 
  -3 20 
  -3 24 
  -3 26 
  -3 27 
  -2 -30 
  -2 -22 
  -2 5 
  -2 9 
  -1 -20 
  -1 -4 
  -1 1 
  -1 8 
  -1 10 
  -1 19 
  -1 21 
  -1 31 
  0 -17 
  0 -3 
  0 -1 
  0 1 
  0 4 
  0 9 
  0 23 
  1 -11 
  1 -6 
  1 12 
  1 22 
  1 24 
  1 25 
  1 26 
  2 -28 
  2 -25 
  2 -9 
  2 -8 
  2 -2 
  2 0 
  2 27 
  3 -23 
  3 -21 
  3 -20 
  3 -12 
  3 24 
  4 -26 
  4 -15 
  4 9 
  4 16 
  4 21 
  5 -30 
  5 -28 
  5 -23 
  5 -22 
  5 -16 
  5 -1 
  5 4 
  5 8 
  5 20 
  5 22 
  6 -26 
  6 -25 
  6 -19 
  6 -17 
  6 -11 
  6 -9 
  6 -4 
  6 8 
  6 22 
  6 26 
  7 -18 
  7 -16 
  7 -8 
  7 -1 
  7 2 
  7 11 
  7 23 
  7 27 
  8 -15 
  8 -11 
  8 -9 
  8 3 
  8 15 
  9 -29 
  9 -13 
  9 -12 
  9 -8 
  9 -6 
  10 -15 
  10 1 
  10 7 
  10 15 
  10 29 
  11 -7 
  11 2 
  11 3 
  11 22 
  12 -22 
  12 -19 
  12 10 
  12 19 
  12 25 
  13 -25 
  13 -23 
  13 -20 
  13 -11 
  13 -7 
  13 -4 
  13 2 
  13 13 
  13 16 
  13 22 
  13 24 
  14 -8 
  14 -2 
  14 3 
  14 23 
  15 -12 
  15 -10 
  15 -5 
  15 2 
  15 7 
  15 22 
  15 24 
  16 -8 
  16 1 
  16 11 
  16 25 
  17 -24 
  17 -4 
  17 0 
  17 9 
  17 10 
  17 11 
  17 12 
  17 20 
  17 21 
  18 -18 
  18 -13 
  18 -6 
  18 -2 
  18 3 
  19 -9 
  19 2 
  19 5 
  20 -13 
  20 0 
  20 7 
  20 16 
  20 18 
  21 0 
  21 9 
  21 12 
  21 18 
  22 -14 
  22 -11 
  22 -2 
  22 6 
  22 9 
  22 14 
  23 -16 
  23 6 
  23 7 
  24 -14 
  24 -9 
  24 -6 
  24 -2 
  24 5 
  25 3 
  25 6 
  25 8 
  25 9 
  27 0 
  27 3 
  -28 -1 
  -27 7 
  -26 -9 
  -26 -8 
  -25 -11 
  -25 3 
  -24 -15 
  -24 13 
  -24 16 
  -23 -15 
  -23 -10 
  -23 -6 
  -23 6 
  -23 10 
  -23 14 
  -23 16 
  -23 17 
  -22 -10 
  -22 8 
  -21 -5 
  -21 5 
  -21 13 
  -21 19 
  -20 -19 
  -20 -16 
  -20 -11 
  -20 13 
  -20 18 
  -19 -12 
  -19 -8 
  -19 -5 
  -19 1 
  -19 5 
  -18 0 
  -18 6 
  -17 -23 
  -17 -21 
  -17 -9 
  -17 -7 
  -17 5 
  -17 13 
  -17 22 
  -16 -21 
  -16 -1 
  -16 0 
  -16 13 
  -16 22 
  -15 -23 
  -15 1 
  -15 5 
  -15 6 
  -15 10 
  -15 11 
  -15 18 
  -15 26 
  -14 -22 
  -14 -17 
  -14 4 
  -14 19 
  -13 -27 
  -13 -20 
  -13 -15 
  -13 -11 
  -13 -10 
  -13 17 
  -13 20 
  -13 21 
  -13 23 
  -12 -25 
  -12 -23 
  -12 -16 
  -12 -14 
  -12 -11 
  -12 3 
  -12 4 
  -12 5 
  -12 9 
  -12 11 
  -11 -25 
  -11 -21 
  -11 -11 
  -11 -10 
  -11 21 
  -11 22 
  -11 27 
  -11 29 
  -10 -23 
  -10 -7 
  -10 -5 
  -10 -4 
  -10 -1 
  -10 23 
  -10 25 
  -9 -17 
  -9 -16 
  -9 -13 
  -9 6 
  -9 16 
  -9 21 
  -9 24 
  -8 -26 
  -8 -21 
  -8 -15 
  -8 1 
  -8 25 
  -8 29 
  -7 -29 
  -7 -26 
  -7 -20 
  -7 -17 
  -7 -1 
  -7 7 
  -7 13 
  -7 21 
  -7 24 
  -7 30 
  -6 -20 
  -6 -8 
  -6 -7 
  -6 -5 
  -6 2 
  -6 17 
  -5 -16 
  -5 -14 
  -5 -9 
  -5 0 
  -5 1 
  -5 3 
  -5 4 
  -5 24 
  -5 28 
  -4 -24 
  -4 -3 
  -4 23 
  -3 -19 
  -3 -12 
  -3 -2 
  -3 6 
  -3 13 
  -3 18 
  -3 19 
  -3 29 
  -3 31 
  -2 -16 
  -2 -13 
  -2 -12 
  -2 -7 
  -2 -3 
  -2 -2 
  -2 16 
  -2 18 
  -2 29 
  -2 30 
  -1 -30 
  -1 -22 
  -1 -14 
  -1 -7 
  -1 4 
  -1 25 
  -1 30 
  0 -7 
  0 6 
  0 14 
  0 31 
  1 -24 
  1 -21 
  1 -19 
  1 -10 
  1 -8 
  1 -5 
  1 -2 
  1 3 
  1 4 
  1 7 
  2 -23 
  2 -11 
  2 -10 
  2 4 
  2 5 
  2 6 
  2 7 
  2 17 
  2 19 
  2 23 
  3 -24 
  3 -17 
  3 -15 
  3 16 
  4 -25 
  4 -19 
  4 -18 
  4 -8 
  4 13 
  4 19 
  4 26 
  5 -29 
  5 -27 
  5 -26 
  5 -12 
  5 -10 
  5 -6 
  5 -3 
  5 11 
  5 16 
  5 18 
  5 24 
  6 -30 
  6 -13 
  6 1 
  6 9 
  6 21 
  6 23 
  7 -15 
  7 -12 
  7 -4 
  7 1 
  7 7 
  7 12 
  7 17 
  7 18 
  7 21 
  7 25 
  7 30 
  8 -29 
  8 -28 
  8 -26 
  8 -25 
  8 7 
  8 10 
  8 18 
  8 24 
  8 28 
  8 29 
  9 -24 
  9 -17 
  9 -10 
  9 -2 
  9 8 
  9 16 
  9 17 
  9 19 
  9 22 
  10 -23 
  10 -16 
  10 -9 
  10 2 
  11 -28 
  11 -22 
  11 -21 
  11 -15 
  11 -10 
  11 14 
  11 21 
  11 23 
  11 28 
  12 -27 
  12 -20 
  12 8 
  12 11 
  13 -18 
  13 26 
  14 -22 
  14 -18 
  14 -12 
  14 -4 
  14 6 
  14 15 
  15 -25 
  15 -23 
  15 -15 
  15 -14 
  15 4 
  16 -20 
  16 21 
  16 24 
  17 -17 
  17 -13 
  17 -11 
  17 -6 
  17 -1 
  17 4 
  18 -3 
  18 9 
  18 13 
  18 15 
  19 -13 
  19 4 
  19 6 
  19 10 
  19 21 
  20 -20 
  20 -18 
  20 -8 
  20 2 
  20 14 
  21 -12 
  21 -10 
  21 -8 
  21 4 
  21 7 
  22 -10 
  22 -9 
  22 0 
  22 7 
  22 15 
  23 -4 
  23 -1 
  23 12 
  24 -12 
  24 -3 
  24 -1 
  24 8 
  24 10 
  24 13 
  24 14 
  25 0 
  25 12 
  26 -7 
  26 -4 
  26 -1 
  26 0 
  -26 -3 
  -26 -1 
  -26 9 
  -25 -1 
  -25 1 
  -24 -12 
  -24 -9 
  -24 0 
  -24 2 
  -24 7 
  -24 11 
  -23 -8 
  -23 11 
  -22 -16 
  -22 4 
  -22 5 
  -22 7 
  -22 11 
  -21 -7 
  -21 -6 
  -21 -3 
  -21 6 
  -21 17 
  -20 -21 
  -20 -12 
  -20 -9 
  -20 -3 
  -20 -2 
  -20 4 
  -20 11 
  -20 17 
  -19 -22 
  -19 -14 
  -19 -7 
  -19 6 
  -19 11 
  -19 14 
  -19 16 
  -19 19 
  -18 -21 
  -18 -11 
  -18 -4 
  -18 -3 
  -18 -2 
  -18 4 
  -18 10 
  -18 21 
  -18 22 
  -17 -11 
  -17 -4 
  -17 21 
  -16 -20 
  -16 -18 
  -16 -14 
  -16 -7 
  -16 -5 
  -16 8 
  -16 10 
  -16 11 
  -16 14 
  -16 18 
  -15 -17 
  -15 8 
  -15 13 
  -15 14 
  -15 23 
  -14 -26 
  -14 -21 
  -14 -11 
  -14 -1 
  -14 7 
  -14 10 
  -14 13 
  -14 22 
  -14 27 
  -13 -21 
  -13 -13 
  -13 -7 
  -13 -6 
  -13 -5 
  -13 1 
  -13 2 
  -13 9 
  -13 12 
  -13 14 
  -13 25 
  -12 -27 
  -12 -20 
  -12 -9 
  -12 1 
  -12 17 
  -12 23 
  -12 26 
  -12 28 
  -11 -24 
  -11 14 
  -11 15 
  -11 16 
  -11 17 
  -11 20 
  -10 -8 
  -10 -3 
  -10 0 
  -10 3 
  -10 4 
  -10 13 
  -10 15 
  -9 -29 
  -9 7 
  -9 8 
  -9 17 
  -9 22 
  -8 -27 
  -8 -13 
  -8 -5 
  -8 3 
  -8 4 
  -8 12 
  -7 -19 
  -7 -14 
  -7 -11 
  -7 4 
  -7 15 
  -7 16 
  -6 -14 
  -6 -11 
  -6 -6 
  -6 -3 
  -6 1 
  -6 6 
  -6 20 
  -6 29 
  -5 -27 
  -5 -8 
  -5 -7 
  -5 9 
  -5 10 
  -5 15 
  -5 23 
  -5 30 
  -4 -18 
  -4 -1 
  -4 24 
  -4 28 
  -4 31 
  -3 -27 
  -3 -23 
  -3 10 
  -3 14 
  -3 15 
  -2 -31 
  -2 -28 
  -2 -25 
  -2 -24 
  -2 -4 
  -2 2 
  -2 3 
  -2 7 
  -2 12 
  -2 17 
  -2 20 
  -2 31 
  -1 -28 
  -1 -25 
  -1 -13 
  -1 5 
  -1 7 
  -1 15 
  -1 26 
  0 -27 
  0 -25 
  0 -24 
  0 -16 
  0 -11 
  0 0 
  0 16 
  0 17 
  0 20 
  0 21 
  0 22 
  0 28 
  1 -30 
  1 -28 
  1 -25 
  1 -20 
  1 -13 
  1 9 
  1 10 
  1 31 
  2 -21 
  2 -17 
  2 1 
  2 10 
  2 30 
  3 -31 
  3 3 
  3 4 
  3 8 
  3 9 
  3 18 
  4 -30 
  4 -29 
  4 -28 
  4 -22 
  4 -17 
  4 -12 
  4 -4 
  4 -3 
  4 2 
  4 8 
  4 12 
  4 14 
  4 25 
  4 29 
  4 30 
  5 -11 
  5 -9 
  5 0 
  5 7 
  5 9 
  5 15 
  5 17 
  5 19 
  5 28 
  6 -27 
  6 -20 
  6 -18 
  6 -12 
  6 -7 
  6 3 
  6 12 
  6 24 
  6 25 
  6 29 
  6 30 
  7 -23 
  7 -17 
  7 -10 
  8 -7 
  8 13 
  8 16 
  9 -23 
  9 -14 
  9 3 
  9 6 
  9 7 
  9 18 
  9 24 
  10 -27 
  10 -26 
  10 -24 
  10 -22 
  10 -14 
  10 -8 
  10 -7 
  10 -6 
  10 -1 
  10 6 
  10 10 
  10 19 
  10 21 
  10 24 
  11 -24 
  11 -17 
  11 -5 
  11 -4 
  11 -3 
  11 -2 
  11 18 
  12 -26 
  12 -18 
  12 -12 
  12 0 
  12 9 
  12 12 
  12 20 
  13 -15 
  13 -10 
  13 -6 
  13 -5 
  13 7 
  13 19 
  13 20 
  14 4 
  14 8 
  14 13 
  14 17 
  14 18 
  15 -21 
  15 -4 
  15 -2 
  15 0 
  15 1 
  15 11 
  15 25 
  16 -24 
  16 -19 
  16 -14 
  16 -9 
  16 -1 
  16 3 
  16 10 
  17 2 
  17 24 
  18 -17 
  18 -7 
  18 16 
  19 -16 
  19 0 
  19 3 
  19 8 
  19 16 
  19 22 
  20 -17 
  20 -3 
  20 1 
  20 8 
  20 9 
  20 11 
  20 12 
  20 15 
  21 -19 
  21 -5 
  21 20 
  22 -3 
  22 1 
  22 2 
  22 8 
  23 3 
  23 11 
  24 -7 
  24 0 
  24 4 
  25 -10 
  25 -9 
  25 -7 
  25 -6 
  25 10 
  26 -2 
  27 -5 
  27 2 
  -28 2 
  -27 -7 
  -27 -4 
  -27 8 
  -26 -7 
  -26 1 
  -26 6 
  -26 7 
  -26 8 
  -25 -4 
  -25 -3 
  -25 2 
  -25 9 
  -24 -14 
  -24 -10 
  -24 -6 
  -24 5 
  -23 -14 
  -23 -7 
  -23 1 
  -23 18 
  -22 -14 
  -22 -7 
  -22 1 
  -22 2 
  -21 -18 
  -21 -12 
  -21 3 
  -21 14 
  -21 20 
  -20 -15 
  -20 -13 
  -20 -10 
  -20 9 
  -20 15 
  -20 16 
  -20 22 
  -19 -18 
  -19 -11 
  -19 -6 
  -19 -3 
  -19 3 
  -19 4 
  -19 9 
  -19 12 
  -18 -15 
  -18 -9 
  -18 -8 
  -18 1 
  -18 20 
  -18 24 
  -17 -18 
  -17 -16 
  -17 3 
  -17 25 
  -16 -22 
  -16 -16 
  -16 -4 
  -16 19 
  -16 21 
  -15 -25 
  -15 -9 
  -15 -1 
  -15 0 
  -15 3 
  -15 7 
  -15 16 
  -14 -13 
  -14 -12 
  -14 0 
  -14 16 
  -14 17 
  -14 21 
  -14 24 
  -14 25 
  -13 -24 
  -13 -1 
  -13 18 
  -12 -28 
  -12 -24 
  -12 -17 
  -12 6 
  -12 18 
  -12 21 
  -12 25 
  -11 -27 
  -11 -22 
  -11 -12 
  -11 -7 
  -11 0 
  -11 3 
  -11 5 
  -11 9 
  -11 13 
  -11 23 
  -10 -29 
  -10 -28 
  -10 -26 
  -10 -21 
  -10 -19 
  -10 -18 
  -10 -11 
  -10 12 
  -10 24 
  -9 -21 
  -9 -10 
  -9 -8 
  -9 -5 
  -9 -2 
  -9 -1 
  -9 10 
  -9 11 
  -9 25 
  -9 27 
  -9 29 
  -8 -28 
  -8 -19 
  -8 -17 
  -8 -8 
  -8 -3 
  -8 5 
  -8 21 
  -8 27 
  -8 28 
  -7 -30 
  -7 -22 
  -7 -21 
  -7 -13 
  -7 -10 
  -7 -3 
  -7 0 
  -7 9 
  -7 10 
  -7 12 
  -7 14 
  -7 23 
  -7 26 
  -7 28 
  -6 -30 
  -6 -19 
  -6 -17 
  -6 -2 
  -6 7 
  -6 11 
  -6 18 
  -6 21 
  -5 -30 
  -5 -29 
  -5 -18 
  -5 -15 
  -5 -13 
  -5 -5 
  -5 6 
  -5 16 
  -5 27 
  -4 -30 
  -4 -26 
  -4 -23 
  -4 -17 
  -4 -14 
  -4 -10 
  -4 16 
  -4 17 
  -4 21 
  -3 -31 
  -3 -21 
  -3 -7 
  -3 0 
  -3 1 
  -3 11 
  -3 23 
  -3 28 
  -2 -26 
  -2 -21 
  -2 -20 
  -2 -10 
  -2 -5 
  -2 1 
  -2 8 
  -2 14 
  -2 19 
  -2 23 
  -2 24 
  -2 27 
  -1 -24 
  -1 -8 
  -1 -5 
  -1 2 
  -1 9 
  -1 12 
  -1 20 
  -1 24 
  0 -26 
  0 -10 
  0 -6 
  0 -5 
  0 10 
  0 24 
  0 29 
  1 -27 
  1 -26 
  1 -14 
  1 8 
  1 13 
  1 14 
  1 18 
  1 28 
  2 -30 
  2 -20 
  2 -3 
  2 11 
  2 13 
  2 18 
  2 21 
  2 31 
  3 -7 
  3 -5 
  3 -2 
  3 13 
  3 14 
  3 22 
  4 -27 
  4 -23 
  4 -20 
  4 -16 
  4 -13 
  4 -7 
  4 -5 
  4 -1 
  4 0 
  4 1 
  4 6 
  4 23 
  4 28 
  5 -25 
  5 -24 
  5 -18 
  5 1 
  5 3 
  5 5 
  5 12 
  5 26 
  6 -28 
  6 -21 
  6 -14 
  6 -10 
  6 -6 
  6 -3 
  6 -2 
  6 6 
  6 16 
  6 19 
  7 -26 
  7 -21 
  7 -13 
  7 -2 
  7 5 
  7 10 
  7 24 
  8 -16 
  8 -13 
  8 -12 
  8 8 
  8 26 
  8 27 
  9 -20 
  9 -19 
  9 -18 
  9 -11 
  9 -1 
  9 11 
  9 13 
  10 -28 
  10 -25 
  10 -11 
  10 0 
  10 16 
  10 26 
  11 -19 
  11 -16 
  11 -12 
  11 -9 
  11 -8 
  11 9 
  11 13 
  11 15 
  12 -21 
  12 -16 
  12 -10 
  12 4 
  12 5 
  12 14 
  12 16 
  12 17 
  12 24 
  12 26 
  13 -22 
  13 -17 
  13 -12 
  13 -9 
  13 -8 
  13 -3 
  13 5 
  13 18 
  13 23 
  14 -23 
  14 -10 
  14 0 
  14 7 
  14 10 
  14 11 
  14 24 
  14 27 
  15 -24 
  15 -22 
  15 -19 
  15 -16 
  15 -8 
  15 8 
  15 10 
  15 18 
  15 19 
  15 23 
  16 -23 
  16 -12 
  16 -7 
  16 -3 
  16 12 
  17 1 
  17 18 
  18 -15 
  18 -1 
  18 0 
  18 8 
  18 19 
  18 21 
  19 -22 
  19 -18 
  19 -17 
  19 -15 
  19 -11 
  19 -4 
  19 9 
  19 12 
  19 13 
  19 17 
  20 -16 
  20 -6 
  21 -18 
  21 -15 
  21 -6 
  21 -2 
  21 -1 
  21 13 
  21 16 
  21 17 
  22 -17 
  22 -7 
  22 12 
  22 16 
  23 -6 
  23 15 
  24 -10 
  24 -8 
  25 4 
  26 -8 
  26 -5 
  26 5 
  26 7 
  26 9 
  26 10 
  27 1 
  -27 -3 
  -26 -11 
  -26 3 
  -26 10 
  -26 11 
  -24 -7 
  -24 -3 
  -24 4 
  -23 -16 
  -23 -12 
  -23 -9 
  -23 -3 
  -23 -2 
  -23 0 
  -22 -19 
  -22 -13 
  -22 -8 
  -22 -6 
  -22 -4 
  -22 -1 
  -22 14 
  -22 17 
  -22 18 
  -22 19 
  -21 -17 
  -21 -16 
  -21 -15 
  -21 -11 
  -21 9 
  -21 10 
  -20 -8 
  -20 -7 
  -20 2 
  -20 6 
  -20 7 
  -20 8 
  -20 10 
  -19 -21 
  -19 -20 
  -19 -1 
  -19 10 
  -19 22 
  -18 -19 
  -18 -7 
  -18 7 
  -18 8 
  -17 -6 
  -17 -3 
  -17 -2 
  -17 8 
  -17 11 
  -17 14 
  -17 16 
  -17 20 
  -16 -24 
  -16 -10 
  -16 -8 
  -16 5 
  -16 20 
  -16 25 
  -15 -21 
  -15 -16 
  -15 -15 
  -15 -14 
  -15 -12 
  -15 -10 
  -15 -4 
  -15 24 
  -14 -25 
  -14 -23 
  -14 -18 
  -14 -14 
  -14 -2 
  -14 3 
  -14 12 
  -14 18 
  -13 -23 
  -13 -22 
  -13 -17 
  -13 -4 
  -13 0 
  -13 3 
  -13 11 
  -13 15 
  -13 22 
  -13 26 
  -13 27 
  -13 28 
  -12 -22 
  -12 -10 
  -12 -4 
  -12 7 
  -11 -16 
  -11 -2 
  -11 -1 
  -10 -25 
  -10 -20 
  -10 -13 
  -10 -6 
  -10 5 
  -10 18 
  -10 27 
  -10 28 
  -9 -23 
  -9 -11 
  -9 -6 
  -9 0 
  -9 9 
  -9 13 
  -8 -22 
  -8 -10 
  -8 -9 
  -8 -7 
  -8 -1 
  -8 8 
  -8 15 
  -7 -25 
  -7 -9 
  -7 -5 
  -7 -4 
  -7 17 
  -6 4 
  -6 23 
  -5 -28 
  -5 -22 
  -5 -12 
  -5 -4 
  -5 18 
  -5 21 
  -4 -19 
  -4 -16 
  -4 -11 
  -4 -6 
  -4 -5 
  -4 7 
  -4 14 
  -4 27 
  -3 -30 
  -3 -20 
  -3 -15 
  -3 -5 
  -3 -4 
  -3 -1 
  -3 3 
  -3 8 
  -3 16 
  -3 21 
  -3 25 
  -2 -23 
  -2 -15 
  -2 -9 
  -2 -8 
  -2 -1 
  -2 28 
  -1 -23 
  -1 -21 
  -1 -10 
  -1 -6 
  -1 -2 
  -1 0 
  -1 27 
  -1 28 
  0 -30 
  0 -21 
  0 -18 
  0 -15 
  0 2 
  0 18 
  0 27 
  1 -31 
  1 -17 
  1 -7 
  1 -4 
  1 -3 
  1 -1 
  1 16 
  1 17 
  1 27 
  2 -24 
  2 -19 
  2 -15 
  2 16 
  2 24 
  2 29 
  3 -29 
  3 -27 
  3 -11 
  3 -9 
  3 -4 
  3 0 
  3 10 
  3 19 
  4 -21 
  4 -6 
  4 -2 
  4 22 
  4 24 
  4 27 
  5 -13 
  5 -8 
  5 -7 
  5 21 
  5 27 
  5 29 
  6 -24 
  6 -22 
  6 18 
  6 27 
  7 -27 
  7 -22 
  7 -11 
  7 0 
  7 4 
  7 14 
  8 -21 
  8 -19 
  8 -8 
  8 -5 
  8 -3 
  8 2 
  8 5 
  8 11 
  8 21 
  8 30 
  9 -27 
  9 -26 
  9 -22 
  9 -4 
  9 9 
  9 14 
  10 -21 
  10 -20 
  10 -18 
  10 -5 
  10 -2 
  10 23 
  11 -26 
  11 -23 
  11 -20 
  11 -14 
  11 -6 
  11 6 
  11 17 
  12 -23 
  12 1 
  12 2 
  13 -27 
  13 -13 
  13 -2 
  13 -1 
  13 9 
  13 10 
  13 11 
  13 14 
  13 25 
  14 -17 
  14 -15 
  14 -14 
  14 -11 
  14 -9 
  14 -7 
  14 -5 
  14 -1 
  14 2 
  14 21 
  15 -20 
  15 -6 
  15 5 
  15 13 
  15 16 
  16 -21 
  16 -18 
  16 -13 
  16 -11 
  16 -6 
  16 2 
  16 6 
  16 7 
  16 15 
  16 18 
  16 22 
  17 -22 
  17 -19 
  17 -12 
  17 -7 
  17 -2 
  17 16 
  18 -23 
  18 -22 
  18 -20 
  18 -19 
  18 -16 
  18 -14 
  18 12 
  18 22 
  19 -10 
  19 -3 
  19 18 
  19 19 
  20 -10 
  20 -4 
  20 20 
  20 21 
  21 -17 
  21 2 
  21 10 
  21 15 
  21 19 
  22 -4 
  22 11 
  22 18 
  23 -14 
  23 -10 
  23 -7 
  23 9 
  23 14 
  24 -5 
  24 3 
  24 7 
  24 9 
  24 15 
  25 -3 
  25 -1 
  25 2 
  25 5 
  26 -6 
  26 4 
  26 6 
  27 -1 ;
AreaPerTest 2.1686999274e+10;
DefectRecordSpec 12 DEFECTID XREL YREL XINDEX YINDEX XSIZE YSIZE DEFECTAREA DSIZE CLASSNUMBER TEST IMAGECOUNT ;
DefectList
 1 447.600 365.900 -2 -31 8.000 5.400 32.000000 321.000 0 1 0
 2 2981.000 327.000 5 -30 4.000 1.400 5.000000 121.000 0 1 0
 4 508.200 1560.400 -14 -26 12.000 5.400 48.000000 134.000 0 1 0
 5 2699.000 1367.500 0 -25 8.000 4.100 32.000000 129.000 0 1 0
 6 425.200 526.500 16 -25 4.000 1.400 5.000000 123.000 0 1 0
 7 463.200 511.500 16 -25 8.000 5.400 37.000000 301.000 0 1 0
 8 369.200 2510.700 16 -23 4.000 1.400 5.000000 90.000 0 1 0
 9 2696.400 1755.800 -8 -22 8.000 2.700 21.000000 112.000 0 1 0
 10 555.200 1571.000 16 -20 8.000 2.700 16.000000 86.000 0 1 0
 11 1314.200 2869.000 6 -20 4.000 1.400 5.000000 109.000 0 1 0
 12 1311.600 2871.000 -12 -20 4.000 1.400 5.000000 103.000 0 1 0
 13 3143.000 2818.000 -20 -20 4.000 1.400 5.000000 89.000 0 1 0
 14 3143.000 2827.000 -20 -20 4.000 1.400 5.000000 85.000 0 1 0
 15 3143.000 2871.000 -20 -20 4.000 2.700 10.000000 110.000 0 1 0
 16 3128.600 334.200 13 -18 20.000 10.900 81.000000 102.000 0 1 0
 17 3121.000 316.200 10 -18 4.000 4.100 16.000000 87.000 0 1 0
 18 3121.000 331.200 10 -18 4.000 8.100 27.000000 92.000 0 1 0
 19 3128.400 329.200 7 -18 20.000 20.300 113.000000 99.000 0 1 0
 20 3120.200 312.200 1 -18 4.000 5.400 21.000000 89.000 0 1 0
 21 2784.000 513.200 -5 -18 8.000 1.400 10.000000 114.000 0 1 0
 22 3117.400 297.200 -8 -18 4.000 1.400 5.000000 101.000 0 1 0
 23 3117.400 303.200 -8 -18 4.000 1.400 5.000000 101.000 0 1 0
 24 3117.400 314.200 -8 -18 4.000 1.400 5.000000 102.000 0 1 0
 25 3117.400 319.200 -8 -18 4.000 1.400 5.000000 97.000 0 1 0
 26 3117.400 325.200 -8 -18 4.000 6.800 27.000000 103.000 0 1 0
 27 3117.000 327.200 -20 -18 4.000 1.400 5.000000 88.000 0 1 0
 28 3115.000 311.200 -20 -18 8.000 20.300 97.000000 98.000 0 1 0
 29 520.000 1728.600 -5 -14 8.000 4.100 32.000000 193.000 0 1 0
 30 593.200 352.600 -9 -14 8.000 5.400 37.000000 326.000 0 1 0
 31 2475.600 1495.700 -12 -13 8.000 6.800 48.000000 567.000 0 1 0
 32 1150.600 2795.800 13 -12 4.000 1.400 5.000000 104.000 0 1 0
 33 1653.000 2614.900 5 -11 8.000 4.100 27.000000 186.000 0 1 0
 34 3141.000 2871.000 -20 -10 4.000 2.700 10.000000 111.000 0 1 0
 35 3140.400 2768.000 -23 -10 4.000 2.700 10.000000 107.000 0 1 0
 36 3140.400 2738.000 -23 -10 4.000 1.400 5.000000 98.000 0 1 0
 37 3140.400 2731.000 -23 -10 4.000 2.700 10.000000 113.000 0 1 0
 38 3140.400 2723.000 -23 -10 4.000 1.400 5.000000 97.000 0 1 0
 39 3140.400 2686.000 -23 -10 4.000 4.100 16.000000 114.000 0 1 0
 40 3140.400 2680.000 -23 -10 4.000 2.700 10.000000 106.000 0 1 0
 41 3138.400 2811.000 -23 -10 8.000 2.700 16.000000 117.000 0 1 0
 42 3134.400 2746.000 -23 -10 16.000 6.800 32.000000 106.000 0 1 0
 43 3132.400 2799.000 -23 -10 20.000 5.400 27.000000 103.000 0 1 0
 44 3130.400 2783.000 -23 -10 24.000 23.000 124.000000 126.000 0 1 0
 45 3128.400 2735.000 -23 -10 4.000 1.400 5.000000 96.000 0 1 0
 46 3128.400 2682.000 -23 -10 4.000 1.400 5.000000 98.000 0 1 0
 47 3128.400 2699.000 -23 -10 4.000 1.400 5.000000 97.000 0 1 0
 48 3128.400 2871.000 -23 -10 28.000 54.200 547.000000 156.000 0 1 0
 49 3124.400 2814.000 -23 -10 4.000 1.400 5.000000 97.000 0 1 0
 50 3099.400 270.100 -23 -9 8.000 9.500 70.000000 117.000 0 1 0
 51 3113.400 279.100 -23 -9 4.000 2.700 10.000000 104.000 0 1 0
 52 3115.400 322.100 -23 -9 8.000 47.400 211.000000 124.000 0 1 0
 53 3124.400 2871.100 -23 -9 4.000 1.400 5.000000 104.000 0 1 0
 54 3132.400 2859.100 -23 -9 12.000 4.100 27.000000 119.000 0 1 0
 55 3132.400 2831.100 -23 -9 12.000 4.100 43.000000 139.000 0 1 0
 56 3132.400 2822.100 -23 -9 12.000 2.700 21.000000 124.000 0 1 0
 57 3132.400 2794.100 -23 -9 4.000 1.400 5.000000 118.000 0 1 0
 58 3132.400 2734.100 -23 -9 4.000 1.400 5.000000 118.000 0 1 0
 59 3132.400 2726.100 -23 -9 4.000 1.400 5.000000 108.000 0 1 0
 60 3136.400 2799.100 -23 -9 4.000 1.400 5.000000 115.000 0 1 0
 61 3136.400 2841.100 -23 -9 12.000 8.100 54.000000 137.000 0 1 0
 62 3136.400 2866.100 -23 -9 12.000 4.100 37.000000 131.000 0 1 0
 63 3140.400 2854.100 -23 -9 4.000 1.400 5.000000 120.000 0 1 0
 64 3117.800 320.100 -11 -9 4.000 21.700 75.000000 102.000 0 1 0
 65 3118.400 314.100 -8 -9 4.000 1.400 5.000000 93.000 0 1 0
 66 3136.800 331.200 -11 -8 4.000 1.400 5.000000 100.000 0 1 0
 67 1681.400 1120.200 -13 -8 8.000 5.400 32.000000 135.000 0 1 0
 68 1897.800 2614.200 -21 -8 4.000 2.700 10.000000 142.000 0 1 0
 69 1195.600 1536.300 -12 -7 8.000 4.100 32.000000 344.000 0 1 0
 70 343.600 2846.500 -27 -5 8.000 2.700 16.000000 333.000 0 1 0
 71 2605.000 327.500 0 -5 8.000 4.100 21.000000 208.000 0 1 0
 72 623.200 1277.500 16 -5 8.000 1.400 10.000000 82.000 0 1 0
 73 2402.000 2164.500 25 -5 8.000 5.400 43.000000 414.000 0 1 0
 74 3060.800 2702.600 19 -4 4.000 1.400 5.000000 102.000 0 1 0
 75 2157.000 366.600 10 -4 4.000 2.700 10.000000 141.000 0 1 0
 76 166.000 1506.600 -15 -4 4.000 1.400 5.000000 115.000 0 1 0
 77 1316.600 1595.700 3 -3 8.000 4.100 27.000000 136.000 0 1 0
 78 543.000 865.700 20 -3 8.000 5.400 37.000000 357.000 0 1 0
 79 217.000 440.800 -25 -2 4.000 6.800 27.000000 214.000 0 1 0
 80 978.800 480.800 -26 -2 8.000 4.100 21.000000 195.000 0 1 0
 81 2829.600 392.900 -27 -1 8.000 2.700 16.000000 197.000 0 1 0
 82 391.000 2610.900 0 -1 8.000 5.400 43.000000 291.000 0 1 0
 83 413.000 2610.900 0 -1 4.000 1.400 5.000000 134.000 0 1 0
 84 626.600 2124.900 3 -1 8.000 4.100 32.000000 225.000 0 1 0
 85 267.000 1853.000 10 0 8.000 1.400 10.000000 94.000 0 1 0
 86 1311.600 2871.000 -12 0 4.000 2.700 10.000000 117.000 0 1 0
 87 277.200 356.000 -14 0 8.000 6.800 43.000000 149.000 0 1 0
 88 1310.400 2871.000 -18 0 4.000 1.400 5.000000 108.000 0 1 0
 89 3141.800 2687.100 -26 1 4.000 1.400 5.000000 98.000 0 1 0
 90 3141.800 2827.100 -26 1 4.000 1.400 5.000000 98.000 0 1 0
 91 3141.800 2863.100 -26 1 4.000 1.400 5.000000 99.000 0 1 0
 92 3141.800 2870.100 -26 1 4.000 2.700 10.000000 111.000 0 1 0
 93 3114.400 300.100 -23 1 4.000 23.000 81.000000 109.000 0 1 0
 94 3114.400 324.100 -23 1 4.000 1.400 5.000000 98.000 0 1 0
 95 3122.400 2872.100 -23 1 4.000 1.400 5.000000 82.000 0 1 0
 96 3124.400 331.100 -23 1 16.000 6.800 48.000000 114.000 0 1 0
 97 3142.400 2687.100 -23 1 4.000 1.400 5.000000 92.000 0 1 0
 98 3142.400 2872.100 -23 1 4.000 2.700 10.000000 101.000 0 1 0
 99 3143.000 2872.100 -20 1 4.000 1.400 5.000000 91.000 0 1 0
 100 3114.600 271.100 -17 1 4.000 1.400 5.000000 83.000 0 1 0
 101 3116.600 278.100 -17 1 8.000 50.100 314.000000 100.000 0 1 0
 102 3118.600 331.100 -17 1 4.000 1.400 5.000000 86.000 0 1 0
 103 3132.600 331.100 -17 1 8.000 2.700 21.000000 102.000 0 1 0
 104 3122.400 304.100 7 1 4.000 1.400 5.000000 91.000 0 1 0
 105 3122.400 308.100 7 1 4.000 2.700 10.000000 90.000 0 1 0
 106 3122.400 315.100 7 1 4.000 1.400 5.000000 90.000 0 1 0
 107 3124.400 334.100 7 1 16.000 14.900 92.000000 100.000 0 1 0
 108 379.000 1634.200 25 2 8.000 2.700 21.000000 92.000 0 1 0
 109 3140.200 337.200 16 2 4.000 1.400 5.000000 84.000 0 1 0
 110 3132.000 336.200 10 2 20.000 6.800 86.000000 99.000 0 1 0
 111 3128.000 330.200 10 2 4.000 2.700 10.000000 93.000 0 1 0
 112 3127.400 336.200 7 2 28.000 13.600 168.000000 102.000 0 1 0
 113 3129.200 330.200 1 2 16.000 6.800 32.000000 105.000 0 1 0
 114 3123.200 319.200 1 2 4.000 1.400 5.000000 99.000 0 1 0
 115 3123.200 308.200 1 2 4.000 5.400 16.000000 97.000 0 1 0
 116 523.799 1108.200 -1 2 8.000 4.100 32.000000 227.000 0 1 0
 117 3130.600 327.200 -2 2 24.000 10.800 86.000000 100.000 0 1 0
 118 3124.600 315.200 -2 2 4.000 14.900 48.000000 96.000 0 1 0
 119 3120.400 308.200 -8 2 4.000 1.400 5.000000 90.000 0 1 0
 120 3129.800 330.200 -11 2 24.000 14.900 65.000000 106.000 0 1 0
 121 3119.800 299.200 -11 2 4.000 1.400 5.000000 86.000 0 1 0
 122 3119.800 307.200 -11 2 4.000 4.100 16.000000 92.000 0 1 0
 123 3128.200 331.200 -14 2 20.000 6.800 27.000000 91.000 0 1 0
 124 3120.200 319.200 -14 2 4.000 9.500 37.000000 86.000 0 1 0
 125 3120.200 311.200 -14 2 4.000 1.400 5.000000 83.000 0 1 0
 126 3119.600 295.200 -17 2 4.000 1.400 5.000000 90.000 0 1 0
 127 482.600 2139.200 -17 2 4.000 2.700 10.000000 79.000 0 1 0
 128 3136.000 331.200 -20 2 4.000 1.400 5.000000 89.000 0 1 0
 129 3122.000 330.200 -20 2 8.000 5.400 16.000000 94.000 0 1 0
 130 3120.000 319.200 -20 2 4.000 12.200 43.000000 91.000 0 1 0
 131 3120.000 288.200 -20 2 4.000 23.000 86.000000 90.000 0 1 0
 132 3129.400 330.200 -23 2 16.000 4.100 37.000000 104.000 0 1 0
 133 3119.400 311.200 -23 2 4.000 1.400 5.000000 95.000 0 1 0
 134 3119.400 326.200 -23 2 4.000 1.400 5.000000 84.000 0 1 0
 135 3103.400 268.200 -23 2 4.000 8.100 32.000000 100.000 0 1 0
 136 3124.800 300.200 -26 2 24.000 37.900 211.000000 130.000 0 1 0
 137 3100.800 268.200 -26 2 8.000 8.100 37.000000 112.000 0 1 0
 138 1628.600 1007.300 -12 3 8.000 2.700 21.000000 95.000 0 1 0
 139 611.400 434.300 -3 3 8.000 2.700 21.000000 156.000 0 1 0
 140 2020.400 2534.400 12 4 8.000 5.400 32.000000 301.000 0 1 0
 141 182.400 1048.400 12 4 8.000 1.400 10.000000 147.000 0 1 0
 142 801.400 1446.400 -8 4 8.000 4.100 32.000000 250.000 0 1 0
 145 2887.600 2604.500 -7 5 24.000 21.700 238.000000 665.000 0 1 0
 146 2177.000 1903.600 15 6 12.000 5.400 37.000000 288.000 0 1 0
 147 3077.200 1391.600 -4 6 8.000 1.400 10.000000 112.000 0 1 0
 150 1954.800 1664.700 14 7 8.000 1.400 10.000000 82.000 0 1 0
 151 1313.800 2864.700 24 7 8.000 2.700 16.000000 227.000 0 1 0
 152 2304.600 1557.000 23 10 8.000 4.100 32.000000 177.000 0 1 0
 153 1314.600 2864.000 -12 10 8.000 1.400 10.000000 102.000 0 1 0
 154 1312.600 2872.000 -12 10 12.000 4.100 27.000000 122.000 0 1 0
 155 1311.400 2864.000 -18 10 4.000 1.400 5.000000 116.000 0 1 0
 156 1311.400 2871.000 -18 10 4.000 1.400 5.000000 129.000 0 1 0
 157 3145.000 2872.000 -20 10 4.000 2.700 10.000000 123.000 0 1 0
 158 3144.000 2856.000 -20 10 4.000 1.400 5.000000 99.000 0 1 0
 159 3144.000 2841.000 -20 10 4.000 2.700 10.000000 104.000 0 1 0
 160 3144.000 2829.000 -20 10 4.000 2.700 10.000000 109.000 0 1 0
 161 3144.000 2864.000 -20 10 4.000 1.400 5.000000 109.000 0 1 0
 162 3144.000 2819.000 -20 10 4.000 1.400 5.000000 105.000 0 1 0
 163 3144.000 2813.000 -20 10 4.000 1.400 5.000000 101.000 0 1 0
 164 3144.000 2784.000 -20 10 4.000 1.400 5.000000 106.000 0 1 0
 165 3144.000 2776.000 -20 10 4.000 1.400 5.000000 104.000 0 1 0
 166 3144.000 2731.000 -20 10 4.000 2.700 10.000000 98.000 0 1 0
 167 3132.000 2860.000 -20 10 4.000 1.400 5.000000 99.000 0 1 0
 168 3132.000 2832.000 -20 10 4.000 1.400 5.000000 112.000 0 1 0
 169 3132.000 2823.000 -20 10 4.000 2.700 10.000000 104.000 0 1 0
 170 3132.000 2780.000 -20 10 4.000 1.400 5.000000 95.000 0 1 0
 171 3143.400 2680.000 -23 10 4.000 1.400 5.000000 96.000 0 1 0
 172 3143.400 2688.000 -23 10 4.000 4.100 16.000000 98.000 0 1 0
 173 3143.400 2695.000 -23 10 4.000 1.400 5.000000 91.000 0 1 0
 174 3143.400 2811.000 -23 10 4.000 2.700 10.000000 97.000 0 1 0
 175 3143.400 2701.000 -23 10 4.000 1.400 5.000000 90.000 0 1 0
 176 3143.400 2716.000 -23 10 4.000 1.400 5.000000 92.000 0 1 0
 177 3143.400 2768.000 -23 10 4.000 1.400 5.000000 96.000 0 1 0
 178 3143.400 2754.000 -23 10 4.000 1.400 5.000000 88.000 0 1 0
 179 3139.400 2748.000 -23 10 12.000 6.800 27.000000 94.000 0 1 0
 180 3137.400 2784.000 -23 10 16.000 10.800 54.000000 108.000 0 1 0
 181 3135.400 2733.000 -23 10 20.000 17.600 70.000000 101.000 0 1 0
 182 3135.400 2796.000 -23 10 20.000 14.900 124.000000 106.000 0 1 0
 183 3134.400 2872.000 -23 10 24.000 13.600 108.000000 129.000 0 1 0
 184 3133.400 2842.000 -23 10 24.000 36.600 249.000000 115.000 0 1 0
 185 3131.400 2699.000 -23 10 4.000 2.700 10.000000 91.000 0 1 0
 187 3124.400 2793.100 -23 11 4.000 2.700 10.000000 94.000 0 1 0
 188 3124.400 2764.100 -23 11 4.000 1.400 5.000000 96.000 0 1 0
 189 3132.400 2871.100 -23 11 20.000 19.000 119.000000 138.000 0 1 0
 190 3132.400 2828.100 -23 11 20.000 32.500 211.000000 122.000 0 1 0
 191 3132.400 2785.100 -23 11 20.000 12.200 54.000000 102.000 0 1 0
 192 3134.400 2745.100 -23 11 16.000 4.100 21.000000 101.000 0 1 0
 193 3138.400 2812.100 -23 11 8.000 1.400 10.000000 109.000 0 1 0
 194 3138.400 2732.100 -23 11 8.000 2.700 16.000000 100.000 0 1 0
 195 3125.000 2861.100 -20 11 4.000 1.400 5.000000 104.000 0 1 0
 196 3141.000 2856.100 -20 11 4.000 2.700 10.000000 102.000 0 1 0
 197 3141.000 2842.100 -20 11 4.000 2.700 10.000000 108.000 0 1 0
 198 3141.000 2835.100 -20 11 4.000 1.400 5.000000 107.000 0 1 0
 199 3141.000 2827.100 -20 11 4.000 2.700 10.000000 110.000 0 1 0
 200 3141.000 2812.100 -20 11 4.000 1.400 5.000000 97.000 0 1 0
 201 3141.000 2747.100 -20 11 4.000 1.400 5.000000 104.000 0 1 0
 202 3141.000 2732.100 -20 11 4.000 1.400 5.000000 107.000 0 1 0
 203 3141.000 2687.100 -20 11 4.000 1.400 5.000000 108.000 0 1 0
 204 3141.000 2863.100 -20 11 4.000 2.700 10.000000 115.000 0 1 0
 205 3141.000 2871.100 -20 11 4.000 2.700 10.000000 133.000 0 1 0
 206 3140.600 2871.100 -17 11 4.000 1.400 5.000000 101.000 0 1 0
 207 3133.600 2736.100 -2 11 4.000 1.400 5.000000 84.000 0 1 0
 208 1266.800 2505.100 24 11 4.000 1.400 5.000000 85.000 0 1 0
 209 2238.000 408.100 25 11 4.000 1.400 5.000000 159.000 0 1 0
 210 3133.800 337.200 4 12 4.000 2.700 10.000000 91.000 0 1 0
 211 3119.800 337.200 4 12 8.000 12.200 59.000000 100.000 0 1 0
 212 3133.200 335.200 1 12 4.000 5.400 21.000000 89.000 0 1 0
 213 3126.600 337.200 -2 12 20.000 5.400 54.000000 93.000 0 1 0
 214 3129.000 333.200 -5 12 24.000 35.200 254.000000 111.000 0 1 0
 215 3125.800 333.200 -11 12 20.000 4.100 48.000000 101.000 0 1 0
 216 3117.800 280.200 -11 12 4.000 1.400 5.000000 95.000 0 1 0
 217 3117.800 288.200 -11 12 4.000 1.400 5.000000 92.000 0 1 0
 218 3115.800 308.200 -11 12 8.000 23.000 124.000000 102.000 0 1 0
 219 3131.600 333.200 -17 12 8.000 1.400 10.000000 93.000 0 1 0
 220 3113.600 304.200 -17 12 4.000 1.400 5.000000 86.000 0 1 0
 221 3113.600 312.200 -17 12 4.000 5.400 16.000000 90.000 0 1 0
 222 3130.000 333.200 -20 12 4.000 1.400 5.000000 105.000 0 1 0
 223 3114.000 312.200 -20 12 4.000 1.400 5.000000 107.000 0 1 0
 224 3105.400 333.200 -23 12 52.000 94.900 926.000000 122.000 0 1 0
 225 980.800 840.300 4 13 8.000 4.100 32.000000 535.000 0 1 0
 226 569.000 2415.300 20 13 12.000 4.100 37.000000 343.000 0 1 0
 227 183.400 1679.400 12 14 8.000 5.400 32.000000 295.000 0 1 0
 228 1441.800 1282.400 -21 14 8.000 2.700 21.000000 102.000 0 1 0
 229 1003.600 1202.600 18 16 8.000 2.700 16.000000 83.000 0 1 0
 230 546.000 544.600 15 16 8.000 2.700 16.000000 149.000 0 1 0
 231 2905.400 515.799 17 18 4.000 1.400 5.000000 110.000 0 1 0
 232 852.400 1658.000 17 20 8.000 2.700 21.000000 117.000 0 1 0
 233 3082.800 475.000 -6 20 16.000 5.400 37.000000 237.000 0 1 0
 234 3142.400 2837.000 -8 20 4.000 1.400 5.000000 101.000 0 1 0
 235 3142.400 2829.000 -8 20 4.000 4.100 16.000000 104.000 0 1 0
 236 3142.400 2844.000 -8 20 4.000 4.100 16.000000 109.000 0 1 0
 237 3142.400 2821.000 -8 20 4.000 2.700 10.000000 97.000 0 1 0
 238 3142.400 2800.000 -8 20 4.000 2.700 10.000000 91.000 0 1 0
 239 3142.400 2785.000 -8 20 4.000 2.700 10.000000 90.000 0 1 0
 240 3142.400 2777.000 -8 20 4.000 1.400 5.000000 89.000 0 1 0
 241 3136.400 2873.000 -8 20 16.000 19.000 75.000000 120.000 0 1 0
 242 3130.400 2795.000 -8 20 4.000 2.700 10.000000 86.000 0 1 0
 243 3130.400 2737.000 -8 20 4.000 1.400 5.000000 93.000 0 1 0
 244 3130.400 2728.000 -8 20 4.000 1.400 5.000000 90.000 0 1 0
 245 3128.400 2825.000 -8 20 8.000 4.100 27.000000 93.000 0 1 0
 246 3128.400 2833.000 -8 20 8.000 4.100 27.000000 115.000 0 1 0
 247 3126.400 2841.000 -8 20 4.000 1.400 5.000000 85.000 0 1 0
 248 3126.400 2804.000 -8 20 4.000 1.400 5.000000 87.000 0 1 0
 249 3122.400 2821.000 -8 20 4.000 1.400 5.000000 82.000 0 1 0
 250 3141.800 2872.000 -11 20 4.000 2.700 10.000000 102.000 0 1 0
 251 3142.200 2872.000 -14 20 4.000 2.700 10.000000 98.000 0 1 0
 252 3141.600 2812.000 -17 20 4.000 2.700 10.000000 112.000 0 1 0
 253 3141.600 2821.000 -17 20 4.000 1.400 5.000000 115.000 0 1 0
 254 3141.600 2827.000 -17 20 4.000 4.100 10.000000 114.000 0 1 0
 255 3141.600 2842.000 -17 20 4.000 4.100 16.000000 117.000 0 1 0
 256 3141.600 2857.000 -17 20 4.000 1.400 5.000000 114.000 0 1 0
 257 3141.600 2865.000 -17 20 4.000 4.100 16.000000 127.000 0 1 0
 258 3141.600 2872.000 -17 20 4.000 2.700 10.000000 136.000 0 1 0
 259 3131.200 2832.100 -14 21 4.000 1.400 5.000000 103.000 0 1 0
 260 3134.800 2832.100 4 21 4.000 1.400 5.000000 125.000 0 1 0
 261 3131.000 2850.100 10 21 4.000 2.700 10.000000 96.000 0 1 0
 262 3133.000 2869.100 10 21 8.000 6.800 21.000000 114.000 0 1 0
 263 3135.000 2781.100 10 21 4.000 1.400 5.000000 105.000 0 1 0
 264 3135.000 2795.100 10 21 4.000 4.100 16.000000 115.000 0 1 0
 265 3135.000 2802.100 10 21 4.000 1.400 5.000000 100.000 0 1 0
 266 3135.000 2824.100 10 21 4.000 2.700 10.000000 109.000 0 1 0
 267 3135.000 2833.100 10 21 12.000 4.100 27.000000 115.000 0 1 0
 268 3135.000 2840.100 10 21 4.000 1.400 5.000000 99.000 0 1 0
 269 3135.000 2860.100 10 21 4.000 2.700 10.000000 100.000 0 1 0
 270 3136.000 2737.100 10 21 4.000 1.400 5.000000 100.000 0 1 0
 271 3139.000 2846.100 10 21 4.000 1.400 5.000000 94.000 0 1 0
 272 1012.400 2293.100 17 21 4.000 2.700 10.000000 105.000 0 1 0
 273 2360.400 869.200 17 22 8.000 4.100 32.000000 173.000 0 1 0
 274 2773.600 330.200 -2 22 8.000 2.700 16.000000 108.000 0 1 0
 275 790.600 916.400 8 24 8.000 5.400 37.000000 329.000 0 1 0
 276 673.400 2697.600 12 26 12.000 4.100 32.000000 295.000 0 1 0
 277 3140.600 2858.600 8 26 4.000 5.400 21.000000 125.000 0 1 0
 278 3140.600 2847.600 8 26 4.000 1.400 5.000000 115.000 0 1 0
 279 3128.400 2873.600 2 26 4.000 1.400 5.000000 113.000 0 1 0
 280 3142.200 2840.600 -4 26 4.000 1.400 5.000000 128.000 0 1 0
 281 3142.200 2847.600 -4 26 4.000 4.100 16.000000 134.000 0 1 0
 282 3140.200 2861.600 -4 26 8.000 6.800 27.000000 136.000 0 1 0
 283 3136.200 2833.600 -4 26 8.000 2.700 21.000000 140.000 0 1 0
 284 3136.200 2867.600 -4 26 16.000 6.800 32.000000 133.000 0 1 0
 285 3130.200 2851.600 -4 26 4.000 2.700 10.000000 126.000 0 1 0
 286 3130.200 2828.600 -4 26 4.000 1.400 5.000000 124.000 0 1 0
 287 3130.200 2820.600 -4 26 4.000 1.400 5.000000 116.000 0 1 0
 288 1760.800 743.800 4 28 8.000 5.400 43.000000 327.000 0 1 0
 289 1316.000 2872.000 0 30 8.000 2.700 21.000000 108.000 0 1 0
 290 3118.000 321.100 -5 31 4.000 5.400 16.000000 90.000 0 1 0
 291 3122.000 332.100 -5 31 4.000 1.400 5.000000 83.000 0 1 0;
EndOfFile;
