FileVersion 1 2;
FileTimestamp 07-09-19 14:27:48;
InspectionStationID "NONE" "KLA2139" "IPS203";
SampleType WAFER;
ResultTimestamp 06-23-19 22:35:51;
LotID "195J64";
SampleSize 1 200;
DeviceID "MA65";
SetupID "MA65_3039M2DM" 07-18-18 12:18:29;
StepID "3039M2DM";
SampleOrientationMarkType NOTCH;
OrientationMarkLocation DOWN;
DiePitch 5.0439200000e+03 4.2533200000e+03;
DieOrigin 0.0000000000e+00 0.0000000000e+00;
WaferID "@14";
Slot 14;
SampleCenterLocation 5.1825000000e+03 -2.0405500000e+03;
ClassLookup 74
  0 "Uncategorized"
  1 "Small PT"
  2 "Medium PT"
  3 "Large PT"
  4 "Polymer"
  5 "Flake PT"
  6 "Scratch"
  9 "Other Defect"
  10 "Other Residue"
  11 "Wet Residue"
  13 "W Residue"
  14 "PR Residue"
  15 "Liquid Mark"
  16 "Thread Defect"
  20 "Pits"
  22 "Pattern Deformed"
  23 "Defocus"
  24 "PR BUBBLE"
  25 "Crown Defect"
  27 "Bead Defect"
  30 "CMP Scratch"
  31 "Minor CMP Scratch"
  35 "Rip Out"
  40 "Protrusion"
  42 "Top Blocked"
  43 "Bottom Blocked"
  44 "Line broken"
  45 "Metal Corrosion"
  46 "Galvanic Corrosion"
  51 "PR Popping"
  52 "Salicide Bad"
  53 "STI Dimple"
  59 "W Void"
  60 "AA Dep PT"
  61 "GC Dep PT"
  62 "CVD Dep PT"
  63 "Metal Dep PT"
  73 "Cone Defect"
  74 "Metal Depression"
  77 "Underlayer"
  78 "NUISANCE/FALSE"
  79 "Metal Grain"
  80 "Don't Care/Minor"
  95 "Missing AI"
  99 "test2"
  100 "Cluster"
  101 "CU CMP Scratch"
  102 "CU Void"
  103 "2_PO Missing"
  104 "CU Pattern Open"
  105 "CU Remain"
  106 "Circle CU Remain"
  107 "CU CVD PT"
  108 "CU Eclips"
  109 "CU CMP Residue"
  110 "Minor CU CMP Scratch"
  111 "CMP PT"
  112 "CU SEAM PT"
  113 "CU Ox"
  114 "CU Pattern Open(Minor)"
  116 "1_PO Missing"
  117 "PAD Abnormality"
  150 "Guard Ring Circle Defect"
  151 "EBR Circle Defect"
  152 "PAD Hillock"
  153 "PAD Residue"
  154 "PAD Hole"
  155 "Color PR Residue"
  201 "Bin 1"
  202 "Bin 2"
  203 "Bin 3"
  204 "Bin 4"
  205 "Bin 5"
  206 "Bin 6"  ;
OrientationInstructions "";
InspectionTest 1;
SampleTestPlan 1288
  -18 -1 
  -17 -8 
  -17 1 
  -17 5 
  -16 -9 
  -16 1 
  -16 4 
  -15 -5 
  -15 -3 
  -15 -1 
  -14 -10 
  -14 -5 
  -14 2 
  -14 3 
  -13 -11 
  -13 8 
  -12 -11 
  -12 -10 
  -12 5 
  -12 12 
  -11 -13 
  -11 0 
  -11 12 
  -10 -10 
  -10 17 
  -9 -17 
  -9 3 
  -9 5 
  -9 12 
  -9 14 
  -8 -20 
  -8 -19 
  -8 -18 
  -8 -17 
  -8 -14 
  -8 -4 
  -8 5 
  -7 -16 
  -7 -8 
  -7 -5 
  -7 4 
  -7 12 
  -7 14 
  -6 -13 
  -6 -5 
  -6 1 
  -6 4 
  -6 13 
  -6 15 
  -6 18 
  -5 -17 
  -5 -8 
  -5 -6 
  -5 -2 
  -5 0 
  -5 11 
  -5 16 
  -4 -10 
  -4 -4 
  -4 11 
  -3 -11 
  -3 -10 
  -3 -6 
  -2 -19 
  -2 -5 
  -2 -3 
  -2 0 
  -2 6 
  -2 15 
  -1 -20 
  -1 -12 
  -1 -10 
  -1 4 
  -1 11 
  -1 17 
  0 -20 
  0 -19 
  0 -17 
  0 -10 
  0 -5 
  0 5 
  0 15 
  0 17 
  0 19 
  0 20 
  1 -13 
  1 -5 
  1 -1 
  1 11 
  1 15 
  1 18 
  2 -19 
  2 -17 
  2 -5 
  3 -7 
  3 16 
  3 20 
  4 -18 
  4 -14 
  4 17 
  5 -13 
  5 -12 
  5 -9 
  5 0 
  5 9 
  6 7 
  7 -16 
  7 -12 
  7 0 
  7 9 
  7 13 
  8 -20 
  8 -17 
  8 -16 
  8 -9 
  8 11 
  8 14 
  9 -9 
  9 13 
  10 -9 
  10 -3 
  10 0 
  10 6 
  10 8 
  10 12 
  11 -3 
  11 0 
  11 1 
  11 5 
  11 14 
  12 -7 
  12 14 
  13 -4 
  13 11 
  14 -16 
  14 -10 
  14 6 
  14 8 
  14 11 
  16 -12 
  17 -7 
  17 1 
  17 8 
  18 0 
  18 6 
  -17 -1 
  -17 3 
  -16 -1 
  -15 -4 
  -15 3 
  -15 5 
  -15 11 
  -14 -13 
  -14 -12 
  -14 -3 
  -14 -1 
  -14 7 
  -14 9 
  -13 -16 
  -13 -10 
  -13 1 
  -13 7 
  -13 10 
  -12 -17 
  -12 -8 
  -12 4 
  -12 14 
  -11 -18 
  -11 -17 
  -11 -8 
  -11 -3 
  -10 -16 
  -10 -12 
  -10 -11 
  -10 -5 
  -10 -4 
  -10 7 
  -10 8 
  -9 -13 
  -9 -11 
  -9 -8 
  -9 4 
  -9 8 
  -8 -7 
  -8 0 
  -8 9 
  -7 -21 
  -7 -20 
  -7 -13 
  -7 -9 
  -7 8 
  -6 -11 
  -6 -4 
  -6 8 
  -6 10 
  -6 11 
  -6 16 
  -6 19 
  -5 -18 
  -5 -16 
  -5 -14 
  -5 6 
  -5 7 
  -5 10 
  -5 13 
  -5 18 
  -4 -21 
  -4 -2 
  -4 2 
  -4 13 
  -3 -7 
  -3 1 
  -3 3 
  -3 5 
  -3 14 
  -2 -17 
  -2 17 
  -1 -9 
  -1 -4 
  -1 -3 
  -1 1 
  -1 2 
  -1 19 
  0 -6 
  0 4 
  0 6 
  0 10 
  0 16 
  1 -18 
  1 -8 
  1 0 
  1 7 
  1 17 
  1 19 
  1 20 
  2 -13 
  2 -11 
  2 -10 
  2 0 
  2 6 
  2 11 
  3 -22 
  3 -2 
  3 7 
  4 -6 
  4 1 
  4 2 
  4 10 
  4 20 
  5 -20 
  5 -19 
  5 -15 
  5 -14 
  5 -4 
  5 14 
  5 18 
  6 -10 
  6 -1 
  6 20 
  7 -20 
  7 -19 
  7 -13 
  7 -11 
  7 1 
  7 5 
  7 7 
  7 17 
  8 -7 
  8 -4 
  8 -1 
  8 1 
  8 3 
  8 16 
  8 18 
  9 -5 
  9 9 
  9 15 
  10 -18 
  10 -10 
  10 -7 
  10 -6 
  11 -19 
  11 -14 
  11 -11 
  11 -5 
  11 -4 
  11 7 
  11 16 
  11 17 
  12 -9 
  12 -6 
  12 -3 
  12 0 
  12 11 
  13 -9 
  13 -7 
  13 3 
  13 5 
  13 12 
  14 -9 
  14 -7 
  14 -5 
  14 -4 
  14 -1 
  14 3 
  15 -5 
  15 0 
  15 12 
  16 -11 
  16 -10 
  16 -8 
  16 4 
  16 5 
  16 7 
  17 4 
  17 9 
  18 2 
  18 3 
  18 4 
  19 -1 
  -17 -3 
  -16 -10 
  -16 -5 
  -16 -4 
  -16 3 
  -16 8 
  -15 -9 
  -15 7 
  -15 9 
  -14 -8 
  -14 0 
  -14 1 
  -13 -4 
  -13 4 
  -12 -13 
  -12 -2 
  -12 13 
  -11 -14 
  -11 -9 
  -11 -6 
  -11 -2 
  -11 15 
  -10 -17 
  -10 -1 
  -10 0 
  -10 1 
  -10 9 
  -10 13 
  -9 -16 
  -9 -9 
  -9 9 
  -9 10 
  -8 -16 
  -8 -10 
  -8 -6 
  -8 7 
  -8 11 
  -8 16 
  -7 -18 
  -7 -17 
  -7 -14 
  -7 -11 
  -7 -3 
  -6 -16 
  -6 -8 
  -6 -6 
  -6 -1 
  -6 9 
  -5 -10 
  -5 3 
  -5 12 
  -4 -15 
  -4 -13 
  -4 -9 
  -4 6 
  -4 18 
  -3 -15 
  -3 10 
  -3 11 
  -3 17 
  -3 18 
  -3 20 
  -2 -22 
  -2 -20 
  -2 -10 
  -2 -9 
  -2 14 
  -2 19 
  -1 -17 
  -1 7 
  -1 8 
  0 -21 
  0 -4 
  0 0 
  0 13 
  1 -3 
  1 10 
  1 16 
  2 -15 
  2 -6 
  2 2 
  2 13 
  2 14 
  3 -20 
  3 -5 
  3 11 
  3 15 
  3 18 
  3 19 
  4 -9 
  4 -7 
  4 -3 
  4 12 
  4 14 
  4 15 
  5 -22 
  5 -7 
  5 -6 
  5 -3 
  5 17 
  5 19 
  6 -17 
  6 -16 
  6 -8 
  6 -2 
  6 8 
  6 14 
  6 16 
  6 17 
  7 -18 
  7 -6 
  7 12 
  7 14 
  7 18 
  7 19 
  8 -19 
  8 -15 
  8 -8 
  8 0 
  8 6 
  9 -20 
  9 -18 
  9 -10 
  9 -8 
  9 -2 
  9 3 
  10 -17 
  10 -8 
  10 -2 
  10 15 
  11 -13 
  11 -10 
  11 12 
  12 -14 
  12 -13 
  12 9 
  12 10 
  12 15 
  13 -17 
  13 -13 
  13 -5 
  13 -3 
  13 2 
  13 4 
  13 8 
  14 -13 
  14 1 
  14 10 
  14 14 
  15 -2 
  15 -1 
  16 -6 
  16 -5 
  16 11 
  17 -6 
  18 -5 
  -18 -2 
  -17 2 
  -17 6 
  -16 7 
  -16 9 
  -15 -8 
  -15 4 
  -14 -4 
  -14 4 
  -13 -15 
  -13 -12 
  -13 -8 
  -13 -2 
  -13 5 
  -13 12 
  -12 -16 
  -12 -4 
  -12 8 
  -12 11 
  -11 -12 
  -11 4 
  -11 6 
  -11 7 
  -11 9 
  -10 -15 
  -10 -14 
  -10 5 
  -10 10 
  -10 11 
  -10 16 
  -9 -15 
  -9 -5 
  -8 -8 
  -8 -1 
  -8 17 
  -7 -7 
  -7 -4 
  -7 -1 
  -7 3 
  -7 11 
  -7 18 
  -6 -21 
  -6 -17 
  -6 -15 
  -6 -10 
  -6 -3 
  -5 -4 
  -5 -3 
  -5 15 
  -4 -17 
  -4 -11 
  -4 1 
  -4 3 
  -4 4 
  -4 7 
  -3 -21 
  -3 -1 
  -3 0 
  -3 2 
  -3 4 
  -3 6 
  -3 15 
  -2 -16 
  -2 -7 
  -2 1 
  -2 7 
  -2 13 
  -2 16 
  -1 -6 
  -1 3 
  -1 6 
  -1 9 
  0 -14 
  0 -11 
  0 -9 
  0 -8 
  0 1 
  0 3 
  0 11 
  1 -15 
  1 -7 
  1 -6 
  2 -18 
  2 -16 
  2 -9 
  2 -3 
  2 5 
  2 10 
  2 12 
  3 -21 
  3 -16 
  3 -15 
  3 -14 
  3 -11 
  3 -9 
  3 -3 
  3 3 
  3 5 
  3 9 
  4 -19 
  4 -15 
  4 3 
  4 7 
  4 11 
  5 -18 
  5 -17 
  5 -16 
  5 -1 
  5 5 
  5 8 
  5 12 
  6 -15 
  6 -14 
  6 -12 
  6 -11 
  6 3 
  6 6 
  6 11 
  7 -4 
  7 -3 
  7 2 
  7 10 
  7 11 
  7 15 
  8 -13 
  8 -5 
  8 -2 
  8 13 
  9 -13 
  9 14 
  9 18 
  10 -11 
  10 5 
  10 10 
  10 17 
  11 -8 
  11 6 
  11 8 
  11 10 
  11 13 
  12 -2 
  12 3 
  13 -16 
  13 0 
  13 1 
  13 7 
  13 9 
  14 -14 
  14 -12 
  14 -11 
  14 -3 
  15 -6 
  16 -13 
  16 -7 
  16 8 
  17 -10 
  17 -8 
  17 -2 
  17 0 
  17 5 
  18 -7 
  18 1 
  19 -2 
  19 0 
  -17 -7 
  -17 0 
  -15 -13 
  -15 -12 
  -15 -11 
  -15 -10 
  -15 -7 
  -15 0 
  -15 1 
  -14 -14 
  -14 -9 
  -14 -2 
  -14 12 
  -13 -6 
  -12 -9 
  -12 -6 
  -12 -1 
  -12 3 
  -12 15 
  -11 -16 
  -11 -15 
  -11 -1 
  -10 4 
  -10 14 
  -9 -10 
  -9 -7 
  -9 -2 
  -8 -15 
  -8 -3 
  -8 1 
  -8 4 
  -8 10 
  -8 14 
  -7 9 
  -7 15 
  -6 -14 
  -6 -12 
  -6 0 
  -6 2 
  -6 14 
  -5 -12 
  -5 8 
  -5 9 
  -4 -14 
  -4 10 
  -4 14 
  -4 15 
  -4 19 
  -4 20 
  -3 -13 
  -3 -8 
  -3 13 
  -2 -21 
  -2 -18 
  -2 -11 
  -2 -6 
  -2 -2 
  -2 -1 
  -1 -16 
  -1 -14 
  -1 -7 
  -1 -5 
  -1 -2 
  -1 12 
  -1 13 
  -1 14 
  -1 18 
  -1 20 
  0 -16 
  0 -12 
  0 -2 
  0 -1 
  1 -14 
  1 2 
  1 4 
  1 5 
  1 8 
  2 -21 
  2 -8 
  2 -7 
  2 -4 
  2 15 
  3 -17 
  3 -12 
  3 -6 
  3 10 
  4 -20 
  4 -17 
  4 -11 
  4 -8 
  4 8 
  4 16 
  5 -11 
  5 1 
  5 2 
  5 4 
  5 11 
  6 -22 
  6 -7 
  6 -5 
  6 0 
  6 9 
  6 10 
  6 12 
  6 13 
  7 -15 
  7 6 
  8 -10 
  8 -3 
  8 7 
  8 15 
  9 -7 
  9 -4 
  9 -3 
  9 2 
  9 6 
  9 7 
  10 -13 
  10 -5 
  10 2 
  10 13 
  11 2 
  11 15 
  12 -15 
  12 -12 
  12 -10 
  12 -1 
  12 1 
  12 4 
  12 7 
  12 12 
  12 13 
  12 16 
  13 -14 
  13 -2 
  13 -1 
  13 13 
  13 14 
  13 15 
  14 -15 
  14 -8 
  14 -6 
  15 -10 
  15 -9 
  15 1 
  16 -3 
  16 -1 
  16 3 
  16 6 
  17 -4 
  18 -6 
  18 -3 
  18 5 
  -18 -3 
  -18 1 
  -17 -6 
  -17 -5 
  -16 -6 
  -15 -6 
  -15 6 
  -15 8 
  -14 -11 
  -14 -7 
  -14 -6 
  -14 8 
  -14 10 
  -13 -13 
  -13 -3 
  -13 0 
  -13 9 
  -13 11 
  -12 -15 
  -12 1 
  -11 -7 
  -11 13 
  -11 14 
  -10 2 
  -10 3 
  -10 6 
  -10 15 
  -9 -19 
  -9 -18 
  -9 -12 
  -9 -3 
  -9 0 
  -9 6 
  -9 7 
  -9 13 
  -8 -13 
  -8 -5 
  -8 2 
  -8 15 
  -7 -12 
  -7 -2 
  -7 5 
  -7 6 
  -7 7 
  -7 13 
  -7 19 
  -6 -2 
  -6 5 
  -5 -22 
  -5 -19 
  -5 -11 
  -5 -9 
  -5 -5 
  -5 2 
  -5 4 
  -5 17 
  -5 19 
  -5 20 
  -4 -8 
  -4 17 
  -3 -20 
  -3 -19 
  -3 -17 
  -3 -12 
  -3 -2 
  -3 8 
  -3 16 
  -3 19 
  -2 -12 
  -2 -4 
  -2 2 
  -2 3 
  -2 4 
  -2 10 
  -2 11 
  -2 18 
  -1 -18 
  -1 -11 
  -1 0 
  -1 10 
  0 -15 
  1 -22 
  1 -21 
  1 1 
  1 6 
  1 9 
  1 12 
  1 13 
  2 -20 
  2 16 
  2 17 
  3 -18 
  3 -4 
  3 4 
  3 12 
  3 13 
  4 -10 
  4 -5 
  4 -2 
  4 13 
  5 -5 
  5 -2 
  5 3 
  5 6 
  5 10 
  5 15 
  6 -18 
  6 1 
  6 2 
  6 18 
  6 19 
  7 -9 
  7 8 
  8 -18 
  8 -14 
  8 19 
  9 -19 
  9 -16 
  9 -15 
  9 5 
  9 11 
  9 12 
  9 16 
  10 -19 
  10 -16 
  10 -4 
  10 14 
  10 16 
  11 -18 
  11 -16 
  11 -15 
  11 -7 
  11 -2 
  11 9 
  12 -16 
  12 -11 
  12 -4 
  13 -12 
  13 -8 
  13 10 
  14 12 
  14 13 
  15 -13 
  15 -8 
  15 -3 
  15 5 
  15 6 
  15 11 
  16 -2 
  16 0 
  16 9 
  17 -11 
  17 -9 
  17 -3 
  17 2 
  18 -8 
  18 -1 
  -18 0 
  -16 -8 
  -16 -3 
  -16 -2 
  -16 0 
  -16 2 
  -16 5 
  -15 2 
  -15 10 
  -14 5 
  -14 6 
  -14 11 
  -13 -9 
  -13 -5 
  -13 -1 
  -13 3 
  -13 14 
  -12 -14 
  -12 -12 
  -12 -5 
  -12 2 
  -12 10 
  -11 -11 
  -11 -5 
  -11 2 
  -11 10 
  -11 11 
  -10 -19 
  -10 -18 
  -10 -13 
  -10 -9 
  -10 -3 
  -10 12 
  -9 -14 
  -9 -6 
  -9 -4 
  -9 -1 
  -8 -9 
  -8 -2 
  -8 3 
  -8 6 
  -8 12 
  -8 13 
  -8 18 
  -7 -6 
  -7 0 
  -7 1 
  -7 10 
  -6 -19 
  -6 -18 
  -6 -9 
  -6 -7 
  -6 12 
  -5 -13 
  -5 -7 
  -5 5 
  -4 -16 
  -4 0 
  -4 8 
  -4 9 
  -4 12 
  -4 16 
  -3 -4 
  -3 -3 
  -3 9 
  -2 -15 
  -2 8 
  -1 -22 
  -1 -21 
  -1 -19 
  -1 -15 
  -1 -8 
  -1 15 
  0 -22 
  0 -18 
  0 -13 
  0 -3 
  0 2 
  0 9 
  0 12 
  0 14 
  0 18 
  1 -20 
  1 -19 
  1 -17 
  1 -12 
  1 -10 
  1 -9 
  1 -2 
  2 -12 
  2 -1 
  2 1 
  2 4 
  2 7 
  2 8 
  2 19 
  2 20 
  3 -19 
  3 -10 
  3 -8 
  3 1 
  3 6 
  3 14 
  4 -22 
  4 -21 
  4 -13 
  4 -12 
  4 -4 
  4 -1 
  4 6 
  4 9 
  4 18 
  4 19 
  5 -21 
  5 -10 
  5 -8 
  5 7 
  5 16 
  5 20 
  6 -21 
  6 -20 
  6 -9 
  6 -6 
  6 -4 
  6 4 
  6 15 
  7 -21 
  7 -17 
  7 -14 
  7 -8 
  7 -5 
  7 -1 
  8 -12 
  8 2 
  8 9 
  8 10 
  9 -17 
  9 -12 
  9 -11 
  9 -1 
  9 4 
  9 10 
  9 17 
  10 -15 
  10 1 
  10 4 
  10 11 
  10 18 
  11 -17 
  11 -1 
  11 3 
  11 4 
  12 -17 
  12 -5 
  13 -11 
  13 6 
  14 2 
  14 4 
  14 7 
  15 -14 
  15 -11 
  15 -7 
  15 -4 
  15 2 
  15 4 
  15 8 
  15 9 
  15 10 
  16 -9 
  16 10 
  17 -5 
  17 -1 
  17 3 
  17 6 
  17 7 
  18 -4 
  19 -3 
  -17 -4 
  -17 -2 
  -17 4 
  -16 -7 
  -16 6 
  -15 -2 
  -13 -14 
  -13 -7 
  -13 2 
  -13 6 
  -13 13 
  -12 -7 
  -12 -3 
  -12 0 
  -12 6 
  -12 7 
  -12 9 
  -11 -10 
  -11 -4 
  -11 1 
  -11 3 
  -11 5 
  -11 8 
  -10 -8 
  -10 -7 
  -10 -6 
  -10 -2 
  -9 1 
  -9 2 
  -9 11 
  -9 15 
  -9 16 
  -9 17 
  -8 -12 
  -8 -11 
  -8 8 
  -7 -19 
  -7 -15 
  -7 -10 
  -7 2 
  -7 16 
  -7 17 
  -6 -20 
  -6 3 
  -6 6 
  -6 7 
  -6 17 
  -5 -21 
  -5 -20 
  -5 -15 
  -5 -1 
  -5 1 
  -5 14 
  -4 -22 
  -4 -20 
  -4 -19 
  -4 -18 
  -4 -12 
  -4 -7 
  -4 -6 
  -4 -5 
  -4 -3 
  -4 -1 
  -4 5 
  -3 -22 
  -3 -18 
  -3 -16 
  -3 -14 
  -3 -9 
  -3 -5 
  -3 7 
  -3 12 
  -2 -14 
  -2 -13 
  -2 -8 
  -2 5 
  -2 9 
  -2 12 
  -2 20 
  -1 -13 
  -1 -1 
  -1 5 
  -1 16 
  0 -7 
  0 7 
  0 8 
  1 -16 
  1 -11 
  1 -4 
  1 3 
  1 14 
  2 -22 
  2 -14 
  2 -2 
  2 3 
  2 9 
  2 18 
  3 -13 
  3 -1 
  3 0 
  3 2 
  3 8 
  3 17 
  4 -16 
  4 0 
  4 4 
  4 5 
  5 13 
  6 -19 
  6 -13 
  6 -3 
  6 5 
  7 -10 
  7 -7 
  7 -2 
  7 3 
  7 4 
  7 16 
  8 -21 
  8 -11 
  8 -6 
  8 4 
  8 5 
  8 8 
  8 12 
  8 17 
  9 -14 
  9 -6 
  9 0 
  9 1 
  9 8 
  10 -14 
  10 -12 
  10 -1 
  10 3 
  10 7 
  10 9 
  11 -12 
  11 -9 
  11 -6 
  11 11 
  12 -8 
  12 2 
  12 5 
  12 6 
  12 8 
  13 -15 
  13 -10 
  13 -6 
  14 -2 
  14 0 
  14 5 
  14 9 
  15 -12 
  15 3 
  15 7 
  16 -4 
  16 1 
  16 2 
  18 -2 
  19 1 ;
AreaPerTest 2.4622800547e+10;
DefectRecordSpec 13 DEFECTID XREL YREL XINDEX YINDEX XSIZE YSIZE DEFECTAREA DSIZE CLASSNUMBER TEST IMAGECOUNT IMAGELIST ;
DefectList
 1 2742.953 2667.025 -3 20 0.390 0.390 0.077000 0.277 0 1 0 0;
TiffFileName 195J64_195J64-@14_3039M2DM.001_00001.jpg;
DefectList
 2 2731.834 1158.619 3 20 0.390 0.390 0.051000 0.226 80 1 1 1 1 106;
TiffFileName 195J64_195J64-@14_3039M2DM.001_00002.jpg;
DefectList
 3 2178.067 2116.198 8 19 0.390 0.390 0.108000 0.327 80 1 1 1 1 106
 4 1175.269 3590.600 2 16 0.390 0.390 0.168000 0.390 0 1 0 0;
TiffFileName 195J64_195J64-@14_3039M2DM.001_00003.jpg;
DefectList
 5 3424.528 4048.179 -1 15 0.390 0.390 0.290000 0.390 13 1 1 1 1 106
 6 4860.347 3952.336 5 14 0.390 0.390 0.044000 0.208 0 1 0 0
 7 4860.347 3913.692 5 14 0.390 0.390 0.044000 0.208 0 1 0 0
 8 4708.308 3280.207 -3 14 0.390 0.390 0.044000 0.208 0 1 0 0
 9 4729.773 3280.207 -3 14 0.780 0.390 0.044000 0.208 0 1 0 0
 10 4756.507 3280.207 -3 14 1.951 0.390 0.051000 0.226 0 1 0 0
 11 4703.530 3280.207 1 14 0.390 0.390 0.051000 0.226 0 1 0 0;
TiffFileName 195J64_195J64-@14_3039M2DM.001_00004.jpg;
DefectList
 12 4756.606 3280.207 1 14 1.561 0.390 0.051000 0.226 80 1 1 1 1 106
 13 551.993 2677.075 3 14 5.854 5.465 23.484000 4.846 0 1 0 0
 14 2398.158 2878.508 -13 14 0.390 0.390 0.130000 0.360 0 1 0 0;
TiffFileName 195J64_195J64-@14_3039M2DM.001_00005.jpg;
DefectList
 15 3154.134 2125.930 -13 14 0.390 0.390 0.108000 0.327 80 1 1 1 1 106
 16 3276.095 635.496 -13 14 1.951 0.390 0.130000 0.360 0 1 0 0
 17 3488.672 3495.267 0 13 0.390 0.390 0.181000 0.390 0 1 0 0;
TiffFileName 195J64_195J64-@14_3039M2DM.001_00006.jpg;
DefectList
 18 2595.779 1192.427 -11 13 0.390 0.390 0.077000 0.277 80 1 1 1 1 106;
TiffFileName 195J64_195J64-@14_3039M2DM.001_00007.jpg;
DefectList
 19 3291.658 1129.521 -3 13 0.390 0.390 0.030000 0.172 80 1 1 1 1 106;
TiffFileName 195J64_195J64-@14_3039M2DM.001_00008.jpg;
DefectList
 20 2550.599 2811.785 -15 11 0.390 0.390 0.097000 0.311 80 1 1 1 1 106
 21 1238.369 3591.161 1 10 0.390 0.390 0.225000 0.390 0 1 0 0
 22 1860.705 1432.829 -3 10 2.341 0.780 0.422000 0.649 0 1 0 0;
TiffFileName 195J64_195J64-@14_3039M2DM.001_00009.jpg;
DefectList
 23 2309.447 1643.634 16 10 0.390 0.390 0.044000 0.208 80 1 1 1 1 106
 24 2688.791 3575.623 -13 9 0.390 0.390 0.195000 0.390 0 1 0 0
 25 469.784 3546.736 -1 9 0.390 0.390 0.240000 0.390 0 1 0 0
 26 2914.409 2880.349 -16 9 0.390 0.390 0.108000 0.327 0 1 0 0;
TiffFileName 195J64_195J64-@14_3039M2DM.001_00010.jpg;
DefectList
 27 2907.386 2880.349 -16 9 0.390 0.390 0.119000 0.344 80 1 1 1 1 106
 28 2989.231 2850.291 17 9 0.390 0.390 0.108000 0.327 0 1 0 0
 29 2000.237 2128.303 -16 9 0.390 0.390 0.119000 0.344 0 1 0 0
 30 4028.142 3813.620 -4 8 1.951 1.171 0.402000 0.633 0 1 0 0;
TiffFileName 195J64_195J64-@14_3039M2DM.001_00011.jpg;
DefectList
 31 2607.260 3594.812 0 8 0.390 0.390 0.195000 0.390 80 1 1 1 1 106
 32 1403.740 3109.097 -4 8 0.390 0.390 0.036000 0.190 0 1 0 0
 33 2575.718 1728.288 -4 8 0.390 0.390 0.068000 0.260 0 1 0 0;
TiffFileName 195J64_195J64-@14_3039M2DM.001_00012.jpg;
DefectList
 34 4282.994 783.995 3 8 0.780 0.780 0.422000 0.649 77 1 1 1 1 106;
TiffFileName 195J64_195J64-@14_3039M2DM.001_00013.jpg;
DefectList
 35 1873.551 322.413 6 8 1.951 2.732 2.519000 1.587 42 1 1 1 1 106;
TiffFileName 195J64_195J64-@14_3039M2DM.001_00014.jpg;
DefectList
 36 2594.062 187.147 -4 8 0.390 0.390 0.051000 0.226 80 1 1 1 1 106
 37 2927.458 185.194 -8 8 0.390 0.390 0.051000 0.226 0 1 0 0;
TiffFileName 195J64_195J64-@14_3039M2DM.001_00015.jpg;
DefectList
 38 926.532 3928.586 -6 7 0.390 0.390 0.225000 0.390 80 1 1 1 1 106;
TiffFileName 195J64_195J64-@14_3039M2DM.001_00016.jpg;
DefectList
 39 4708.940 3631.508 -3 7 0.390 0.390 0.108000 0.327 80 1 1 1 1 106
 40 4876.844 3578.809 1 7 0.390 0.390 0.077000 0.277 0 1 0 0
 41 4728.440 3278.145 -11 7 0.390 0.390 0.077000 0.277 0 1 0 0;
TiffFileName 195J64_195J64-@14_3039M2DM.001_00017.jpg;
DefectList
 42 1105.831 3256.675 -7 6 0.390 0.390 0.036000 0.190 80 1 1 1 1 106;
TiffFileName 195J64_195J64-@14_3039M2DM.001_00018.jpg;
DefectList
 43 1573.196 632.904 -17 6 0.390 0.390 0.119000 0.344 80 1 1 1 1 106;
TiffFileName 195J64_195J64-@14_3039M2DM.001_00019.jpg;
DefectList
 44 3804.147 3570.891 -7 5 0.390 0.390 0.119000 0.344 80 1 1 1 1 106;
TiffFileName 195J64_195J64-@14_3039M2DM.001_00020.jpg;
DefectList
 45 87.641 4146.698 -17 5 0.390 0.390 0.108000 0.327 80 1 1 1 1 106
 46 4508.169 2462.606 -6 5 0.390 0.390 0.210000 0.390 0 1 0 0;
TiffFileName 195J64_195J64-@14_3039M2DM.001_00021.jpg;
DefectList
 47 220.223 193.938 -3 5 0.390 0.390 0.225000 0.390 77 1 1 1 1 106
 48 3927.773 3786.894 -3 4 0.390 0.390 0.181000 0.390 0 1 0 0
 49 4731.759 3278.802 -13 4 0.390 0.390 0.051000 0.226 0 1 0 0
 50 4758.689 3278.802 -13 4 1.951 0.390 0.051000 0.226 0 1 0 0
 51 4710.792 3278.802 -9 4 0.390 0.390 0.059000 0.243 0 1 0 0
 52 1494.144 2887.837 11 4 0.390 0.390 0.210000 0.390 0 1 0 0
 53 836.780 3308.415 18 3 3.122 0.390 0.168000 0.390 0 1 0 0
 54 1222.774 2220.667 -1 3 1.561 1.561 1.222000 1.105 0 1 0 0
 55 2715.257 300.707 -5 3 0.390 0.390 0.130000 0.360 0 1 0 0
 56 3706.216 2806.319 -8 2 0.390 0.390 0.059000 0.243 0 1 0 0
 57 4037.445 2765.134 -3 2 1.561 1.951 0.195000 0.442 0 1 0 0
 58 2512.784 2132.487 9 2 0.390 0.390 0.068000 0.260 0 1 0 0
 59 3743.186 2887.128 -11 1 0.390 0.390 0.168000 0.390 0 1 0 0
 60 2863.126 3516.598 -6 0 2.731 3.123 0.087000 0.294 0 1 0 0
 61 2911.659 2816.094 2 0 0.390 0.390 0.030000 0.172 0 1 0 0;
TiffFileName 195J64_195J64-@14_3039M2DM.001_00022.jpg;
DefectList
 62 2529.644 1788.462 -1 0 0.390 0.390 0.044000 0.208 80 1 1 1 1 106
 63 3253.884 2115.670 19 -1 0.390 0.390 0.097000 0.311 0 1 0 0
 64 3320.618 2337.014 19 -1 0.390 0.390 0.087000 0.294 0 1 0 0;
TiffFileName 195J64_195J64-@14_3039M2DM.001_00023.jpg;
DefectList
 65 2002.038 2126.601 -18 -1 0.390 0.390 0.119000 0.344 80 1 1 1 1 106
 66 3752.352 1582.468 19 -1 0.390 0.390 0.077000 0.277 0 1 0 0
 67 3235.540 613.494 19 -1 0.390 0.390 0.119000 0.344 0 1 0 0
 68 1518.225 2892.953 -9 -2 0.390 0.390 0.210000 0.390 0 1 0 0
 69 2481.975 2874.995 -18 -2 0.390 0.390 0.108000 0.327 0 1 0 0
 70 2347.725 2861.722 -18 -2 0.390 0.390 0.119000 0.344 0 1 0 0
 71 2199.811 2885.145 -18 -2 0.390 0.390 0.119000 0.344 0 1 0 0
 72 2412.563 2884.755 19 -2 0.390 0.390 0.119000 0.344 0 1 0 0
 73 3162.946 2119.980 19 -2 0.390 0.390 0.097000 0.311 0 1 0 0
 74 2026.038 2106.707 -18 -2 0.390 0.390 0.108000 0.327 0 1 0 0
 75 3472.432 871.995 9 -2 0.390 0.390 0.181000 0.390 0 1 0 0
 76 1567.084 609.465 -18 -2 0.390 0.390 0.119000 0.344 0 1 0 0
 77 3220.366 395.233 -18 -2 0.390 0.390 0.077000 0.277 0 1 0 0
 78 1784.949 3574.654 -3 -3 0.390 0.390 0.155000 0.390 0 1 0 0;
TiffFileName 195J64_195J64-@14_3039M2DM.001_00024.jpg;
DefectList
 79 1196.246 3596.905 6 -3 0.390 0.390 0.210000 0.390 80 1 1 1 1 106
 80 4461.516 3379.909 -3 -3 0.390 0.390 0.036000 0.190 0 1 0 0
 81 2215.030 2885.301 -18 -3 0.390 0.390 0.130000 0.360 0 1 0 0;
TiffFileName 195J64_195J64-@14_3039M2DM.001_00025.jpg;
DefectList
 82 2907.655 2078.583 -18 -3 0.390 0.390 0.087000 0.294 80 1 1 1 1 106
 83 3930.259 412.746 -13 -3 17.562 10.930 89.348000 9.452 0 1 0 0
 84 1571.626 633.310 19 -3 0.390 0.390 0.119000 0.344 80 1 0 0;
TiffFileName 195J64_195J64-@14_3039M2DM.001_00026.jpg;
DefectList
 85 3924.314 399.902 -13 -3 2.341 3.903 8.222000 2.341 13 1 1 1 1 106
 86 3920.017 395.608 -13 -3 0.780 0.390 0.142000 0.377 0 1 0 0
 87 1588.001 262.364 0 -4 0.390 0.390 0.036000 0.190 0 1 0 0
 88 4199.695 3467.510 -6 -5 4.292 1.171 1.688000 1.171 0 1 0 0
 89 4195.402 3461.459 -6 -5 3.512 5.465 0.465000 0.681 0 1 0 0;
TiffFileName 195J64_195J64-@14_3039M2DM.001_00027.jpg;
DefectList
 90 4213.159 3470.439 -6 -5 1.561 3.123 0.273000 0.522 80 1 1 1 1 106
 91 4219.208 3469.658 -6 -5 1.170 1.561 0.181000 0.425 0 1 0 0
 92 3096.091 3574.669 0 -5 0.390 0.390 0.108000 0.327 0 1 0 0;
TiffFileName 195J64_195J64-@14_3039M2DM.001_00028.jpg;
DefectList
 93 2923.672 2303.191 -4 -5 0.390 0.390 0.059000 0.243 80 1 1 1 1 106
 94 1208.750 2548.740 0 -5 0.390 0.390 0.044000 0.208 80 1 0 0
 95 3006.074 877.390 13 -5 0.390 0.390 0.036000 0.190 0 1 0 0
 96 2026.072 4008.895 -5 -6 0.390 0.390 0.130000 0.360 0 1 0 0
 97 4865.217 3910.911 18 -6 0.390 0.780 0.051000 0.226 80 1 0 0
 98 1543.080 2773.434 2 -6 0.390 0.390 0.051000 0.226 80 1 0 0
 99 4710.537 888.196 5 -6 0.390 0.390 0.225000 0.390 0 1 0 0
 100 4692.429 3629.166 -7 -7 0.390 0.390 0.097000 0.311 0 1 0 0
 101 4732.042 3629.166 -7 -7 0.390 0.390 0.108000 0.327 80 1 0 0
 102 4739.651 3629.166 -7 -7 0.390 0.390 0.097000 0.311 0 1 0 0
 103 4759.558 3629.166 -7 -7 0.390 0.390 0.108000 0.327 0 1 0 0
 104 3984.793 3571.781 -3 -7 0.390 0.390 0.210000 0.390 0 1 0 0
 105 4736.451 3629.166 -3 -7 0.390 0.390 0.097000 0.311 80 1 0 0
 106 4704.200 3275.164 -15 -7 0.780 0.390 0.097000 0.311 0 1 0 0
 107 4689.568 3275.164 -15 -7 3.512 0.390 0.087000 0.294 80 1 0 0
 108 2804.951 967.037 0 -7 0.390 0.390 0.036000 0.190 80 1 0 0
 109 486.147 3531.182 -9 -8 0.390 0.390 0.108000 0.327 80 1 0 0
 110 4482.854 4038.673 -7 -8 0.390 0.390 0.097000 0.311 0 1 0 0
 111 3304.443 203.682 -2 -8 0.390 0.390 0.051000 0.226 0 1 0 0
 112 3033.280 3962.144 -6 -10 0.390 0.390 0.181000 0.390 0 1 0 0
 113 1596.572 3075.288 6 -10 3.122 2.342 5.735000 2.342 0 1 0 0
 114 4710.432 3274.772 -9 -10 0.390 0.390 0.051000 0.226 0 1 0 0
 115 4109.692 1356.401 17 -10 0.390 0.390 0.119000 0.344 0 1 0 0
 116 3417.247 640.444 17 -10 0.390 0.390 0.119000 0.344 0 1 0 0
 117 1477.142 3587.254 -4 -11 0.390 0.390 0.195000 0.390 80 1 0 0
 118 2955.653 3819.531 17 -11 0.390 1.561 0.119000 0.344 0 1 0 0
 119 2961.317 3823.629 17 -11 3.122 2.732 0.181000 0.425 0 1 0 0
 120 2960.536 3812.113 17 -11 1.561 2.342 0.443000 0.665 0 1 0 0
 121 3901.473 2104.910 17 -11 0.390 0.390 0.142000 0.377 0 1 0 0
 122 3275.286 612.340 17 -11 1.951 0.390 0.119000 0.344 0 1 0 0
 123 2376.518 2546.646 6 -12 0.390 0.390 0.030000 0.172 0 1 0 0
 124 1566.341 607.154 -15 -12 0.390 0.390 0.108000 0.327 80 1 0 0
 125 3917.867 3815.268 -3 -13 0.390 0.390 0.168000 0.390 80 1 0 0
 126 1212.071 3590.409 0 -13 0.390 0.390 0.195000 0.390 0 1 0 0
 127 1745.474 2109.580 -15 -13 0.390 0.390 0.119000 0.344 0 1 0 0
 128 2003.247 2124.412 -15 -13 0.390 0.390 0.108000 0.327 80 1 0 0
 129 1577.440 631.092 16 -13 0.390 0.390 0.119000 0.344 0 1 0 0
 130 4739.582 3274.804 -3 -14 0.390 0.390 0.068000 0.260 0 1 0 0;
TiffFileName 195J64_195J64-@14_3039M2DM.001_00029.jpg;
DefectList
 131 4731.581 3274.804 -3 -14 0.390 0.390 0.068000 0.260 80 1 1 1 1 106
 132 201.005 3154.566 -6 -14 0.390 0.390 0.077000 0.277 0 1 0 0;
TiffFileName 195J64_195J64-@14_3039M2DM.001_00030.jpg;
DefectList
 133 176.419 3199.851 -6 -14 0.390 0.390 0.068000 0.260 80 1 1 1 1 106
 134 4739.659 3274.804 -7 -14 0.390 0.390 0.068000 0.260 0 1 0 0;
TiffFileName 195J64_195J64-@14_3039M2DM.001_00031.jpg;
DefectList
 135 4731.464 3274.804 -7 -14 0.390 0.390 0.077000 0.277 80 1 1 1 1 106
 136 4705.511 3274.804 -7 -14 0.390 0.390 0.068000 0.260 0 1 0 0
 137 4731.541 3274.804 -11 -14 0.390 0.390 0.087000 0.294 0 1 0 0
 138 1794.708 1175.906 12 -14 1.170 5.855 0.290000 0.538 0 1 0 0
 139 1787.486 1177.273 12 -14 0.390 1.561 0.097000 0.311 80 1 0 0
 140 1789.829 1176.101 12 -14 0.390 0.390 0.036000 0.190 0 1 0 0
 141 1573.054 630.843 -14 -14 0.390 0.390 0.108000 0.327 0 1 0 0
 142 3614.350 3505.622 1 -15 0.390 0.390 0.044000 0.208 80 1 0 0
 143 2304.001 1017.192 12 -15 0.390 0.390 0.036000 0.190 0 1 0 0
 144 2712.868 3594.564 -1 -16 0.390 0.390 0.168000 0.390 80 1 0 0
 145 1752.513 2123.759 14 -16 0.390 0.390 0.130000 0.360 0 1 0 0
 146 2908.627 2075.740 -13 -16 0.390 0.390 0.087000 0.294 0 1 0 0
 147 369.133 1212.307 -12 -17 0.390 0.390 0.068000 0.260 80 1 0 0
 148 3625.832 1387.589 13 -17 0.390 0.390 0.059000 0.243 0 1 0 0
 149 3272.480 630.793 11 -18 0.390 0.390 0.097000 0.311 0 1 0 0
 150 259.211 1214.593 -4 -21 0.390 0.390 0.168000 0.390 80 1 0 0
 151 3259.014 1390.094 6 -22 1.561 0.390 0.044000 0.208 80 1 0 0;
SummarySpec 5
  TESTNO    NDEFECT    DEFDENSITY    NDIE    NDEFDIE  ;
SummaryList 
  1    151    6.1330002546e-01    1288    682  ;
EndOfFile;
