FileVersion 1 2;
FileTimestamp 10-01-26 09:00:00;
InspectionStationID "SYNTH" "AOI" "AOI01";
SampleType WAFER;
ResultTimestamp 10-01-26 09:00:00;
LotID "HS2617B_TBDB";
SampleSize 1 300;
DeviceID "OMM_Hybrid";
SetupID "OMM_Hybrid_TBDB" 10-01-26 09:00:00;
StepID "OMM_Hybrid_TBDB_SYNTH";
SampleOrientationMarkType NOTCH;
OrientationMarkLocation DOWN;
DiePitch 2.3834000000e+04 3.0060000000e+04;
DieOrigin 0.0000000000e+00 0.0000000000e+00;
WaferID "XD074.01";
Slot 1;
SampleCenterLocation 1.1917000000e+04 1.5030000000e+04;
ClassLookup 4
  1 "FineBin 1"
  2 "FineBin 2"
  3 "FineBin 3"
  4 "FineBin 4" ;
InspectionTest 3;
SampleTestPlan 26
  -3 3
  -2 3
  -1 3
  0 3
  1 3
  2 3
  -5 1
  -1 1
  0 1
  4 1
  -5 0
  -2 0
  -1 0
  0 0
  1 0
  4 0
  -5 -1
  -1 -1
  0 -1
  4 -1
  -3 -3
  -2 -3
  -1 -3
  0 -3
  1 -3
  2 -3;
AreaPerTest 1.8627701040e+10;
DefectRecordSpec 17 DEFECTID XREL YREL XINDEX YINDEX XSIZE YSIZE DEFECTAREA DSIZE CLASSNUMBER TEST CLUSTERNUMBER ROUGHBINNUMBER FINEBINNUMBER REVIEWSAMPLE IMAGECOUNT IMAGELIST ;
DefectList
 1 17971.223 7112.972 -3 3 6.924 6.924 47.942 6.924 1 3 0 1 1 0 0 0
 2 17835.135 11423.636 -3 3 9.621 9.621 92.564 9.621 3 3 0 3 3 0 0 0
 3 5836.334 5828.571 -3 3 32.998 32.998 1088.868 32.998 1 3 0 1 1 0 0 0
 4 16242.237 21221.809 -3 3 12.674 12.674 160.630 12.674 3 3 0 3 3 0 0 0
 5 4992.241 10723.883 -3 3 37.911 37.911 1437.244 37.911 4 3 0 4 4 0 0 0
 6 8765.751 18856.888 -3 3 33.409 33.409 1116.161 33.409 1 3 0 1 1 0 0 0
 7 5220.893 5026.680 -3 3 14.721 14.721 216.708 14.721 3 3 0 3 3 0 0 0
 8 2779.988 13762.631 -3 3 11.371 11.371 129.300 11.371 3 3 0 3 3 0 0 0
 9 4683.952 19761.370 -3 3 29.241 29.241 855.036 29.241 4 3 0 4 4 0 0 0
 10 19375.517 4578.743 -2 3 37.480 37.480 1404.750 37.480 1 3 0 1 1 0 0 0
 11 21805.888 12177.470 -2 3 32.632 32.632 1064.847 32.632 1 3 0 1 1 0 0 0
 12 14923.349 28153.610 -2 3 12.672 12.672 160.580 12.672 1 3 0 1 1 0 0 0
 13 20638.395 12198.540 -1 3 27.209 27.209 740.330 27.209 3 3 0 3 3 0 0 0
 14 16546.363 17381.343 -1 3 10.231 10.231 104.673 10.231 3 3 0 3 3 0 0 0
 15 16293.952 14447.534 -1 3 10.276 10.276 105.596 10.276 1 3 0 1 1 0 0 0
 16 12891.711 26299.497 0 3 8.774 8.774 76.983 8.774 3 3 0 3 3 0 0 0
 17 12106.633 9594.721 0 3 14.913 14.913 222.398 14.913 3 3 0 3 3 0 0 0
 18 12928.758 12005.737 0 3 17.773 17.773 315.880 17.773 3 3 0 3 3 0 0 0
 19 18759.186 7561.390 1 3 5.219 5.219 27.238 5.219 4 3 0 4 4 0 0 0
 20 17097.456 26582.855 1 3 33.109 33.109 1096.206 33.109 1 3 0 1 1 0 0 0
 21 21904.933 22305.835 1 3 36.536 36.536 1334.879 36.536 1 3 0 1 1 0 0 0
 22 3142.433 22859.025 2 3 25.582 25.582 654.439 25.582 3 3 0 3 3 0 0 0
 23 3745.309 15963.458 2 3 16.618 16.618 276.158 16.618 3 3 0 3 3 0 0 0
 24 13565.913 25566.825 2 3 17.396 17.396 302.621 17.396 3 3 0 3 3 0 0 0
 25 14016.839 23131.066 2 3 18.207 18.207 331.495 18.207 1 3 0 1 1 0 0 0
 26 14272.348 3865.064 2 3 10.572 10.572 111.767 10.572 4 3 0 4 4 0 0 0
 27 6280.559 13293.571 2 3 12.564 12.564 157.854 12.564 3 3 0 3 3 0 0 0
 28 2478.932 22005.697 -5 1 21.702 21.702 470.977 21.702 1 3 0 1 1 0 0 0
 29 2876.665 19762.832 -5 1 10.596 10.596 112.275 10.596 3 3 0 3 3 0 0 0
 30 8314.534 7872.768 -5 1 5.090 5.090 25.908 5.090 3 3 0 3 3 0 0 0
 31 21616.377 9571.514 -1 1 31.094 31.094 966.837 31.094 1 3 0 1 1 0 0 0
 32 19319.187 8601.992 -1 1 33.017 33.017 1090.122 33.017 3 3 0 3 3 0 0 0
 33 20604.644 20998.565 -1 1 5.644 5.644 31.855 5.644 1 3 0 1 1 0 0 0
 34 19548.101 4372.253 0 1 14.498 14.498 210.192 14.498 1 3 0 1 1 0 0 0
 35 19112.621 20303.574 0 1 10.772 10.772 116.036 10.772 4 3 0 4 4 0 0 0
 36 683.866 18259.613 0 1 8.372 8.372 70.090 8.372 1 3 0 1 1 0 0 0
 37 3944.381 18353.161 0 1 11.296 11.296 127.600 11.296 4 3 0 4 4 0 0 0
 38 10557.726 18057.555 0 1 27.181 27.181 738.807 27.181 4 3 0 4 4 0 0 0
 39 18434.921 23233.830 0 1 25.542 25.542 652.394 25.542 1 3 0 1 1 0 0 0
 40 16125.830 15595.479 4 1 12.756 12.756 162.716 12.756 1 3 0 1 1 0 0 0
 41 22396.861 27738.256 4 1 33.983 33.983 1154.844 33.983 3 3 0 3 3 0 0 0
 42 1678.457 11258.271 4 1 8.720 8.720 76.038 8.720 1 3 0 1 1 0 0 0
 43 19367.757 4780.107 4 1 5.831 5.831 34.001 5.831 3 3 0 3 3 0 0 0
 44 16318.235 5810.766 4 1 32.625 32.625 1064.391 32.625 3 3 0 3 3 0 0 0
 45 17741.163 12478.459 4 1 19.036 19.036 362.369 19.036 1 3 0 1 1 0 0 0
 46 20777.652 24748.475 4 1 17.252 17.252 297.632 17.252 3 3 0 3 3 0 0 0
 47 23030.454 27704.967 4 1 27.077 27.077 733.164 27.077 1 3 0 1 1 0 0 0
 48 21753.609 3883.182 4 1 15.997 15.997 255.904 15.997 1 3 0 1 1 0 0 0
 49 9668.530 3765.765 4 1 34.787 34.787 1210.135 34.787 4 3 0 4 4 0 0 0
 50 15749.764 4222.220 4 1 7.795 7.795 60.762 7.795 3 3 0 3 3 0 0 0
 51 16042.912 28263.469 4 1 22.248 22.248 494.974 22.248 1 3 0 1 1 0 0 0
 52 806.919 6677.319 4 1 25.286 25.286 639.382 25.286 3 3 0 3 3 0 0 0
 53 20616.114 14577.670 4 1 9.772 9.772 95.492 9.772 3 3 0 3 3 0 0 0
 54 20017.608 17477.541 4 1 29.022 29.022 842.276 29.022 4 3 0 4 4 0 0 0
 55 18158.917 9294.047 4 1 21.065 21.065 443.734 21.065 4 3 0 4 4 0 0 0
 56 2192.064 9038.175 -5 0 38.816 38.816 1506.682 38.816 2 3 0 2 2 0 0 0
 57 2949.997 9661.466 -5 0 11.516 11.516 132.618 11.516 3 3 0 3 3 0 0 0
 58 2469.253 11881.699 -5 0 16.695 16.695 278.723 16.695 1 3 0 1 1 0 0 0
 59 16146.738 20070.630 -2 0 24.815 24.815 615.784 24.815 4 3 0 4 4 0 0 0
 60 11036.062 29088.762 -2 0 10.325 10.325 106.606 10.325 4 3 0 4 4 0 0 0
 61 3411.955 12061.372 -2 0 13.573 13.573 184.226 13.573 3 3 0 3 3 0 0 0
 62 20763.172 5199.979 -1 0 8.058 8.058 64.931 8.058 3 3 0 3 3 0 0 0
 63 20898.299 15215.672 -1 0 17.956 17.956 322.418 17.956 3 3 0 3 3 0 0 0
 64 19941.667 20365.960 -1 0 26.272 26.272 690.218 26.272 1 3 0 1 1 0 0 0
 65 1327.381 19110.093 0 0 26.328 26.328 693.164 26.328 4 3 0 4 4 0 0 0
 66 13455.254 9382.931 0 0 15.474 15.474 239.445 15.474 3 3 0 3 3 0 0 0
 67 8499.222 10878.700 0 0 6.017 6.017 36.204 6.017 3 3 0 3 3 0 0 0
 68 18704.292 27606.641 1 0 33.043 33.043 1091.840 33.043 3 3 0 3 3 0 0 0
 69 11129.789 28690.918 1 0 7.307 7.307 53.392 7.307 1 3 0 1 1 0 0 0
 70 6901.397 14003.640 1 0 13.924 13.924 193.878 13.924 3 3 0 3 3 0 0 0
 71 20157.772 11750.927 1 0 33.259 33.259 1106.161 33.259 3 3 0 3 3 0 0 0
 72 5847.823 28836.683 1 0 28.493 28.493 811.851 28.493 4 3 0 4 4 0 0 0
 73 22231.665 1032.399 1 0 31.577 31.577 997.107 31.577 4 3 0 4 4 0 0 0
 74 6741.059 2030.832 1 0 5.303 5.303 28.122 5.303 3 3 0 3 3 0 0 0
 75 15033.235 16220.060 1 0 10.148 10.148 102.982 10.148 3 3 0 3 3 0 0 0
 76 1269.579 24872.937 4 0 8.759 8.759 76.720 8.759 1 3 0 1 1 0 0 0
 77 10530.059 10829.372 4 0 38.740 38.740 1500.788 38.740 1 3 0 1 1 0 0 0
 78 14311.834 4641.453 4 0 9.394 9.394 88.247 9.394 3 3 0 3 3 0 0 0
 79 949.273 25252.255 -5 -1 39.143 39.143 1532.174 39.143 1 3 0 1 1 0 0 0
 80 5660.310 9186.616 -5 -1 23.550 23.550 554.603 23.550 1 3 0 1 1 0 0 0
 81 20574.436 9826.470 -5 -1 28.046 28.046 786.578 28.046 1 3 0 1 1 0 0 0
 82 8035.107 7014.440 -1 -1 37.181 37.181 1382.427 37.181 1 3 0 1 1 0 0 0
 83 13723.553 15027.040 -1 -1 22.106 22.106 488.675 22.106 4 3 0 4 4 0 0 0
 84 2286.129 4359.982 -1 -1 8.593 8.593 73.840 8.593 1 3 0 1 1 0 0 0
 85 17245.986 15809.765 0 -1 17.002 17.002 289.068 17.002 1 3 0 1 1 0 0 0
 86 16684.620 1607.618 0 -1 23.161 23.161 536.432 23.161 3 3 0 3 3 0 0 0
 87 4172.052 13075.978 0 -1 29.577 29.577 874.799 29.577 4 3 0 4 4 0 0 0
 88 1673.248 21460.063 4 -1 29.674 29.674 880.546 29.674 2 3 0 2 2 0 0 0
 89 9163.421 25377.975 4 -1 11.122 11.122 123.699 11.122 1 3 0 1 1 0 0 0
 90 3828.233 21265.952 4 -1 5.583 5.583 31.170 5.583 3 3 0 3 3 0 0 0
 91 13621.967 23570.532 -3 -3 13.994 13.994 195.832 13.994 3 3 0 3 3 0 0 0
 92 19418.090 28876.019 -3 -3 34.857 34.857 1215.010 34.857 1 3 0 1 1 0 0 0
 93 10425.994 12810.300 -3 -3 5.880 5.880 34.574 5.880 1 3 0 1 1 0 0 0
 94 16769.845 11108.679 -2 -3 8.245 8.245 67.980 8.245 1 3 0 1 1 0 0 0
 95 8438.727 6361.713 -2 -3 29.202 29.202 852.757 29.202 3 3 0 3 3 0 0 0
 96 23243.450 2672.476 -1 -3 21.542 21.542 464.058 21.542 1 3 0 1 1 0 0 0
 97 9636.846 26457.237 -1 -3 26.765 26.765 716.365 26.765 4 3 0 4 4 0 0 0
 98 2482.380 19670.194 0 -3 18.039 18.039 325.406 18.039 1 3 0 1 1 0 0 0
 99 2915.921 12356.921 0 -3 25.720 25.720 661.518 25.720 1 3 0 1 1 0 0 0
 100 17299.678 10460.240 0 -3 15.341 15.341 235.346 15.341 3 3 0 3 3 0 0 0
 101 16849.064 3228.797 0 -3 23.579 23.579 555.969 23.579 1 3 0 1 1 0 0 0
 102 17695.833 17430.983 0 -3 33.577 33.577 1127.415 33.577 3 3 0 3 3 0 0 0
 103 19703.142 16070.009 0 -3 26.752 26.752 715.670 26.752 3 3 0 3 3 0 0 0
 104 16102.511 22955.718 0 -3 34.404 34.404 1183.635 34.404 4 3 0 4 4 0 0 0
 105 1785.839 28298.006 0 -3 36.446 36.446 1328.311 36.446 3 3 0 3 3 0 0 0
 106 5089.022 15181.312 1 -3 30.539 30.539 932.631 30.539 3 3 0 3 3 0 0 0
 107 14504.142 28348.753 1 -3 25.118 25.118 630.914 25.118 3 3 0 3 3 0 0 0
 108 21011.271 4738.251 2 -3 23.728 23.728 563.018 23.728 1 3 0 1 1 0 0 0
 109 16231.214 22497.498 2 -3 28.875 28.875 833.766 28.875 1 3 0 1 1 0 0 0;
SummarySpec 5 TESTNO NDEFECT DEFDENSITY NDIE NDEFDIE ;
SummaryList
 3 109 0.0 26 26;
EndOfFile;
