FileVersion 1 2;
FileTimestamp 07-09-19 14:28:37;
InspectionStationID "NONE" "2365 WITH 10.4 SW" "IPS205";
SampleType WAFER;
ResultTimestamp 06-02-19 10:50:25;
LotID "195J64";
SampleSize 1 200;
DeviceID "MA65";
SetupID "MA65_3039GCDM" 11-01-18 15:02:44;
StepID "3039GCDM";
SampleOrientationMarkType NOTCH;
OrientationMarkLocation DOWN;
DiePitch 5.0438820000e+03 4.2533320000e+03;
DieOrigin 0.0000000000e+00 0.0000000000e+00;
WaferID "@14";
Slot 14;
SampleCenterLocation 5.1854660000e+03 -1.9998830000e+03;
ClassLookup 74
  0 "Uncategorized"
  1 "Small PT"
  2 "Medium PT"
  3 "Large PT"
  4 "Polymer"
  5 "Flake PT"
  6 "Scratch"
  9 "Other Defect"
  10 "Other Residue"
  11 "Wet Residue"
  13 "W Residue"
  14 "PR Residue"
  15 "Liquid Mark"
  16 "Thread Defect"
  20 "Pits"
  22 "Pattern Deformed"
  23 "Defocus"
  24 "PR BUBBLE"
  25 "Crown Defect"
  27 "Bead Defect"
  30 "CMP Scratch"
  31 "Minor CMP Scratch"
  35 "Rip Out"
  40 "Protrusion"
  42 "Top Blocked"
  43 "Bottom Blocked"
  44 "Line broken"
  45 "Metal Corrosion"
  46 "Galvanic Corrosion"
  51 "PR Popping"
  52 "Salicide Bad"
  53 "STI Dimple"
  59 "W Void"
  60 "AA Dep PT"
  61 "GC Dep PT"
  62 "CVD Dep PT"
  63 "Metal Dep PT"
  73 "Cone Defect"
  74 "Metal Depression"
  77 "Underlayer"
  78 "NUISANCE/FALSE"
  79 "Metal Grain"
  80 "Don't Care/Minor"
  95 "Missing AI"
  99 "test2"
  100 "Cluster"
  101 "CU CMP Scratch"
  102 "CU Void"
  103 "2_PO Missing"
  104 "CU Pattern Open"
  105 "CU Remain"
  106 "Circle CU Remain"
  107 "CU CVD PT"
  108 "CU Eclips"
  109 "CU CMP Residue"
  110 "Minor CU CMP Scratch"
  111 "CMP PT"
  112 "CU SEAM PT"
  113 "CU Ox"
  114 "CU Pattern Open(Minor)"
  116 "1_PO Missing"
  117 "PAD Abnormality"
  150 "Guard Ring Circle Defect"
  151 "EBR Circle Defect"
  152 "PAD Hillock"
  153 "PAD Residue"
  154 "PAD Hole"
  155 "Color PR Residue"
  201 "Bin 1"
  202 "Bin 2"
  203 "Bin 3"
  204 "Bin 4"
  205 "Bin 5"
  206 "Bin 6"  ;
OrientationInstructions "";
InspectionTest 1;
SampleTestPlan 1287
  -18 -1 
  -17 1 
  -17 5 
  -16 -9 
  -16 1 
  -16 4 
  -15 -5 
  -15 -3 
  -15 -1 
  -14 -10 
  -14 -5 
  -14 2 
  -14 3 
  -13 -11 
  -13 8 
  -12 -11 
  -12 -10 
  -12 5 
  -12 12 
  -11 -13 
  -11 0 
  -11 12 
  -10 -10 
  -10 17 
  -9 -17 
  -9 3 
  -9 5 
  -9 12 
  -9 14 
  -8 -20 
  -8 -19 
  -8 -18 
  -8 -17 
  -8 -14 
  -8 -4 
  -8 5 
  -7 -16 
  -7 -8 
  -7 -5 
  -7 4 
  -7 12 
  -7 14 
  -6 -13 
  -6 -5 
  -6 1 
  -6 4 
  -6 13 
  -6 15 
  -6 18 
  -5 -17 
  -5 -8 
  -5 -6 
  -5 -2 
  -5 0 
  -5 11 
  -5 16 
  -4 -10 
  -4 -4 
  -4 11 
  -3 -11 
  -3 -10 
  -3 -6 
  -2 -19 
  -2 -5 
  -2 -3 
  -2 0 
  -2 6 
  -2 15 
  -1 -20 
  -1 -12 
  -1 -10 
  -1 4 
  -1 11 
  -1 17 
  0 -20 
  0 -19 
  0 -17 
  0 -10 
  0 -5 
  0 5 
  0 15 
  0 17 
  0 19 
  0 20 
  1 -13 
  1 -5 
  1 -1 
  1 11 
  1 15 
  1 18 
  2 -19 
  2 -17 
  2 -5 
  3 -7 
  3 16 
  3 20 
  4 -18 
  4 -14 
  4 17 
  5 -13 
  5 -12 
  5 -9 
  5 0 
  5 9 
  6 7 
  7 -16 
  7 -12 
  7 0 
  7 9 
  7 13 
  8 -20 
  8 -17 
  8 -16 
  8 -9 
  8 11 
  8 14 
  9 -9 
  9 13 
  10 -9 
  10 -3 
  10 0 
  10 6 
  10 8 
  10 12 
  11 -3 
  11 0 
  11 1 
  11 5 
  11 14 
  12 -7 
  12 14 
  13 -4 
  13 11 
  14 -16 
  14 -10 
  14 6 
  14 8 
  14 11 
  16 -12 
  17 -7 
  17 1 
  17 8 
  18 0 
  18 6 
  -17 -1 
  -17 3 
  -16 -1 
  -15 -4 
  -15 3 
  -15 5 
  -15 11 
  -14 -13 
  -14 -12 
  -14 -3 
  -14 -1 
  -14 7 
  -14 9 
  -13 -16 
  -13 -10 
  -13 1 
  -13 7 
  -13 10 
  -12 -17 
  -12 -8 
  -12 4 
  -12 14 
  -11 -18 
  -11 -17 
  -11 -8 
  -11 -3 
  -10 -16 
  -10 -12 
  -10 -11 
  -10 -5 
  -10 -4 
  -10 7 
  -10 8 
  -9 -13 
  -9 -11 
  -9 -8 
  -9 4 
  -9 8 
  -8 -7 
  -8 0 
  -8 9 
  -7 -21 
  -7 -20 
  -7 -13 
  -7 -9 
  -7 8 
  -6 -11 
  -6 -4 
  -6 8 
  -6 10 
  -6 11 
  -6 16 
  -6 19 
  -5 -18 
  -5 -16 
  -5 -14 
  -5 6 
  -5 7 
  -5 10 
  -5 13 
  -5 18 
  -4 -21 
  -4 -2 
  -4 2 
  -4 13 
  -3 -7 
  -3 1 
  -3 3 
  -3 5 
  -3 14 
  -2 -17 
  -2 17 
  -1 -9 
  -1 -4 
  -1 -3 
  -1 1 
  -1 2 
  -1 19 
  0 -6 
  0 4 
  0 6 
  0 10 
  0 16 
  1 -18 
  1 -8 
  1 0 
  1 7 
  1 17 
  1 19 
  1 20 
  2 -13 
  2 -11 
  2 -10 
  2 0 
  2 6 
  2 11 
  3 -22 
  3 -2 
  3 7 
  4 -6 
  4 1 
  4 2 
  4 10 
  4 20 
  5 -20 
  5 -19 
  5 -15 
  5 -14 
  5 -4 
  5 14 
  5 18 
  6 -10 
  6 -1 
  6 20 
  7 -20 
  7 -19 
  7 -13 
  7 -11 
  7 1 
  7 5 
  7 7 
  7 17 
  8 -7 
  8 -4 
  8 -1 
  8 1 
  8 3 
  8 16 
  8 18 
  9 -5 
  9 9 
  9 15 
  10 -18 
  10 -10 
  10 -7 
  10 -6 
  11 -19 
  11 -14 
  11 -11 
  11 -5 
  11 -4 
  11 7 
  11 16 
  11 17 
  12 -9 
  12 -6 
  12 -3 
  12 0 
  12 11 
  13 -9 
  13 -7 
  13 3 
  13 5 
  13 12 
  14 -9 
  14 -7 
  14 -5 
  14 -4 
  14 -1 
  14 3 
  15 -5 
  15 0 
  15 12 
  16 -11 
  16 -10 
  16 -8 
  16 4 
  16 5 
  16 7 
  17 4 
  17 9 
  18 2 
  18 3 
  18 4 
  19 -1 
  -17 -3 
  -16 -10 
  -16 -5 
  -16 -4 
  -16 3 
  -16 8 
  -15 -9 
  -15 7 
  -15 9 
  -14 -8 
  -14 0 
  -14 1 
  -13 -4 
  -13 4 
  -12 -13 
  -12 -2 
  -12 13 
  -11 -14 
  -11 -9 
  -11 -6 
  -11 -2 
  -11 15 
  -10 -17 
  -10 -1 
  -10 0 
  -10 1 
  -10 9 
  -10 13 
  -9 -16 
  -9 -9 
  -9 9 
  -9 10 
  -8 -16 
  -8 -10 
  -8 -6 
  -8 7 
  -8 11 
  -8 16 
  -7 -18 
  -7 -17 
  -7 -14 
  -7 -11 
  -7 -3 
  -6 -16 
  -6 -8 
  -6 -6 
  -6 -1 
  -6 9 
  -5 -10 
  -5 3 
  -5 12 
  -4 -15 
  -4 -13 
  -4 -9 
  -4 6 
  -4 18 
  -3 -15 
  -3 10 
  -3 11 
  -3 17 
  -3 18 
  -3 20 
  -2 -22 
  -2 -20 
  -2 -10 
  -2 -9 
  -2 14 
  -2 19 
  -1 -17 
  -1 7 
  -1 8 
  0 -21 
  0 -4 
  0 0 
  0 13 
  1 -3 
  1 10 
  1 16 
  2 -15 
  2 -6 
  2 2 
  2 13 
  2 14 
  3 -20 
  3 -5 
  3 11 
  3 15 
  3 18 
  3 19 
  4 -9 
  4 -7 
  4 -3 
  4 12 
  4 14 
  4 15 
  5 -22 
  5 -7 
  5 -6 
  5 -3 
  5 17 
  5 19 
  6 -17 
  6 -16 
  6 -8 
  6 -2 
  6 8 
  6 14 
  6 16 
  6 17 
  7 -18 
  7 -6 
  7 12 
  7 14 
  7 18 
  7 19 
  8 -19 
  8 -15 
  8 -8 
  8 0 
  8 6 
  9 -20 
  9 -18 
  9 -10 
  9 -8 
  9 -2 
  9 3 
  10 -17 
  10 -8 
  10 -2 
  10 15 
  11 -13 
  11 -10 
  11 12 
  12 -14 
  12 -13 
  12 9 
  12 10 
  12 15 
  13 -17 
  13 -13 
  13 -5 
  13 -3 
  13 2 
  13 4 
  13 8 
  14 -13 
  14 1 
  14 10 
  14 14 
  15 -2 
  15 -1 
  16 -6 
  16 -5 
  16 11 
  17 -6 
  18 -5 
  -18 -2 
  -17 2 
  -17 6 
  -16 7 
  -16 9 
  -15 -8 
  -15 4 
  -14 -4 
  -14 4 
  -13 -15 
  -13 -12 
  -13 -8 
  -13 -2 
  -13 5 
  -13 12 
  -12 -16 
  -12 -4 
  -12 8 
  -12 11 
  -11 -12 
  -11 4 
  -11 6 
  -11 7 
  -11 9 
  -10 -15 
  -10 -14 
  -10 5 
  -10 10 
  -10 11 
  -10 16 
  -9 -15 
  -9 -5 
  -8 -8 
  -8 -1 
  -8 17 
  -7 -7 
  -7 -4 
  -7 -1 
  -7 3 
  -7 11 
  -7 18 
  -6 -21 
  -6 -17 
  -6 -15 
  -6 -10 
  -6 -3 
  -5 -4 
  -5 -3 
  -5 15 
  -4 -17 
  -4 -11 
  -4 1 
  -4 3 
  -4 4 
  -4 7 
  -3 -21 
  -3 -1 
  -3 0 
  -3 2 
  -3 4 
  -3 6 
  -3 15 
  -2 -16 
  -2 -7 
  -2 1 
  -2 7 
  -2 13 
  -2 16 
  -1 -6 
  -1 3 
  -1 6 
  -1 9 
  0 -14 
  0 -11 
  0 -9 
  0 -8 
  0 1 
  0 3 
  0 11 
  1 -15 
  1 -7 
  1 -6 
  2 -18 
  2 -16 
  2 -9 
  2 -3 
  2 5 
  2 10 
  2 12 
  3 -21 
  3 -16 
  3 -15 
  3 -14 
  3 -11 
  3 -9 
  3 -3 
  3 3 
  3 5 
  3 9 
  4 -19 
  4 -15 
  4 3 
  4 7 
  4 11 
  5 -18 
  5 -17 
  5 -16 
  5 -1 
  5 5 
  5 8 
  5 12 
  6 -15 
  6 -14 
  6 -12 
  6 -11 
  6 3 
  6 6 
  6 11 
  7 -4 
  7 -3 
  7 2 
  7 10 
  7 11 
  7 15 
  8 -13 
  8 -5 
  8 -2 
  8 13 
  9 -13 
  9 14 
  9 18 
  10 -11 
  10 5 
  10 10 
  10 17 
  11 -8 
  11 6 
  11 8 
  11 10 
  11 13 
  12 -2 
  12 3 
  13 -16 
  13 0 
  13 1 
  13 7 
  13 9 
  14 -14 
  14 -12 
  14 -11 
  14 -3 
  15 -6 
  16 -13 
  16 -7 
  16 8 
  17 -10 
  17 -8 
  17 -2 
  17 0 
  17 5 
  18 -7 
  18 1 
  19 -2 
  19 0 
  -17 -7 
  -17 0 
  -15 -13 
  -15 -12 
  -15 -11 
  -15 -10 
  -15 -7 
  -15 0 
  -15 1 
  -14 -14 
  -14 -9 
  -14 -2 
  -14 12 
  -13 -6 
  -12 -9 
  -12 -6 
  -12 -1 
  -12 3 
  -11 -16 
  -11 -15 
  -11 -1 
  -10 4 
  -10 14 
  -9 -10 
  -9 -7 
  -9 -2 
  -8 -15 
  -8 -3 
  -8 1 
  -8 4 
  -8 10 
  -8 14 
  -7 9 
  -7 15 
  -6 -14 
  -6 -12 
  -6 0 
  -6 2 
  -6 14 
  -5 -12 
  -5 8 
  -5 9 
  -4 -14 
  -4 10 
  -4 14 
  -4 15 
  -4 19 
  -4 20 
  -3 -13 
  -3 -8 
  -3 13 
  -2 -21 
  -2 -18 
  -2 -11 
  -2 -6 
  -2 -2 
  -2 -1 
  -1 -16 
  -1 -14 
  -1 -7 
  -1 -5 
  -1 -2 
  -1 12 
  -1 13 
  -1 14 
  -1 18 
  -1 20 
  0 -16 
  0 -12 
  0 -2 
  0 -1 
  1 -14 
  1 2 
  1 4 
  1 5 
  1 8 
  2 -21 
  2 -8 
  2 -7 
  2 -4 
  2 15 
  3 -17 
  3 -12 
  3 -6 
  3 10 
  4 -20 
  4 -17 
  4 -11 
  4 -8 
  4 8 
  4 16 
  5 -11 
  5 1 
  5 2 
  5 4 
  5 11 
  6 -22 
  6 -7 
  6 -5 
  6 0 
  6 9 
  6 10 
  6 12 
  6 13 
  7 -15 
  7 6 
  8 -10 
  8 -3 
  8 7 
  8 15 
  9 -7 
  9 -4 
  9 -3 
  9 2 
  9 6 
  9 7 
  10 -13 
  10 -5 
  10 2 
  10 13 
  11 2 
  11 15 
  12 -15 
  12 -12 
  12 -10 
  12 -1 
  12 1 
  12 4 
  12 7 
  12 12 
  12 13 
  12 16 
  13 -14 
  13 -2 
  13 -1 
  13 13 
  13 14 
  13 15 
  14 -15 
  14 -8 
  14 -6 
  15 -10 
  15 -9 
  15 1 
  16 -3 
  16 -1 
  16 3 
  16 6 
  17 -4 
  18 -6 
  18 -3 
  18 5 
  -18 -3 
  -18 1 
  -17 -6 
  -17 -5 
  -16 -6 
  -15 -6 
  -15 6 
  -15 8 
  -14 -11 
  -14 -7 
  -14 -6 
  -14 8 
  -14 10 
  -13 -13 
  -13 -3 
  -13 0 
  -13 9 
  -13 11 
  -12 -15 
  -12 1 
  -11 -7 
  -11 13 
  -11 14 
  -11 16 
  -10 2 
  -10 3 
  -10 6 
  -10 15 
  -9 -19 
  -9 -18 
  -9 -12 
  -9 -3 
  -9 0 
  -9 6 
  -9 7 
  -9 13 
  -8 -13 
  -8 -5 
  -8 2 
  -8 15 
  -7 -12 
  -7 -2 
  -7 5 
  -7 6 
  -7 7 
  -7 13 
  -7 19 
  -6 -2 
  -6 5 
  -5 -22 
  -5 -19 
  -5 -11 
  -5 -9 
  -5 -5 
  -5 2 
  -5 4 
  -5 17 
  -5 19 
  -5 20 
  -4 -8 
  -4 17 
  -3 -20 
  -3 -19 
  -3 -17 
  -3 -12 
  -3 -2 
  -3 8 
  -3 16 
  -3 19 
  -2 -12 
  -2 -4 
  -2 2 
  -2 3 
  -2 4 
  -2 10 
  -2 11 
  -2 18 
  -1 -18 
  -1 -11 
  -1 0 
  -1 10 
  0 -15 
  1 -22 
  1 -21 
  1 1 
  1 6 
  1 9 
  1 12 
  1 13 
  2 -20 
  2 16 
  2 17 
  3 -18 
  3 -4 
  3 4 
  3 12 
  3 13 
  4 -10 
  4 -5 
  4 -2 
  4 13 
  5 -5 
  5 -2 
  5 3 
  5 6 
  5 10 
  5 15 
  6 -18 
  6 1 
  6 2 
  6 18 
  6 19 
  7 -9 
  7 8 
  8 -18 
  8 -14 
  8 19 
  9 -19 
  9 -16 
  9 -15 
  9 5 
  9 11 
  9 12 
  9 16 
  10 -19 
  10 -16 
  10 -4 
  10 14 
  10 16 
  11 -18 
  11 -16 
  11 -15 
  11 -7 
  11 -2 
  11 9 
  12 -16 
  12 -11 
  12 -4 
  13 -12 
  13 -8 
  13 10 
  14 12 
  14 13 
  15 -13 
  15 -8 
  15 -3 
  15 5 
  15 6 
  15 11 
  16 -2 
  16 0 
  16 9 
  17 -11 
  17 -9 
  17 -3 
  17 2 
  18 -8 
  18 -1 
  -18 0 
  -16 -8 
  -16 -3 
  -16 -2 
  -16 0 
  -16 2 
  -16 5 
  -15 2 
  -15 10 
  -14 5 
  -14 6 
  -14 11 
  -13 -9 
  -13 -5 
  -13 -1 
  -13 3 
  -13 14 
  -12 -14 
  -12 -12 
  -12 -5 
  -12 2 
  -12 10 
  -11 -11 
  -11 -5 
  -11 2 
  -11 10 
  -11 11 
  -10 -19 
  -10 -18 
  -10 -13 
  -10 -9 
  -10 -3 
  -10 12 
  -9 -14 
  -9 -6 
  -9 -4 
  -9 -1 
  -8 -9 
  -8 -2 
  -8 3 
  -8 6 
  -8 12 
  -8 13 
  -8 18 
  -7 -6 
  -7 0 
  -7 1 
  -7 10 
  -6 -19 
  -6 -18 
  -6 -9 
  -6 -7 
  -6 12 
  -5 -13 
  -5 -7 
  -5 5 
  -4 -16 
  -4 0 
  -4 8 
  -4 9 
  -4 12 
  -4 16 
  -3 -4 
  -3 -3 
  -3 9 
  -2 -15 
  -2 8 
  -1 -22 
  -1 -21 
  -1 -19 
  -1 -15 
  -1 -8 
  -1 15 
  0 -22 
  0 -18 
  0 -13 
  0 -3 
  0 2 
  0 9 
  0 12 
  0 14 
  0 18 
  1 -20 
  1 -19 
  1 -17 
  1 -12 
  1 -10 
  1 -9 
  1 -2 
  2 -12 
  2 -1 
  2 1 
  2 4 
  2 7 
  2 8 
  2 19 
  2 20 
  3 -19 
  3 -10 
  3 -8 
  3 1 
  3 6 
  3 14 
  4 -22 
  4 -21 
  4 -13 
  4 -12 
  4 -4 
  4 -1 
  4 6 
  4 9 
  4 18 
  4 19 
  5 -21 
  5 -10 
  5 -8 
  5 7 
  5 16 
  5 20 
  6 -21 
  6 -20 
  6 -9 
  6 -6 
  6 -4 
  6 4 
  6 15 
  7 -21 
  7 -17 
  7 -14 
  7 -8 
  7 -5 
  7 -1 
  8 -12 
  8 2 
  8 9 
  8 10 
  9 -17 
  9 -12 
  9 -11 
  9 -1 
  9 4 
  9 10 
  9 17 
  10 -15 
  10 1 
  10 4 
  10 11 
  11 -17 
  11 -1 
  11 3 
  11 4 
  12 -18 
  12 -17 
  12 -5 
  13 -11 
  13 6 
  14 2 
  14 4 
  14 7 
  15 -14 
  15 -11 
  15 -7 
  15 -4 
  15 2 
  15 4 
  15 8 
  15 9 
  15 10 
  16 -9 
  16 10 
  17 -5 
  17 -1 
  17 3 
  17 6 
  17 7 
  18 -4 
  19 -3 
  -17 -4 
  -17 -2 
  -17 4 
  -16 -7 
  -16 6 
  -15 -2 
  -13 -14 
  -13 -7 
  -13 2 
  -13 6 
  -13 13 
  -12 -7 
  -12 -3 
  -12 0 
  -12 6 
  -12 7 
  -12 9 
  -11 -10 
  -11 -4 
  -11 1 
  -11 3 
  -11 5 
  -11 8 
  -10 -8 
  -10 -7 
  -10 -6 
  -10 -2 
  -9 1 
  -9 2 
  -9 11 
  -9 15 
  -9 16 
  -9 17 
  -8 -12 
  -8 -11 
  -8 8 
  -7 -19 
  -7 -15 
  -7 -10 
  -7 2 
  -7 16 
  -7 17 
  -6 -20 
  -6 3 
  -6 6 
  -6 7 
  -6 17 
  -5 -21 
  -5 -20 
  -5 -15 
  -5 -1 
  -5 1 
  -5 14 
  -4 -22 
  -4 -20 
  -4 -19 
  -4 -18 
  -4 -12 
  -4 -7 
  -4 -6 
  -4 -5 
  -4 -3 
  -4 -1 
  -4 5 
  -3 -22 
  -3 -18 
  -3 -16 
  -3 -14 
  -3 -9 
  -3 -5 
  -3 7 
  -3 12 
  -2 -14 
  -2 -13 
  -2 -8 
  -2 5 
  -2 9 
  -2 12 
  -2 20 
  -1 -13 
  -1 -1 
  -1 5 
  -1 16 
  0 -7 
  0 7 
  0 8 
  1 -16 
  1 -11 
  1 -4 
  1 3 
  1 14 
  2 -22 
  2 -14 
  2 -2 
  2 3 
  2 9 
  2 18 
  3 -13 
  3 -1 
  3 0 
  3 2 
  3 8 
  3 17 
  4 -16 
  4 0 
  4 4 
  4 5 
  5 13 
  6 -19 
  6 -13 
  6 -3 
  6 5 
  7 -10 
  7 -7 
  7 -2 
  7 3 
  7 4 
  7 16 
  8 -21 
  8 -11 
  8 -6 
  8 4 
  8 5 
  8 8 
  8 12 
  8 17 
  9 -14 
  9 -6 
  9 0 
  9 1 
  9 8 
  10 -14 
  10 -12 
  10 -1 
  10 3 
  10 7 
  10 9 
  11 -12 
  11 -9 
  11 -6 
  11 11 
  12 -8 
  12 2 
  12 5 
  12 6 
  12 8 
  13 -15 
  13 -10 
  13 -6 
  14 -2 
  14 0 
  14 5 
  14 9 
  15 -12 
  15 3 
  15 7 
  16 -4 
  16 1 
  16 2 
  18 -2 
  19 1 ;
AreaPerTest 2.3166898976e+10;
DefectRecordSpec 13 DEFECTID XREL YREL XINDEX YINDEX XSIZE YSIZE DEFECTAREA DSIZE CLASSNUMBER TEST IMAGECOUNT IMAGELIST ;
DefectList
 1 493.476 3329.323 -3 20 0.780 0.779 0.118105 0.780 0 1 0 0
 2 175.040 3707.616 -3 20 1.170 0.779 0.217123 1.170 0 1 0 0
 3 2031.445 3682.266 -2 20 0.390 0.779 0.105579 0.779 0 1 0 0
 4 719.872 3726.336 -2 20 1.170 1.559 0.348351 1.559 0 1 0 0
 5 3349.258 3889.158 -1 20 0.390 0.389 0.075754 0.390 0 1 0 0
 6 2296.645 3760.070 -1 20 1.170 1.169 0.217719 1.170 0 1 0 0
 7 2085.850 3967.741 -1 20 0.780 0.779 0.138982 0.780 0 1 0 0
 8 1852.400 3228.411 0 20 0.780 0.779 0.125860 0.780 0 1 0 0
 9 381.121 3038.094 -2 20 0.390 0.779 0.094842 0.779 0 1 0 0
 10 2765.977 2681.640 -3 20 1.170 0.779 0.180737 1.170 0 1 0 0
 11 4743.673 2776.604 -4 20 0.390 0.389 0.107368 0.390 0 1 0 0
 12 440.436 2101.164 -2 20 0.780 0.779 0.146737 0.780 0 1 0 0
 13 1209.093 1598.489 4 20 0.390 0.389 0.083509 0.390 0 1 0 0
 14 3267.907 1521.856 1 20 1.170 0.779 0.156281 1.170 0 1 0 0
 15 848.180 299.976 2 20 0.390 0.389 0.045930 0.390 0 1 0 0
 16 3335.413 408.394 -4 20 0.780 0.389 0.076351 0.780 0 1 0 0
 17 415.636 3199.735 -3 19 0.780 0.389 0.094842 0.780 0 1 0 0
 18 889.292 1188.665 0 19 1.170 0.779 0.182526 1.170 0 1 0 0
 19 3254.292 574.266 5 19 0.780 0.389 0.097825 0.780 0 1 0 0
 20 4807.827 3151.712 -5 18 3.120 9.359 9.825997 9.359 0 1 0 0
 21 2423.750 3156.976 3 18 3.120 2.729 1.357017 3.120 0 1 0 0
 22 257.490 3237.900 8 18 53.431 60.839 1521.052160 60.839 0 1 0 0
 23 2801.501 1781.832 5 18 0.780 0.389 0.113930 0.780 0 1 0 0
 24 2313.609 3832.320 2 17 0.780 0.779 0.100807 0.780 0 1 0 0
 25 4632.556 1953.653 -9 17 1.560 0.779 0.554737 1.560 0 1 0 0
 26 3996.625 1165.270 11 17 2.340 10.919 3.553894 10.919 0 1 0 0
 27 2303.469 697.550 1 17 1.560 1.169 0.386526 1.560 0 1 0 0
 28 4386.466 667.325 -1 17 0.780 0.779 0.130035 0.780 0 1 0 0
 29 911.912 1158.278 -7 16 1.170 2.339 0.454526 2.339 0 1 0 0
 30 3996.040 1165.103 12 16 3.510 12.089 5.340384 12.089 0 1 0 0
 31 4399.335 820.095 8 16 1.560 0.779 0.293474 1.560 0 1 0 0
 32 3651.899 500.106 0 16 0.390 50.309 17.948416 50.309 0 1 0 0
 33 2176.914 3545.079 11 15 1.950 2.339 0.700280 2.339 0 1 0 0
 34 2920.842 1957.027 -4 15 0.780 0.389 0.088877 0.780 0 1 0 0
 35 2485.794 3479.353 10 14 0.390 0.389 0.060842 0.390 0 1 0 0
 36 4787.386 3469.993 5 14 44.461 10.529 311.663584 44.461 0 1 0 0
 37 3791.713 3825.667 6 14 0.780 0.389 0.072772 0.780 0 1 0 0
 38 1153.552 3459.463 6 14 0.390 1.169 0.209368 1.169 0 1 0 0
 39 4803.572 3586.796 -3 14 12.090 16.379 76.661024 16.379 0 1 0 0
 40 4788.362 3470.188 -3 14 42.511 8.579 161.535728 42.511 0 1 0 0
 41 4801.817 3351.045 -3 14 15.600 12.869 89.285760 15.600 0 1 0 0
 42 4800.451 3586.796 1 14 18.330 17.159 96.282600 18.330 0 1 0 0
 43 4788.750 3469.993 1 14 41.731 9.749 221.617296 41.731 0 1 0 0
 44 4804.351 3351.435 1 14 10.530 12.089 27.291850 12.089 0 1 0 0
 45 4773.930 3589.721 1 14 18.330 6.629 3.242525 18.330 0 1 0 0
 46 4770.615 3350.265 1 14 9.360 5.069 12.951610 9.360 0 1 0 0
 47 4794.568 3150.491 -11 14 3.900 6.629 3.899262 6.629 0 1 0 0
 48 4806.463 3152.051 -11 14 5.850 10.529 19.931150 10.529 0 1 0 0
 49 4754.397 3288.939 -3 14 83.462 8.189 478.523008 83.462 0 1 0 0
 50 4795.348 2805.152 -3 14 28.080 22.619 386.651456 28.080 0 1 0 0
 51 4795.543 2689.714 -3 14 27.690 64.739 1409.711104 64.739 0 1 0 0
 52 4804.123 3162.581 -3 14 10.530 9.749 10.069365 10.530 0 1 0 0
 53 4806.073 3176.621 -3 14 6.630 9.749 13.081048 9.749 0 1 0 0
 54 264.315 3233.170 -6 14 46.801 63.569 1521.052160 63.569 0 1 0 0
 55 207.766 2984.744 -2 14 99.063 32.369 2073.954560 99.063 0 1 0 0
 56 184.756 3184.420 -2 14 23.400 2.729 52.476296 23.400 0 1 0 0
 57 193.531 3177.401 -2 14 8.970 5.849 16.142240 8.970 0 1 0 0
 58 205.426 3226.540 -2 14 15.600 34.709 117.273120 34.709 0 1 0 0
 59 210.691 3177.791 -2 14 11.310 6.629 18.514486 11.310 0 1 0 0
 60 210.886 3186.955 -2 14 3.900 7.799 10.590698 7.799 0 1 0 0
 61 250.666 3148.931 -2 14 20.280 10.529 122.748904 20.280 0 1 0 0
 62 253.591 3222.250 -2 14 15.210 44.069 432.130912 44.069 0 1 0 0
 63 230.580 3220.105 14 14 21.450 90.479 1521.052160 90.479 0 1 0 0
 64 201.719 2996.054 2 14 86.973 9.749 254.167808 86.973 0 1 0 0
 65 203.084 2977.529 2 14 89.703 17.939 774.671872 89.703 0 1 0 0
 66 190.604 3218.935 2 14 44.461 88.919 391.062496 88.919 0 1 0 0
 67 185.729 3281.724 2 14 8.189 0.779 3.172736 8.189 0 1 0 0
 68 240.134 3220.300 2 14 16.379 71.369 907.155456 71.369 0 1 0 0
 69 244.424 3155.951 2 14 7.800 25.349 77.117344 25.349 0 1 0 0
 70 4746.986 3289.134 1 14 88.143 7.799 472.286688 88.143 0 1 0 0
 71 4789.691 2805.347 1 14 39.391 25.349 610.094016 39.391 0 1 0 0
 72 4791.641 2689.909 1 14 35.491 69.029 1802.598912 69.029 0 1 0 0
 73 4803.146 3221.860 1 14 11.700 1.949 7.487155 11.700 0 1 0 0
 74 4804.121 3163.166 1 14 10.530 9.359 10.158242 10.530 0 1 0 0
 75 4805.876 3179.351 1 14 7.020 4.289 7.369050 7.020 0 1 0 0
 76 191.775 2997.419 6 14 67.082 7.019 98.412072 67.082 0 1 0 0
 77 181.050 2968.949 6 14 45.631 0.779 22.967886 45.631 0 1 0 0
 78 190.605 3232.585 6 14 44.461 99.059 14.318171 99.059 0 1 0 0
 79 190.215 3177.791 6 14 39.001 6.629 12.267434 39.001 0 1 0 0
 80 234.090 3224.980 6 14 19.890 91.649 1510.861056 91.649 0 1 0 0
 81 4778.771 2805.932 5 14 61.232 28.079 952.482816 61.232 0 1 0 0
 82 231.554 3224.980 10 14 19.500 96.329 1521.052160 96.329 0 1 0 0
 83 2385.531 1312.456 -13 14 0.780 1.169 0.148526 1.169 0 1 0 0
 84 3997.404 1164.843 14 14 0.780 4.679 0.816000 4.679 0 1 0 0
 85 3997.599 1159.968 14 14 0.390 0.389 0.142561 0.390 0 1 0 0
 86 3651.704 497.621 -1 14 0.780 57.719 21.446836 57.719 0 1 0 0
 87 3651.898 517.510 -5 14 0.390 17.939 6.540524 17.939 0 1 0 0
 88 4767.658 1967.399 -3 13 0.780 0.779 0.095439 0.780 0 1 0 0
 89 3398.983 1157.357 -3 13 0.780 0.779 0.112140 0.780 0 1 0 0
 90 3387.478 1157.357 -3 13 0.390 0.779 0.061439 0.779 0 1 0 0
 91 3375.193 1157.162 -3 13 3.900 1.169 0.490912 3.900 0 1 0 0
 92 3368.563 1157.357 -3 13 1.560 0.779 0.533859 1.560 0 1 0 0
 93 3360.178 1157.747 -3 13 1.170 0.779 0.144947 1.170 0 1 0 0
 94 3336.583 1157.942 -3 13 28.861 1.949 18.556836 28.861 0 1 0 0
 95 3318.643 1158.332 -3 13 0.780 0.389 0.083509 0.780 0 1 0 0
 96 3313.573 1158.137 -3 13 4.680 1.559 1.383263 4.680 0 1 0 0
 97 3304.213 1158.917 -3 13 1.560 1.559 0.399649 1.560 0 1 0 0
 98 3281.008 1158.917 -3 13 2.730 0.779 0.167017 2.730 0 1 0 0
 99 4789.921 2806.260 15 12 39.391 24.959 648.728704 39.391 0 1 0 0
 100 4242.360 3156.084 0 12 8.970 7.799 16.033679 8.970 0 1 0 0
 101 1978.404 1082.298 4 12 1.950 1.169 0.452140 1.950 0 1 0 0
 102 1286.703 3462.197 -1 11 0.390 0.389 0.048912 0.390 0 1 0 0
 103 265.714 3230.125 12 11 63.182 83.069 1521.052160 83.069 0 1 0 0
 104 4797.915 3223.691 16 11 23.400 5.459 60.385768 23.400 0 1 0 0
 105 4797.720 2806.008 16 11 23.790 30.419 639.450304 30.419 0 1 0 0
 106 4796.940 2689.985 16 11 25.350 76.049 881.601792 76.049 0 1 0 0
 107 281.899 3237.145 16 11 38.611 62.789 1521.052160 62.789 0 1 0 0
 108 4804.936 3178.061 7 11 9.360 2.339 8.404559 9.360 0 1 0 0
 109 4800.451 2806.008 7 11 18.330 30.419 504.532992 30.419 0 1 0 0
 110 4800.451 2690.180 7 11 18.330 76.439 1025.949632 76.439 0 1 0 0
 111 4803.961 3166.752 7 11 9.750 14.039 16.275258 14.039 0 1 0 0
 112 4732.786 2805.423 7 11 70.202 23.009 1332.745856 70.202 0 1 0 0
 113 4761.841 2675.751 7 11 12.090 21.839 189.979408 21.839 0 1 0 0
 114 305.689 2978.775 8 11 88.533 16.379 370.832512 88.533 0 1 0 0
 115 272.149 3228.176 8 11 30.811 70.589 1520.595840 70.589 0 1 0 0
 116 166.654 2996.715 8 11 17.160 8.579 38.938932 17.160 0 1 0 0
 117 166.654 2969.025 8 11 17.160 0.779 12.624733 17.160 0 1 0 0
 118 4800.061 2805.813 -5 11 19.110 30.809 527.652992 30.809 0 1 0 0
 119 4800.061 2689.790 -5 11 19.110 75.659 1050.438592 75.659 0 1 0 0
 120 4805.326 3178.061 -5 11 7.800 1.559 5.783577 7.800 0 1 0 0
 121 4803.766 3164.802 -5 11 9.360 9.359 8.214874 9.360 0 1 0 0
 122 4730.446 2805.423 -5 11 74.882 24.569 1433.591680 74.882 0 1 0 0
 123 4763.986 2675.946 -5 11 7.800 16.769 89.589968 16.769 0 1 0 0
 124 228.081 2971.170 -4 11 111.933 5.849 70.120504 111.933 0 1 0 0
 125 203.705 2996.520 -4 11 91.263 5.849 132.939952 91.263 0 1 0 0
 126 4805.717 3178.061 -1 11 7.800 2.339 7.160278 7.800 0 1 0 0
 127 4804.352 3164.607 -1 11 10.530 10.529 10.209540 10.530 0 1 0 0
 128 4801.232 2805.618 -1 11 16.770 30.419 458.292992 30.419 0 1 0 0
 129 4801.427 2689.985 -1 11 16.379 76.049 1081.011712 76.049 0 1 0 0
 130 4718.942 2805.618 -1 11 97.893 21.839 1325.748992 97.893 0 1 0 0
 131 4764.182 2675.751 -1 11 7.410 17.939 90.958920 17.939 0 1 0 0
 132 4651.276 2671.851 -1 11 11.700 15.599 113.622592 15.599 0 1 0 0
 133 302.570 2983.845 0 11 289.000 33.539 1839.712512 289.000 0 1 0 0
 134 4805.130 3178.256 3 11 8.970 2.729 8.635401 8.970 0 1 0 0
 135 4804.350 3165.192 3 11 10.530 11.699 11.800978 11.699 0 1 0 0
 136 4799.280 2805.813 3 11 20.670 30.029 559.442944 30.029 0 1 0 0
 137 4799.280 2689.985 3 11 20.670 76.049 982.143360 76.049 0 1 0 0
 138 4728.885 2805.618 3 11 78.002 22.619 1394.044288 78.002 0 1 0 0
 139 4763.010 2675.751 3 11 9.750 19.499 127.616272 19.499 0 1 0 0
 140 322.265 2977.215 4 11 105.303 19.499 954.155968 105.303 0 1 0 0
 141 271.955 3225.251 4 11 28.080 72.539 1471.769984 72.539 0 1 0 0
 142 166.654 2996.910 4 11 17.160 8.969 33.615252 17.160 0 1 0 0
 143 166.654 2969.025 4 11 17.160 0.779 13.385259 17.160 0 1 0 0
 144 4808.251 3151.932 -13 11 2.730 8.579 7.853997 8.579 0 1 0 0
 145 4782.511 2687.255 -13 11 54.211 66.689 539.212992 66.689 0 1 0 0
 146 4805.132 3178.061 -9 11 8.970 2.339 7.976875 8.970 0 1 0 0
 147 4797.722 2805.813 -9 11 23.790 30.029 615.721920 30.029 0 1 0 0
 148 4797.722 2689.985 -9 11 23.790 74.489 1032.338048 74.489 0 1 0 0
 149 4804.352 3164.022 -9 11 9.750 7.799 8.378909 9.750 0 1 0 0
 150 4714.067 2805.618 -9 11 107.643 24.179 1452.756864 107.643 0 1 0 0
 151 4764.572 2676.140 -9 11 6.630 14.819 68.295240 14.819 0 1 0 0
 152 4804.902 2362.753 -1 11 8.970 14.039 74.379448 14.039 0 1 0 0
 153 4803.536 2362.948 7 11 11.700 15.209 104.800488 15.209 0 1 0 0
 154 4805.096 2362.753 3 11 8.580 14.039 70.881032 14.039 0 1 0 0
 155 4117.913 2287.095 16 11 29.641 34.319 333.718848 34.319 0 1 0 0
 156 4110.424 2529.587 16 11 20.280 30.419 445.820384 30.419 0 1 0 0
 157 2169.699 1447.344 16 11 1.560 2.729 0.879228 2.729 0 1 0 0
 158 4451.950 679.420 3 11 0.390 0.389 0.046526 0.390 0 1 0 0
 159 3996.819 742.404 16 11 1.950 3.899 0.559509 3.899 0 1 0 0
 160 2580.761 1969.120 -13 10 0.780 0.389 0.072772 0.780 0 1 0 0
 161 1616.839 1281.593 -7 10 0.780 0.389 0.053088 0.780 0 1 0 0
 162 2306.361 1653.842 -8 10 0.780 0.779 0.103789 0.780 0 1 0 0
 163 1809.339 633.929 -6 10 1.560 1.559 0.521930 1.560 0 1 0 0
 164 1010.032 710.758 -10 10 1.950 1.559 0.416947 1.950 0 1 0 0
 165 4784.816 2702.166 17 9 23.400 42.119 306.339904 42.119 0 1 0 0
 166 4801.391 2806.099 17 9 15.990 25.349 301.016224 25.349 0 1 0 0
 167 4801.391 2660.437 17 9 15.990 12.479 121.988376 15.990 0 1 0 0
 168 3996.429 1165.017 17 9 2.730 11.309 5.222279 11.309 0 1 0 0
 169 3651.313 505.848 8 9 0.780 44.849 20.229994 44.849 0 1 0 0
 170 3651.509 525.932 0 9 0.390 2.339 0.400245 2.339 0 1 0 0
 171 3651.509 516.962 0 9 0.390 10.919 1.255017 10.919 0 1 0 0
 172 3651.508 519.887 4 9 0.390 3.509 0.570842 3.509 0 1 0 0
 173 3651.703 495.513 -12 9 0.780 65.519 46.392088 65.519 0 1 0 0
 174 3651.509 503.313 -8 9 0.390 49.139 15.666837 49.139 0 1 0 0
 175 4049.276 3826.926 -4 8 10.140 8.969 14.642065 10.140 0 1 0 0
 176 2754.861 3696.669 2 8 0.780 0.389 0.072175 0.780 0 1 0 0
 177 1607.709 3249.004 -11 8 1.560 2.339 0.510000 2.339 0 1 0 0
 178 187.096 1955.108 -4 8 0.780 0.389 0.147333 0.780 0 1 0 0
 179 830.987 1958.813 4 8 0.780 0.779 0.202210 0.780 0 1 0 0
 180 3515.168 1895.049 13 8 0.390 0.389 0.062632 0.390 0 1 0 0
 181 4304.140 799.899 3 8 2.730 1.949 1.171508 2.730 0 1 0 0
 182 4806.495 3581.508 9 7 6.240 11.699 10.432032 11.699 0 1 0 0
 183 3301.677 3350.242 16 7 2.730 2.339 0.999719 2.730 0 1 0 0
 184 4787.190 3585.798 1 7 44.851 22.619 217.662560 44.851 0 1 0 0
 185 4787.190 3353.947 1 7 44.851 21.449 70.120504 44.851 0 1 0 0
 186 4779.781 3586.188 5 7 59.672 23.399 588.342976 59.672 0 1 0 0
 187 4775.881 3470.555 5 7 67.472 13.649 278.808864 67.472 0 1 0 0
 188 4782.316 3353.752 5 7 54.601 21.059 304.514624 54.601 0 1 0 0
 189 4568.791 3995.290 -5 7 1.170 1.559 0.272596 1.559 0 1 0 0
 190 4762.427 3586.188 -3 7 94.383 24.179 818.934464 94.383 0 1 0 0
 191 4787.192 3470.555 -3 7 44.851 13.649 304.514624 44.851 0 1 0 0
 192 4770.617 3353.947 -3 7 78.002 24.569 672.305024 78.002 0 1 0 0
 193 4659.272 3349.267 -3 7 64.352 10.529 393.496192 64.352 0 1 0 0
 194 4658.882 3589.698 -3 7 63.572 7.019 86.547864 63.572 0 1 0 0
 195 4778.612 3586.773 -11 7 62.012 20.669 555.944576 62.012 0 1 0 0
 196 4732.592 3470.555 -11 7 154.055 12.869 1200.262272 154.055 0 1 0 0
 197 4776.467 3353.557 -11 7 66.302 21.449 647.664000 66.302 0 1 0 0
 198 4656.542 3350.437 -11 7 65.912 8.189 392.887776 65.912 0 1 0 0
 199 4775.882 3585.993 -7 7 67.472 23.009 638.841920 67.472 0 1 0 0
 200 4787.192 3470.360 -7 7 44.851 13.259 501.642976 44.851 0 1 0 0
 201 4787.387 3354.337 -7 7 44.461 23.789 521.872992 44.461 0 1 0 0
 202 4780.172 3585.993 -15 7 58.892 23.009 541.190336 58.892 0 1 0 0
 203 4787.192 3470.360 -15 7 44.851 12.479 376.308288 44.851 0 1 0 0
 204 4787.192 3352.777 -15 7 44.851 19.109 381.631968 44.851 0 1 0 0
 205 4712.472 3145.846 -11 7 108.813 20.669 785.471296 108.813 0 1 0 0
 206 4740.163 2805.968 -11 7 138.454 26.519 1739.475200 138.454 0 1 0 0
 207 4745.233 3288.974 -11 7 128.314 10.529 920.692864 128.314 0 1 0 0
 208 4769.023 3223.650 -11 7 80.732 6.239 161.992048 80.732 0 1 0 0
 209 4791.643 2690.140 -11 7 35.491 68.639 1532.460032 68.639 0 1 0 0
 210 4801.393 3168.661 -11 7 15.990 25.739 73.923136 25.739 0 1 0 0
 211 4749.327 3288.389 -15 7 120.124 9.359 561.876672 120.124 0 1 0 0
 212 4805.292 3178.216 -15 7 5.070 1.949 3.684525 5.070 0 1 0 0
 213 204.645 2997.454 -6 7 92.823 7.019 142.522576 92.823 0 1 0 0
 214 205.035 2968.985 -6 7 93.603 1.559 69.968400 93.603 0 1 0 0
 215 190.800 3224.430 -6 7 44.851 83.459 17.736660 83.459 0 1 0 0
 216 175.980 3177.631 -6 7 10.530 6.239 16.606310 10.530 0 1 0 0
 217 198.210 3177.436 -6 7 30.031 6.629 18.695222 30.031 0 1 0 0
 218 241.305 3224.820 -6 7 21.840 80.339 1371.988992 80.339 0 1 0 0
 219 246.180 3156.961 -6 7 11.310 27.299 118.946272 27.299 0 1 0 0
 220 4708.767 2805.578 -7 7 119.344 21.059 1521.052160 119.344 0 1 0 0
 221 4741.917 3288.389 -7 7 109.203 9.359 819.086592 109.203 0 1 0 0
 222 4725.342 3141.556 -7 7 48.751 13.649 127.464168 48.751 0 1 0 0
 223 4801.392 2805.773 -7 7 15.990 29.249 426.046688 29.249 0 1 0 0
 224 4801.392 2690.335 -7 7 15.990 72.149 1087.704320 72.149 0 1 0 0
 225 4803.147 3170.416 -7 7 12.480 22.229 62.667348 22.229 0 1 0 0
 226 210.691 2994.919 -10 7 104.913 12.089 377.068832 104.913 0 1 0 0
 227 216.736 2976.394 -10 7 117.004 21.059 1563.793664 117.004 0 1 0 0
 228 185.536 3184.651 -10 7 19.500 2.339 35.288408 19.500 0 1 0 0
 229 193.726 3177.241 -10 7 7.800 4.679 7.596313 7.800 0 1 0 0
 230 205.231 3226.770 -10 7 15.210 22.619 90.502600 22.619 0 1 0 0
 231 213.226 3177.631 -10 7 15.600 6.239 38.330512 15.600 0 1 0 0
 232 211.081 3186.601 -10 7 3.510 7.019 7.932734 7.019 0 1 0 0
 233 250.471 3147.601 -10 7 19.110 7.799 87.460496 19.110 0 1 0 0
 234 4472.621 2804.018 5 7 34.711 24.959 465.441952 34.711 0 1 0 0
 235 4660.991 2805.383 5 7 134.554 19.109 1271.903744 134.554 0 1 0 0
 236 4623.161 2685.460 5 7 42.511 45.239 1170.601728 45.239 0 1 0 0
 237 4716.761 3286.829 5 7 54.991 5.459 61.602612 54.991 0 1 0 0
 238 4777.796 3288.389 5 7 63.182 8.579 106.321544 63.182 0 1 0 0
 239 4801.392 2805.968 5 7 15.990 30.419 447.341440 30.419 0 1 0 0
 240 4801.392 2690.335 5 7 15.990 75.269 1083.901696 75.269 0 1 0 0
 241 4802.757 3172.171 5 7 7.020 14.819 16.731573 14.819 0 1 0 0
 242 4807.827 3151.891 5 7 3.120 8.579 9.636909 8.579 0 1 0 0
 243 198.600 2998.624 6 7 80.732 7.799 92.479968 80.732 0 1 0 0
 244 188.655 3196.155 6 7 44.461 43.289 247.931488 44.461 0 1 0 0
 245 191.190 3255.239 6 7 43.291 54.599 20.352274 54.599 0 1 0 0
 246 230.775 3224.820 6 7 18.720 95.159 1457.015808 95.159 0 1 0 0
 247 401.400 3198.885 6 7 1.950 3.509 0.394281 3.509 0 1 0 0
 248 191.384 2997.649 2 7 66.302 6.629 51.867876 66.302 0 1 0 0
 249 188.069 3196.155 2 7 45.631 43.289 297.365696 45.631 0 1 0 0
 250 191.969 3256.409 2 7 40.951 51.479 12.997539 51.479 0 1 0 0
 251 230.774 3224.625 2 7 19.500 94.769 1466.750592 94.769 0 1 0 0
 252 232.529 2997.844 2 7 6.630 1.559 3.388666 6.630 0 1 0 0
 253 4625.111 2679.415 1 7 36.271 29.249 553.662976 36.271 0 1 0 0
 254 4704.086 2805.578 1 7 119.344 22.619 1517.705856 119.344 0 1 0 0
 255 4769.606 3285.659 1 7 3.900 1.559 2.203438 3.900 0 1 0 0
 256 4777.211 3285.854 1 7 2.730 1.169 1.744736 2.730 0 1 0 0
 257 4786.376 3286.049 1 7 1.560 0.779 0.848807 1.560 0 1 0 0
 258 4801.391 2805.968 1 7 15.990 30.419 447.341440 30.419 0 1 0 0
 259 4801.391 2690.335 1 7 15.990 74.489 931.644416 74.489 0 1 0 0
 260 4802.171 3174.316 1 7 4.290 10.529 3.726279 10.529 0 1 0 0
 261 4806.656 3285.854 1 7 3.900 1.169 2.459333 3.900 0 1 0 0
 262 4808.216 3151.501 1 7 2.340 7.799 6.321015 7.799 0 1 0 0
 263 199.966 2998.039 -2 7 83.462 8.969 86.243656 83.462 0 1 0 0
 264 189.631 3197.910 -2 7 46.411 47.579 308.317280 47.579 0 1 0 0
 265 192.166 3254.654 -2 7 41.341 54.989 19.928764 54.989 0 1 0 0
 266 232.921 3225.210 -2 7 19.110 92.039 1478.462720 92.039 0 1 0 0
 267 241.111 3155.206 -2 7 1.170 23.789 24.184728 23.789 0 1 0 0
 268 4469.502 2811.817 -3 7 47.191 60.059 1521.052160 60.059 0 1 0 0
 269 4607.757 2805.578 -3 7 28.080 18.719 483.846688 28.080 0 1 0 0
 270 4610.097 2686.825 -3 7 23.400 55.769 1041.616512 55.769 0 1 0 0
 271 4741.332 3290.534 -3 7 136.114 13.649 500.274048 136.114 0 1 0 0
 272 4744.062 3138.242 -3 7 11.310 3.899 6.175472 11.310 0 1 0 0
 273 4801.393 2805.773 -3 7 15.990 32.369 483.542464 32.369 0 1 0 0
 274 4801.393 2690.140 -3 7 15.990 76.439 834.905536 76.439 0 1 0 0
 275 4802.368 3171.586 -3 7 10.920 15.989 28.139464 15.989 0 1 0 0
 276 4806.658 3151.891 -3 7 5.460 10.139 21.187958 10.139 0 1 0 0
 277 4808.023 3193.621 -3 7 2.730 0.779 1.430982 2.730 0 1 0 0
 278 227.460 3225.405 14 7 18.330 101.009 1521.052160 101.009 0 1 0 0
 279 159.209 2999.014 10 7 1.950 2.339 1.518666 2.339 0 1 0 0
 280 179.879 2996.674 10 7 13.650 3.899 11.407891 13.650 0 1 0 0
 281 186.119 3180.751 10 7 6.630 0.779 2.483192 6.630 0 1 0 0
 282 188.654 3281.954 10 7 4.680 0.389 1.963648 4.680 0 1 0 0
 283 196.259 2996.674 10 7 15.210 3.899 14.145785 15.210 0 1 0 0
 284 193.919 3180.751 10 7 4.290 0.779 1.607543 4.290 0 1 0 0
 285 199.379 3183.481 10 7 11.310 0.779 5.815788 11.310 0 1 0 0
 286 203.084 3251.729 10 7 10.920 36.659 3.500209 36.659 0 1 0 0
 287 197.819 3209.415 10 7 0.390 3.509 1.401157 3.509 0 1 0 0
 288 200.159 3175.291 10 7 3.510 0.779 1.411298 3.510 0 1 0 0
 289 201.524 3180.556 10 7 3.900 0.389 2.341824 3.900 0 1 0 0
 290 229.409 3225.015 10 7 18.330 97.109 1514.359552 97.109 0 1 0 0
 291 4715.591 2805.188 9 7 122.854 21.839 1472.530560 122.854 0 1 0 0
 292 4770.191 2678.050 9 7 12.870 18.719 61.450504 18.719 0 1 0 0
 293 4801.391 2805.773 9 7 15.990 29.249 420.418816 29.249 0 1 0 0
 294 4801.391 2690.140 9 7 15.990 72.539 655.269248 72.539 0 1 0 0
 295 4808.411 3151.306 9 7 1.950 7.409 6.009647 7.409 0 1 0 0
 296 2952.398 1292.345 -8 7 0.390 0.389 0.093053 0.390 0 1 0 0
 297 3651.899 499.481 -9 7 0.390 56.939 21.903150 56.939 0 1 0 0
 298 3652.093 507.866 -13 7 0.780 39.389 13.841574 39.389 0 1 0 0
 299 1581.579 3482.227 -2 6 0.780 0.779 0.103789 0.780 0 1 0 0
 300 1569.454 3305.469 -9 6 0.390 0.779 0.084105 0.779 0 1 0 0
 301 4801.391 2669.001 18 6 15.990 24.179 174.464672 24.179 0 1 0 0
 302 4804.511 2806.473 18 6 9.750 19.109 83.657864 19.109 0 1 0 0
 303 4805.715 1814.897 18 6 7.800 16.379 56.887348 16.379 0 1 0 0
 304 3536.457 725.408 7 6 1.950 1.949 0.663298 1.950 0 1 0 0
 305 3896.234 875.555 -1 6 0.780 1.169 0.175368 1.169 0 1 0 0
 306 973.957 450.853 -12 6 0.780 0.389 0.059649 0.780 0 1 0 0
 307 1246.534 3541.520 -11 5 1.950 1.559 0.645403 1.950 0 1 0 0
 308 589.416 2700.676 -4 5 0.780 0.779 0.099614 0.780 0 1 0 0
 309 1614.922 1253.887 1 5 0.390 0.389 0.076351 0.390 0 1 0 0
 310 4289.126 373.258 -14 5 0.780 0.389 0.147930 0.780 0 1 0 0
 311 629.355 330.944 3 5 0.780 0.779 0.138386 0.780 0 1 0 0
 312 3805.719 843.785 12 5 8.970 8.579 16.397538 8.970 0 1 0 0
 313 322.459 3964.234 18 4 0.390 0.779 0.110351 0.779 0 1 0 0
 314 2134.990 3841.971 -16 4 0.780 0.389 0.088877 0.780 0 1 0 0
 315 223.365 2994.815 -12 4 130.264 11.309 321.246208 130.264 0 1 0 0
 316 223.365 2977.656 -12 4 130.264 18.329 1691.714176 130.264 0 1 0 0
 317 4646.367 2805.669 -13 4 88.923 16.769 965.868096 88.923 0 1 0 0
 318 4633.107 2679.896 -13 4 47.581 31.199 767.827136 47.581 0 1 0 0
 319 4755.177 3153.543 -13 4 108.423 30.809 687.667648 108.423 0 1 0 0
 320 4801.392 2806.254 -13 4 15.990 28.079 404.599872 28.079 0 1 0 0
 321 4801.392 2690.621 -13 4 15.990 72.149 1085.726976 72.149 0 1 0 0
 322 4805.487 3176.552 -13 4 7.800 9.749 18.280660 9.749 0 1 0 0
 323 1833.680 3219.451 -16 4 0.780 0.389 0.109754 0.780 0 1 0 0
 324 4784.037 2688.866 -17 4 50.701 66.299 1301.412224 66.299 0 1 0 0
 325 221.416 2996.375 -8 4 126.364 12.089 433.804064 126.364 0 1 0 0
 326 255.931 2976.291 -8 4 195.396 21.059 1299.739008 195.396 0 1 0 0
 327 4476.912 2805.279 -9 4 20.670 14.429 149.671536 20.670 0 1 0 0
 328 4612.827 2805.474 -9 4 57.722 11.699 369.615680 57.722 0 1 0 0
 329 4621.797 2685.161 -9 4 39.001 47.969 1186.420608 47.969 0 1 0 0
 330 4716.177 3145.548 -9 4 134.944 21.839 850.116032 134.944 0 1 0 0
 331 4739.382 3289.455 -9 4 89.313 7.799 557.009280 89.313 0 1 0 0
 332 4777.017 3223.741 -9 4 64.742 6.629 181.309408 64.742 0 1 0 0
 333 4801.197 2806.059 -9 4 15.600 30.029 433.499840 30.029 0 1 0 0
 334 4801.197 2690.426 -9 4 15.600 74.099 1091.811200 74.099 0 1 0 0
 335 4803.342 3169.922 -9 4 12.090 23.789 63.732084 23.789 0 1 0 0
 336 160.575 3000.275 0 4 4.680 5.849 5.287893 5.849 0 1 0 0
 337 158.820 2995.010 0 4 1.170 0.779 0.533859 1.170 0 1 0 0
 338 177.930 2996.570 0 4 10.530 3.899 6.763015 10.530 0 1 0 0
 339 195.480 2996.570 0 4 9.750 3.899 6.170700 9.750 0 1 0 0
 340 215.761 2996.570 0 4 9.750 3.899 6.040068 9.750 0 1 0 0
 341 241.111 3228.421 0 4 23.790 82.289 1514.359552 82.289 0 1 0 0
 342 233.896 2997.740 0 4 5.460 1.559 3.473367 5.460 0 1 0 0
 343 250.471 2997.935 0 4 4.290 1.169 2.449789 4.290 0 1 0 0
 344 4455.461 2813.469 -1 4 21.450 67.469 906.851264 67.469 0 1 0 0
 345 4458.776 2645.577 -1 4 14.820 60.059 627.433984 60.059 0 1 0 0
 346 4603.077 2805.669 -1 4 18.720 23.009 418.289344 23.009 0 1 0 0
 347 4603.077 2689.061 -1 4 18.720 65.909 1106.261248 65.909 0 1 0 0
 348 4801.392 2806.254 -1 4 15.990 33.539 514.267712 33.539 0 1 0 0
 349 4801.392 2713.826 -1 4 15.990 31.979 297.974112 31.979 0 1 0 0
 350 4801.392 2665.271 -1 4 15.990 28.469 285.501472 28.469 0 1 0 0
 351 4801.002 3173.822 -1 4 1.950 10.529 5.596279 10.529 0 1 0 0
 352 4807.242 3151.983 -1 4 4.290 9.749 14.661749 9.749 0 1 0 0
 353 216.931 2998.325 -4 4 117.394 8.189 143.891536 117.394 0 1 0 0
 354 261.391 3231.736 -4 4 41.731 53.039 1406.669056 53.039 0 1 0 0
 355 4473.401 2808.789 -5 4 51.871 51.869 1521.052160 51.871 0 1 0 0
 356 4604.831 2805.669 -5 4 22.230 20.669 427.567744 22.230 0 1 0 0
 357 4605.026 2688.476 -5 4 21.060 61.619 1097.895424 61.619 0 1 0 0
 358 4801.392 2806.059 -5 4 15.990 33.149 497.688256 33.149 0 1 0 0
 359 4801.392 2690.231 -5 4 15.990 78.389 850.876544 78.389 0 1 0 0
 360 160.575 3000.470 4 4 4.680 6.239 5.396454 6.239 0 1 0 0
 361 159.210 2995.205 4 4 1.950 0.389 0.827930 1.950 0 1 0 0
 362 178.125 2996.570 4 4 10.140 3.899 6.697998 10.140 0 1 0 0
 363 195.480 2996.570 4 4 9.750 3.899 6.716489 9.750 0 1 0 0
 364 215.175 2996.570 4 4 7.800 3.899 5.667858 7.800 0 1 0 0
 365 240.915 3227.641 4 4 26.520 86.189 1520.139520 86.189 0 1 0 0
 366 4476.325 2808.984 3 4 57.722 50.699 1521.052160 57.722 0 1 0 0
 367 4603.270 2805.864 3 4 19.110 23.399 428.632480 23.399 0 1 0 0
 368 4603.270 2688.866 3 4 19.110 64.739 1098.808064 64.739 0 1 0 0
 369 4801.391 2806.254 3 4 15.990 33.539 511.986144 33.539 0 1 0 0
 370 4801.391 2720.065 3 4 15.990 19.499 212.947296 19.499 0 1 0 0
 371 4801.391 2661.761 3 4 15.990 21.449 235.915184 21.449 0 1 0 0
 372 4806.266 3152.178 3 4 6.240 10.139 23.635360 10.139 0 1 0 0
 373 208.740 2997.740 12 4 101.013 6.239 99.020496 101.013 0 1 0 0
 374 250.665 3228.421 12 4 35.101 65.909 1512.382080 65.909 0 1 0 0
 375 4536.581 2803.524 11 4 167.315 29.639 1765.180928 167.315 0 1 0 0
 376 4607.951 2686.916 11 4 24.570 56.939 1167.103232 56.939 0 1 0 0
 377 4801.392 2806.254 11 4 15.990 31.979 472.590880 31.979 0 1 0 0
 378 4801.392 2690.621 11 4 15.990 76.829 1089.529600 76.829 0 1 0 0
 379 237.599 3228.031 8 4 24.570 90.089 1521.052160 90.089 0 1 0 0
 380 4478.470 2815.614 7 4 76.052 67.859 1520.899968 76.052 0 1 0 0
 381 4602.491 2806.059 7 4 17.550 26.129 434.564576 26.129 0 1 0 0
 382 4602.491 2689.061 7 4 17.550 68.249 1105.500672 68.249 0 1 0 0
 383 4793.981 3151.008 7 4 5.070 7.019 4.822630 7.019 0 1 0 0
 384 4801.391 2806.449 7 4 15.990 34.709 473.199328 34.709 0 1 0 0
 385 4801.391 2722.795 7 4 15.990 15.599 184.047312 15.990 0 1 0 0
 386 4801.391 2659.226 7 4 15.990 17.159 191.652560 17.159 0 1 0 0
 387 4806.266 3153.348 7 4 6.240 12.479 25.026378 12.479 0 1 0 0
 388 244.619 3226.861 16 4 43.291 91.649 1521.052160 91.649 0 1 0 0
 389 830.826 1951.370 13 4 0.780 1.559 0.257684 1.559 0 1 0 0
 390 812.301 2014.939 13 4 0.390 0.779 0.094246 0.779 0 1 0 0
 391 4801.426 2363.398 11 4 16.379 15.989 139.328368 16.379 0 1 0 0
 392 4809.031 2489.560 7 4 1.170 3.899 2.241613 3.899 0 1 0 0
 393 4787.191 2363.398 7 4 44.851 23.009 744.859200 44.851 0 1 0 0
 394 4777.635 2363.398 3 4 63.962 21.449 685.233984 63.962 0 1 0 0
 395 4764.182 2363.398 -1 4 90.873 22.229 1075.992320 90.873 0 1 0 0
 396 4787.191 2363.203 -5 4 44.851 19.499 491.451936 44.851 0 1 0 0
 397 4805.132 2363.398 -9 4 8.970 12.089 26.953640 12.089 0 1 0 0
 398 1323.753 1126.499 -12 4 1.170 1.169 0.199824 1.170 0 1 0 0
 399 1141.622 1094.130 13 4 0.390 0.389 0.065614 0.390 0 1 0 0
 400 843.856 3400.903 12 3 0.780 0.389 0.079333 0.780 0 1 0 0
 401 2174.930 3997.787 7 3 2.340 3.119 0.765298 3.119 0 1 0 0
 402 3596.714 3210.567 -11 3 3.120 2.729 1.525824 3.120 0 1 0 0
 403 704.076 1345.711 -5 3 0.780 0.779 0.156281 0.780 0 1 0 0
 404 4181.681 725.017 -17 3 16.770 6.629 47.608932 16.770 0 1 0 0
 405 4190.456 742.177 -17 3 28.080 15.989 28.178236 28.080 0 1 0 0
 406 4192.211 764.407 -17 3 5.070 7.409 6.525015 7.409 0 1 0 0
 407 4197.086 753.487 -17 3 12.480 2.729 3.635613 12.480 0 1 0 0
 408 4014.175 908.314 0 3 0.780 0.389 0.075158 0.780 0 1 0 0
 409 2735.167 316.500 -5 3 0.390 0.779 0.085895 0.779 0 1 0 0
 410 703.261 450.462 11 3 0.390 0.389 0.093053 0.390 0 1 0 0
 411 855.946 3324.074 18 3 7.800 5.849 5.166209 7.800 0 1 0 0
 412 4058.051 2783.047 -3 2 8.970 6.629 6.128349 8.970 0 1 0 0
 413 3271.612 2910.965 8 2 33.541 0.389 11.864207 33.541 0 1 0 0
 414 3488.099 2361.771 -9 2 0.390 0.779 0.068000 0.779 0 1 0 0
 415 3651.509 514.409 -8 2 0.390 24.569 8.061576 24.569 0 1 0 0
 416 3651.703 498.811 -12 2 0.780 56.549 29.052094 56.549 0 1 0 0
 417 3651.899 510.705 -16 2 0.390 31.979 10.799470 31.979 0 1 0 0
 418 3369.538 3851.276 -11 1 0.390 0.389 0.171789 0.390 0 1 0 0
 419 248.130 3077.764 19 1 1.170 0.779 0.261860 1.170 0 1 0 0
 420 349.726 1228.833 -16 1 0.780 0.779 0.218912 0.780 0 1 0 0
 421 2719.567 1414.665 -3 1 0.390 0.389 0.057860 0.390 0 1 0 0
 422 4726.317 3470.561 -15 0 166.145 12.869 1158.281216 166.145 0 1 0 0
 423 4768.437 3591.264 -15 0 35.881 10.139 247.931488 35.881 0 1 0 0
 424 4780.722 3352.978 -15 0 57.331 20.279 465.441952 57.331 0 1 0 0
 425 4801.392 3586.194 -15 0 15.990 21.059 167.163632 21.059 0 1 0 0
 426 2338.926 3348.688 -16 0 1.170 0.779 0.156877 1.170 0 1 0 0
 427 4687.512 3470.366 -11 0 187.596 11.699 849.963904 187.596 0 1 0 0
 428 4659.627 3350.248 -11 0 69.422 8.579 462.095648 69.422 0 1 0 0
 429 4659.627 3589.704 -11 0 64.742 6.239 208.688352 64.742 0 1 0 0
 430 4801.393 3586.194 -11 0 15.990 22.619 200.170464 22.619 0 1 0 0
 431 4801.393 3470.561 -11 0 15.990 13.649 207.927824 15.990 0 1 0 0
 432 4801.393 3354.148 -11 0 15.990 23.399 206.710976 23.399 0 1 0 0
 433 4801.392 3585.999 -7 0 15.990 23.789 215.228880 23.789 0 1 0 0
 434 4801.392 3470.366 -7 0 15.990 13.259 114.991544 15.990 0 1 0 0
 435 4801.392 3353.953 -7 0 15.990 25.349 208.992560 25.349 0 1 0 0
 436 4768.048 3585.999 -3 0 82.682 23.789 295.236224 82.682 0 1 0 0
 437 4771.168 3466.271 -3 0 76.442 5.069 72.402080 76.442 0 1 0 0
 438 4778.968 3353.563 -3 0 60.842 23.009 318.052000 60.842 0 1 0 0
 439 4783.256 3344.203 1 0 47.581 2.729 29.356306 47.581 0 1 0 0
 440 4801.391 3580.929 1 0 15.990 12.869 28.595780 15.990 0 1 0 0
 441 4801.391 3463.931 1 0 15.990 0.389 5.475788 15.990 0 1 0 0
 442 4806.851 3362.143 1 0 3.510 6.629 4.124735 6.629 0 1 0 0
 443 4801.392 3463.931 5 0 15.990 0.389 5.019472 15.990 0 1 0 0
 444 4805.877 3578.199 5 0 2.340 1.169 0.843438 2.340 0 1 0 0
 445 4805.877 3362.923 5 0 2.340 1.949 1.732806 2.340 0 1 0 0
 446 4807.437 3574.884 5 0 3.900 0.779 1.741754 3.900 0 1 0 0
 447 4720.466 3354.343 9 0 177.846 24.569 723.868672 177.846 0 1 0 0
 448 4801.391 3586.389 9 0 15.990 23.789 197.888880 23.789 0 1 0 0
 449 4801.391 3475.631 9 0 15.990 5.069 65.709452 15.990 0 1 0 0
 450 4801.391 3465.881 9 0 15.990 4.289 58.560508 15.990 0 1 0 0
 451 4751.666 3470.756 13 0 115.444 13.259 964.042816 115.444 0 1 0 0
 452 4777.601 3353.758 13 0 63.572 21.839 642.492416 63.572 0 1 0 0
 453 4785.791 3586.584 13 0 47.191 21.059 388.476704 47.191 0 1 0 0
 454 377.449 3168.037 14 0 8.189 8.189 10.795295 8.189 0 1 0 0
 455 326.749 3256.566 14 0 19.110 15.989 44.871036 19.110 0 1 0 0
 456 314.074 3246.036 14 0 6.240 1.169 2.872104 6.240 0 1 0 0
 457 314.464 3241.356 14 0 0.780 4.289 2.201648 4.289 0 1 0 0
 458 308.809 3227.316 14 0 1.170 1.949 1.241298 1.949 0 1 0 0
 459 283.849 3227.901 14 0 29.251 84.239 1518.922624 84.239 0 1 0 0
 460 274.294 3145.028 14 0 9.360 1.949 7.957190 9.360 0 1 0 0
 461 171.529 3184.612 14 0 7.410 3.119 8.431997 7.410 0 1 0 0
 462 166.654 2996.635 14 0 17.160 4.679 26.770516 17.160 0 1 0 0
 463 4808.640 3151.267 17 0 1.950 6.629 4.402700 6.629 0 1 0 0
 464 4793.625 2805.929 17 0 31.981 31.979 824.866560 31.981 0 1 0 0
 465 430.489 3214.056 18 0 19.890 50.309 591.993472 50.309 0 1 0 0
 466 384.664 3202.942 18 0 1.560 27.299 25.097360 27.299 0 1 0 0
 467 362.629 3203.332 18 0 1.950 28.859 30.573148 28.859 0 1 0 0
 468 340.594 3203.332 18 0 1.560 30.419 30.268936 30.419 0 1 0 0
 469 304.714 3230.046 18 0 33.541 97.109 1460.210048 97.109 0 1 0 0
 470 174.453 2998.000 18 0 1.560 1.169 0.960351 1.560 0 1 0 0
 471 158.463 2999.950 18 0 0.780 4.289 2.181964 4.289 0 1 0 0
 472 4744.485 3289.520 9 0 130.264 11.699 836.122368 130.264 0 1 0 0
 473 4809.225 3151.462 9 0 0.780 3.899 1.939192 3.899 0 1 0 0
 474 4800.060 2806.124 9 0 19.110 30.029 519.743520 30.029 0 1 0 0
 475 4800.060 2690.686 9 0 19.110 73.709 1089.529600 73.709 0 1 0 0
 476 4734.930 2805.734 9 0 65.912 24.569 1424.161152 65.912 0 1 0 0
 477 4763.400 2676.451 9 0 8.970 17.939 108.907328 17.939 0 1 0 0
 478 4509.510 2806.904 9 0 117.394 35.489 1321.642240 117.394 0 1 0 0
 479 387.784 3155.947 10 0 31.981 39.389 274.245696 39.389 0 1 0 0
 480 384.859 3203.527 10 0 1.170 12.869 8.213681 12.869 0 1 0 0
 481 341.179 3279.380 10 0 15.990 7.019 38.026304 15.990 0 1 0 0
 482 331.819 3250.716 10 0 19.890 4.289 38.178408 19.890 0 1 0 0
 483 340.789 3202.747 10 0 1.170 14.429 8.213681 14.429 0 1 0 0
 484 316.999 3246.036 10 0 8.970 0.389 3.481122 8.970 0 1 0 0
 485 318.949 3203.332 10 0 1.170 18.719 13.993680 18.719 0 1 0 0
 486 302.764 3294.395 10 0 21.060 8.969 38.786828 21.060 0 1 0 0
 487 292.624 3229.656 10 0 28.861 90.869 1474.051584 90.869 0 1 0 0
 488 172.894 3281.720 10 0 4.680 0.779 2.279789 4.680 0 1 0 0
 489 170.749 3184.612 10 0 8.970 3.119 10.677786 8.970 0 1 0 0
 490 172.309 3177.787 10 0 5.850 6.629 11.616066 6.629 0 1 0 0
 491 166.653 2998.195 10 0 17.160 7.019 27.226832 17.160 0 1 0 0
 492 4753.261 3288.935 13 0 112.713 8.969 781.668672 112.713 0 1 0 0
 493 4799.476 2805.929 13 0 20.280 22.619 379.806720 22.619 0 1 0 0
 494 318.951 3203.721 -2 0 1.170 14.819 7.148945 14.819 0 1 0 0
 495 292.040 3229.656 -2 0 32.371 88.529 1504.320512 88.529 0 1 0 0
 496 282.095 2970.701 -2 0 3.900 5.849 6.878735 5.849 0 1 0 0
 497 278.390 3144.248 -2 0 4.290 1.169 2.178385 4.290 0 1 0 0
 498 171.140 3184.222 -2 0 8.189 3.119 8.688488 8.189 0 1 0 0
 499 172.310 3177.592 -2 0 5.850 6.239 8.800032 6.239 0 1 0 0
 500 173.675 2997.610 -2 0 3.120 1.169 1.687473 3.120 0 1 0 0
 501 160.805 2997.220 -2 0 5.460 5.069 4.919858 5.460 0 1 0 0
 502 4806.887 3285.815 -3 0 5.460 2.729 4.802349 5.460 0 1 0 0
 503 4796.357 2806.124 -3 0 26.520 30.029 662.570304 30.029 0 1 0 0
 504 4796.552 2690.686 -3 0 26.130 72.929 1082.380672 72.929 0 1 0 0
 505 4802.987 3170.572 -3 0 7.800 17.159 25.401570 17.159 0 1 0 0
 506 4790.507 3285.620 -3 0 12.480 3.119 8.066945 12.480 0 1 0 0
 507 4773.152 3285.620 -3 0 12.090 3.119 11.030909 12.090 0 1 0 0
 508 4699.832 2805.734 -3 0 136.114 23.009 1485.307392 136.114 0 1 0 0
 509 4742.927 3286.010 -3 0 32.761 3.899 55.062088 32.761 0 1 0 0
 510 4717.187 3286.010 -3 0 14.820 3.119 15.210521 14.820 0 1 0 0
 511 4695.737 3286.400 -3 0 11.700 3.899 7.685787 11.700 0 1 0 0
 512 4808.056 3152.047 1 0 3.120 8.969 10.374768 8.969 0 1 0 0
 513 4801.621 2806.319 1 0 15.990 30.419 449.014592 30.419 0 1 0 0
 514 4801.816 2690.491 1 0 15.600 73.319 1078.882304 73.319 0 1 0 0
 515 4806.301 3285.620 1 0 1.950 0.779 1.167929 1.950 0 1 0 0
 516 4801.816 3172.522 1 0 3.900 13.259 8.517892 13.259 0 1 0 0
 517 4786.020 3285.620 1 0 1.170 0.779 0.747403 1.170 0 1 0 0
 518 4777.830 3285.815 1 0 1.950 1.169 1.263964 1.950 0 1 0 0
 519 4768.860 3285.620 1 0 1.950 0.779 1.123193 1.950 0 1 0 0
 520 4732.590 2805.929 1 0 70.592 24.179 1500.974208 70.592 0 1 0 0
 521 4765.545 2676.256 1 0 4.680 12.089 15.063784 12.089 0 1 0 0
 522 4747.995 3285.425 1 0 0.780 0.389 0.551754 0.780 0 1 0 0
 523 4728.495 3285.620 1 0 1.560 0.779 0.977649 1.560 0 1 0 0
 524 4719.915 3285.620 1 0 3.120 0.779 1.535964 3.120 0 1 0 0
 525 4710.945 3285.620 1 0 1.560 0.779 0.979438 1.560 0 1 0 0
 526 4474.215 2804.564 1 0 18.720 10.529 36.961568 18.720 0 1 0 0
 527 385.054 3203.916 2 0 0.780 11.309 3.308736 11.309 0 1 0 0
 528 340.984 3202.552 2 0 0.780 7.799 3.392244 7.799 0 1 0 0
 529 318.949 3203.916 2 0 1.170 14.429 6.844735 14.429 0 1 0 0
 530 292.624 3230.046 2 0 31.981 88.529 1513.294720 88.529 0 1 0 0
 531 173.284 3184.417 2 0 3.900 2.729 2.597718 3.900 0 1 0 0
 532 159.244 2998.780 2 0 2.340 2.729 1.744140 2.729 0 1 0 0
 533 158.269 2994.880 2 0 0.390 0.389 0.388316 0.390 0 1 0 0
 534 4805.911 3152.047 5 0 7.410 10.529 30.595814 10.529 0 1 0 0
 535 4797.916 2805.929 5 0 23.400 31.979 677.932928 31.979 0 1 0 0
 536 4797.916 2690.491 5 0 23.400 75.659 896.356032 75.659 0 1 0 0
 537 4808.251 3159.457 5 0 0.390 0.389 0.301824 0.390 0 1 0 0
 538 4738.246 2805.539 5 0 59.282 26.519 1390.697984 59.282 0 1 0 0
 539 4762.816 2675.866 5 0 10.140 19.109 133.548376 19.109 0 1 0 0
 540 4509.120 2806.514 5 0 118.174 39.389 1447.737344 118.174 0 1 0 0
 541 385.055 3203.332 6 0 1.560 22.619 21.751044 22.619 0 1 0 0
 542 363.020 3203.137 6 0 1.170 22.229 18.708940 22.229 0 1 0 0
 543 340.984 3203.332 6 0 1.560 24.959 23.728412 24.959 0 1 0 0
 544 302.374 3230.241 6 0 34.321 95.159 1479.223168 95.159 0 1 0 0
 545 158.659 2997.610 6 0 1.170 0.389 0.657930 1.170 0 1 0 0
 546 4750.142 3288.740 -15 0 118.954 9.359 894.226560 118.954 0 1 0 0
 547 4748.777 3289.325 -11 0 121.684 10.529 964.499136 121.684 0 1 0 0
 548 4778.222 3223.416 -11 0 62.792 5.849 179.636256 62.792 0 1 0 0
 549 4803.572 3169.792 -11 0 12.090 23.399 67.534712 23.399 0 1 0 0
 550 4799.867 2805.929 -11 0 19.500 24.179 401.253536 24.179 0 1 0 0
 551 4799.867 2690.881 -11 0 19.500 65.519 1129.989632 65.519 0 1 0 0
 552 4745.852 3146.393 -11 0 98.673 20.279 562.180864 98.673 0 1 0 0
 553 4741.952 2805.734 -11 0 51.871 14.429 437.758816 51.871 0 1 0 0
 554 437.901 3225.756 -10 0 58.892 103.349 915.521280 103.349 0 1 0 0
 555 347.811 2985.130 -10 0 111.153 20.669 1351.302656 111.153 0 1 0 0
 556 336.111 3177.592 -10 0 77.612 8.579 438.367232 77.612 0 1 0 0
 557 327.336 3265.925 -10 0 29.641 35.489 193.782032 35.489 0 1 0 0
 558 314.856 3236.286 -10 0 6.240 19.889 17.948416 19.889 0 1 0 0
 559 308.811 3235.506 -10 0 1.950 19.109 19.317362 19.109 0 1 0 0
 560 173.480 3184.612 -10 0 3.510 2.339 3.453683 3.510 0 1 0 0
 561 166.655 2996.830 -10 0 17.160 10.529 60.842084 17.160 0 1 0 0
 562 166.655 2972.066 -10 0 17.160 7.019 101.454176 17.160 0 1 0 0
 563 164.510 2966.216 -10 0 12.870 0.779 5.932103 12.870 0 1 0 0
 564 4747.411 3290.495 -7 0 124.414 13.649 580.129280 124.414 0 1 0 0
 565 4808.642 3193.387 -7 0 1.950 0.389 0.957965 1.950 0 1 0 0
 566 4801.817 2806.124 -7 0 15.600 30.809 442.169856 30.809 0 1 0 0
 567 4802.012 2690.491 -7 0 15.210 74.099 1080.099072 74.099 0 1 0 0
 568 4803.572 3170.572 -7 0 8.970 17.939 38.938932 17.939 0 1 0 0
 569 4768.277 3223.806 -7 0 69.422 5.849 125.182592 69.422 0 1 0 0
 570 4735.126 2805.734 -7 0 65.522 24.569 1437.850624 65.522 0 1 0 0
 571 4763.987 2676.256 -7 0 7.800 15.989 84.874704 15.989 0 1 0 0
 572 4744.291 3139.373 -7 0 11.310 3.899 10.624698 11.310 0 1 0 0
 573 4705.096 3138.593 -7 0 12.480 9.359 22.430448 12.480 0 1 0 0
 574 4559.821 2805.344 -7 0 16.770 6.629 39.851564 16.770 0 1 0 0
 575 4477.726 2809.244 -7 0 46.021 32.369 701.205056 46.021 0 1 0 0
 576 387.785 3174.667 -6 0 10.140 1.949 4.946104 10.140 0 1 0 0
 577 385.445 3203.332 -6 0 0.780 7.019 1.722666 7.019 0 1 0 0
 578 384.275 2982.595 -6 0 0.780 0.779 0.420526 0.780 0 1 0 0
 579 334.355 2981.621 -6 0 80.342 6.629 1.561017 80.342 0 1 0 0
 580 338.645 3177.397 -6 0 68.642 9.749 139.024160 68.642 0 1 0 0
 581 338.060 3276.650 -6 0 7.410 1.559 4.245227 7.410 0 1 0 0
 582 329.870 3250.326 -6 0 14.430 4.289 12.624733 14.430 0 1 0 0
 583 316.220 3245.841 -6 0 5.850 0.779 2.765929 5.850 0 1 0 0
 584 291.065 3230.436 -6 0 29.641 83.069 1400.280576 83.069 0 1 0 0
 585 281.900 2970.701 -6 0 4.290 7.409 10.572803 7.409 0 1 0 0
 586 170.555 3184.222 -6 0 9.360 3.119 11.531365 9.360 0 1 0 0
 587 172.115 3177.592 -6 0 6.240 6.239 12.117119 6.240 0 1 0 0
 588 166.655 2997.415 -6 0 17.160 6.239 17.339994 17.160 0 1 0 0
 589 166.655 2968.751 -6 0 17.160 0.389 6.692629 17.160 0 1 0 0
 590 4459.166 1848.090 19 0 8.580 12.089 17.999712 12.089 0 1 0 0
 591 4473.596 1897.424 19 0 19.500 23.399 79.855232 23.399 0 1 0 0
 592 4475.741 1926.089 19 0 22.230 12.089 97.499440 22.230 0 1 0 0
 593 2719.371 1807.141 16 0 0.780 0.389 0.078737 0.780 0 1 0 0
 594 1111.626 1576.501 18 0 0.780 1.169 0.233824 1.169 0 1 0 0
 595 4475.385 1523.462 19 0 21.060 9.749 80.159448 21.060 0 1 0 0
 596 3796.945 404.232 -9 0 2.340 0.779 0.539824 2.340 0 1 0 0
 597 3790.315 404.427 -1 0 15.600 1.169 4.715262 15.600 0 1 0 0
 598 3794.604 404.232 -5 0 7.020 0.779 1.822877 7.020 0 1 0 0
 599 3788.558 404.817 3 0 19.110 1.949 17.644204 19.110 0 1 0 0
 600 3997.014 743.331 3 0 1.560 6.629 1.308105 6.629 0 1 0 0
 601 3997.014 723.246 3 0 1.560 7.019 1.655859 7.019 0 1 0 0
 602 3788.559 405.012 11 0 19.110 1.559 13.081048 19.110 0 1 0 0
 603 3788.364 405.207 7 0 19.500 2.729 24.945254 19.500 0 1 0 0
 604 3794.019 405.012 15 0 8.189 1.559 1.814526 8.189 0 1 0 0
 605 2194.431 2547.015 -10 -1 0.780 0.779 0.085298 0.780 0 1 0 0
 606 3959.185 2669.668 -5 -1 0.780 0.389 0.082316 0.780 0 1 0 0
 607 4805.292 2806.750 19 -1 8.189 11.699 16.172661 11.699 0 1 0 0
 608 4463.685 1826.489 19 -1 20.280 60.449 160.318896 60.449 0 1 0 0
 609 4046.190 1828.244 -9 -1 0.390 0.779 0.085895 0.779 0 1 0 0
 610 4096.075 1019.188 -13 -1 0.780 0.779 0.156877 0.780 0 1 0 0
 611 3995.845 1374.276 19 -1 0.780 1.169 0.511789 1.169 0 1 0 0
 612 4474.766 1491.274 19 -1 36.661 78.389 757.636032 78.389 0 1 0 0
 613 4759.857 1511.749 19 -1 99.063 28.859 809.656064 99.063 0 1 0 0
 614 4774.092 1311.097 19 -1 70.592 28.469 527.805088 70.592 0 1 0 0
 615 4801.392 1472.944 19 -1 15.990 8.969 77.877872 15.990 0 1 0 0
 616 4801.392 1027.182 19 -1 15.990 6.629 37.265776 15.990 0 1 0 0
 617 4120.679 742.539 9 -1 0.390 0.389 0.035193 0.390 0 1 0 0
 618 1783.209 885.471 -7 -1 0.780 0.779 0.107368 0.780 0 1 0 0
 619 2419.657 3346.308 -18 -2 4.290 1.949 1.134526 4.290 0 1 0 0
 620 3452.378 3841.014 7 -2 4.290 3.899 1.997052 4.290 0 1 0 0
 621 4787.191 2806.738 19 -2 44.851 19.499 351.971456 44.851 0 1 0 0
 622 4793.236 2702.220 19 -2 32.761 44.459 233.633600 44.459 0 1 0 0
 623 4804.156 2666.730 19 -2 10.920 16.379 62.971556 16.379 0 1 0 0
 624 2840.501 3160.071 4 -2 0.780 0.779 0.124070 0.780 0 1 0 0
 625 2212.405 3249.185 -6 -2 1.950 1.949 0.678210 1.950 0 1 0 0
 626 1828.644 3034.104 -13 -2 1.170 0.779 0.177754 1.170 0 1 0 0
 627 2327.650 3310.999 19 -2 4.680 5.459 2.196876 5.459 0 1 0 0
 628 4669.961 1953.737 19 -2 44.851 16.379 164.273632 44.851 0 1 0 0
 629 4670.936 1813.729 19 -2 10.920 4.679 2.638280 10.920 0 1 0 0
 630 4801.392 1814.899 19 -2 15.990 17.159 195.303088 17.159 0 1 0 0
 631 4787.191 1516.345 19 -2 44.851 20.669 618.611904 44.851 0 1 0 0
 632 4478.115 1519.855 19 -2 39.781 26.129 389.389344 39.781 0 1 0 0
 633 3490.598 889.021 9 -2 1.170 1.559 0.371017 1.559 0 1 0 0
 634 3233.427 3997.901 12 -3 2.730 3.899 1.346280 3.899 0 1 0 0
 635 4725.537 2806.526 -13 -3 113.103 20.279 1355.409536 113.103 0 1 0 0
 636 4758.102 3153.620 -13 -3 102.573 28.079 657.855040 102.573 0 1 0 0
 637 4775.652 2682.703 -13 -3 12.870 27.689 196.519936 27.689 0 1 0 0
 638 4799.637 3223.234 -13 -3 19.500 4.289 5.556314 19.500 0 1 0 0
 639 4801.392 2806.526 -13 -3 15.990 26.519 380.567232 26.519 0 1 0 0
 640 4801.392 2691.088 -13 -3 15.990 70.199 1044.810688 70.199 0 1 0 0
 641 4805.877 3175.655 -13 -3 7.020 7.409 16.992240 7.409 0 1 0 0
 642 3516.534 3032.137 -16 -3 3.120 1.949 0.853579 3.120 0 1 0 0
 643 4484.907 2814.716 -17 -3 72.542 41.339 1521.052160 72.542 0 1 0 0
 644 4617.117 2687.188 -17 -3 39.781 52.259 1521.052160 52.259 0 1 0 0
 645 4751.082 3289.142 -17 -3 116.614 8.189 638.841920 116.614 0 1 0 0
 646 4745.037 3147.575 -17 -3 99.063 23.789 292.802528 99.063 0 1 0 0
 647 4801.393 2816.471 -17 -3 15.990 8.969 78.334184 15.990 0 1 0 0
 648 4801.393 2798.141 -17 -3 15.990 12.089 149.367312 15.990 0 1 0 0
 649 4801.393 2691.088 -17 -3 15.990 73.319 760.830272 73.319 0 1 0 0
 650 4803.343 3163.760 -17 -3 12.090 10.139 13.152031 12.090 0 1 0 0
 651 4805.488 3177.605 -17 -3 7.800 12.089 23.139080 12.089 0 1 0 0
 652 229.411 2997.038 -8 -3 142.354 12.089 429.088800 142.354 0 1 0 0
 653 268.021 2976.368 -8 -3 219.577 21.449 1241.634816 219.577 0 1 0 0
 654 200.746 3228.694 -8 -3 6.240 19.109 33.767356 19.109 0 1 0 0
 655 252.616 3148.160 -8 -3 24.180 9.359 154.691008 24.180 0 1 0 0
 656 4482.567 2808.086 -9 -3 51.481 28.079 640.210816 51.481 0 1 0 0
 657 4570.902 2805.941 -9 -3 108.813 15.989 1020.473856 108.813 0 1 0 0
 658 4612.437 2687.578 -9 -3 24.960 53.819 1095.918080 53.819 0 1 0 0
 659 4721.052 3145.625 -9 -3 130.654 22.229 515.028256 130.654 0 1 0 0
 660 4752.642 3289.142 -9 -3 113.493 8.969 784.406592 113.493 0 1 0 0
 661 4768.827 3224.014 -9 -3 81.122 6.629 314.249376 81.122 0 1 0 0
 662 4801.002 2806.331 -9 -3 15.210 30.809 443.538784 30.809 0 1 0 0
 663 4801.002 2691.088 -9 -3 15.210 74.879 1078.121728 74.879 0 1 0 0
 664 4794.762 2650.334 -9 -3 2.730 0.389 0.820772 2.730 0 1 0 0
 665 4803.147 3170.195 -9 -3 12.480 23.009 63.732084 23.009 0 1 0 0
 666 211.080 2984.948 -12 -3 105.693 32.369 2568.296448 105.693 0 1 0 0
 667 4469.890 2808.281 3 -3 47.971 54.989 1502.799488 54.989 0 1 0 0
 668 4458.775 2643.704 3 -3 7.800 20.669 26.314202 20.669 0 1 0 0
 669 4603.270 2805.746 3 -3 19.110 22.619 408.098272 22.619 0 1 0 0
 670 4603.270 2688.943 3 -3 19.110 65.129 1113.866496 65.129 0 1 0 0
 671 4801.391 2806.331 3 -3 15.990 33.929 512.898784 33.929 0 1 0 0
 672 4801.391 2716.633 3 -3 15.990 26.909 262.533600 26.909 0 1 0 0
 673 4801.391 2664.179 3 -3 15.990 26.519 283.676224 26.519 0 1 0 0
 674 4808.021 3151.865 3 -3 2.730 8.189 8.448102 8.189 0 1 0 0
 675 176.955 2996.648 4 -3 7.800 3.509 5.065998 7.800 0 1 0 0
 676 194.310 2997.818 4 -3 7.410 1.169 4.035858 7.410 0 1 0 0
 677 214.395 2997.818 4 -3 7.800 1.169 4.086560 7.800 0 1 0 0
 678 244.230 3229.669 4 -3 30.811 79.559 1520.899968 79.559 0 1 0 0
 679 176.955 2996.453 0 -3 11.700 3.899 7.561717 11.700 0 1 0 0
 680 4496.802 2807.891 -1 -3 90.873 40.169 1521.052160 90.873 0 1 0 0
 681 4605.222 2806.331 -1 -3 23.010 19.109 402.470400 23.010 0 1 0 0
 682 4605.612 2688.943 -1 -3 22.230 61.229 1126.339072 61.229 0 1 0 0
 683 4801.392 2806.136 -1 -3 15.990 32.759 494.646144 32.759 0 1 0 0
 684 4801.392 2690.893 -1 -3 15.990 77.609 1073.710720 77.609 0 1 0 0
 685 213.811 2997.818 -4 -3 111.153 7.409 167.924160 111.153 0 1 0 0
 686 280.891 2977.148 -4 -3 245.318 19.889 1224.446976 245.318 0 1 0 0
 687 251.446 3147.965 -4 -3 21.840 8.189 116.208384 21.840 0 1 0 0
 688 4538.531 2808.086 -5 -3 167.315 31.199 1799.860992 167.315 0 1 0 0
 689 4609.706 2688.163 -5 -3 24.960 57.329 1165.430144 57.329 0 1 0 0
 690 4743.867 3140.750 -5 -3 10.920 4.679 11.972768 10.920 0 1 0 0
 691 4801.392 2806.526 -5 -3 15.990 31.199 466.050368 31.199 0 1 0 0
 692 4801.392 2690.698 -5 -3 15.990 76.439 1084.814336 76.439 0 1 0 0
 693 4804.122 3170.000 -5 -3 10.530 19.499 37.417880 19.499 0 1 0 0
 694 4536.581 2807.501 11 -3 165.755 26.129 1900.098304 165.755 0 1 0 0
 695 4607.561 2689.138 11 -3 23.010 58.499 1.901613 58.499 0 1 0 0
 696 4801.392 2806.331 11 -3 15.990 30.809 458.901440 30.809 0 1 0 0
 697 4801.392 2690.893 11 -3 15.990 76.049 1083.141248 76.049 0 1 0 0
 698 4803.927 3165.515 11 -3 10.920 12.089 11.964417 12.089 0 1 0 0
 699 4804.707 3178.189 11 -3 9.360 3.119 9.843891 9.360 0 1 0 0
 700 176.564 2996.843 8 -3 7.020 3.899 4.510069 7.020 0 1 0 0
 701 242.475 3229.669 8 -3 24.960 76.439 1521.052160 76.439 0 1 0 0
 702 4448.440 2823.881 7 -3 21.450 76.049 995.984896 76.049 0 1 0 0
 703 4452.730 2643.704 7 -3 12.090 64.349 566.591936 64.349 0 1 0 0
 704 4457.020 2951.409 7 -3 18.330 25.349 231.199920 25.349 0 1 0 0
 705 4601.906 2806.136 7 -3 16.379 27.299 434.716704 27.299 0 1 0 0
 706 4601.906 2689.918 7 -3 16.379 69.419 1086.639616 69.419 0 1 0 0
 707 4794.761 3150.500 7 -3 3.510 6.239 3.435192 6.239 0 1 0 0
 708 4801.391 2806.331 7 -3 15.990 34.709 527.196672 34.709 0 1 0 0
 709 4801.391 2723.263 7 -3 15.990 14.429 176.746256 15.990 0 1 0 0
 710 4801.391 2660.084 7 -3 15.990 18.329 214.468352 18.329 0 1 0 0
 711 4806.071 3152.255 7 -3 6.630 10.529 25.578132 10.529 0 1 0 0
 712 4808.021 3159.665 7 -3 0.390 0.389 0.308982 0.390 0 1 0 0
 713 184.170 2996.843 12 -3 51.871 4.679 4.250595 51.871 0 1 0 0
 714 254.370 3235.518 12 -3 19.110 17.159 87.004184 19.110 0 1 0 0
 715 255.344 3227.914 16 -3 51.481 77.609 1513.294720 77.609 0 1 0 0
 716 4773.930 2363.605 3 -3 71.372 21.839 834.449216 71.372 0 1 0 0
 717 4715.626 2363.800 7 -3 187.986 23.009 2023.455616 187.986 0 1 0 0
 718 4449.840 2359.900 7 -3 100.233 44.069 976.819648 100.233 0 1 0 0
 719 4794.992 2363.605 -1 -3 29.251 16.379 227.853600 29.251 0 1 0 0
 720 4802.207 2363.800 -9 -3 14.820 13.649 105.865232 14.820 0 1 0 0
 721 4799.476 2363.800 -5 -3 20.280 15.989 163.208896 20.280 0 1 0 0
 722 1495.159 1696.435 -10 -3 0.780 1.169 0.166421 1.169 0 1 0 0
 723 1410.724 1329.842 -1 -3 0.390 0.389 0.084702 0.390 0 1 0 0
 724 2060.109 736.199 1 -3 0.780 0.389 0.104386 0.780 0 1 0 0
 725 2119.354 3662.172 3 -4 1.170 1.559 0.416947 1.559 0 1 0 0
 726 4147.589 3023.669 8 -4 0.390 0.389 0.078737 0.390 0 1 0 0
 727 4327.966 2712.649 -9 -4 2.340 1.559 0.496877 2.340 0 1 0 0
 728 4269.464 3445.961 9 -5 0.780 0.779 0.131228 0.780 0 1 0 0
 729 4238.070 3496.270 -6 -5 21.450 1.559 19.773678 21.450 0 1 0 0
 730 4229.490 3483.985 -6 -5 34.711 15.209 81.072080 34.711 0 1 0 0
 731 4131.370 2768.917 -7 -5 2.730 1.949 0.418140 2.730 0 1 0 0
 732 993.616 2969.569 8 -5 0.780 0.779 0.103193 0.780 0 1 0 0
 733 2876.771 1934.252 -12 -5 0.780 0.779 0.122281 0.780 0 1 0 0
 734 856.727 1733.644 -2 -5 0.780 1.169 0.149719 1.169 0 1 0 0
 735 3651.509 524.207 -8 -5 0.390 4.289 0.626316 4.289 0 1 0 0
 736 3651.509 519.917 -8 -5 0.390 0.389 0.186702 0.390 0 1 0 0
 737 3418.873 949.494 -6 -5 3.900 3.899 1.993473 3.900 0 1 0 0
 738 3651.898 501.002 -12 -5 0.390 47.579 17.035784 47.579 0 1 0 0
 739 4333.781 3506.735 -2 -6 5.070 3.899 2.431297 5.070 0 1 0 0
 740 2287.640 3955.812 14 -6 3.120 3.509 1.444701 3.509 0 1 0 0
 741 2040.769 3490.161 18 -6 3.120 3.509 2.433087 3.509 0 1 0 0
 742 1704.623 3017.019 -12 -6 16.770 23.399 182.982576 23.399 0 1 0 0
 743 1798.190 1880.568 -16 -6 0.780 0.389 0.126456 0.780 0 1 0 0
 744 2300.315 1916.837 5 -6 2.730 4.289 0.802280 4.289 0 1 0 0
 745 3552.803 406.828 3 -6 0.780 0.779 0.102000 0.780 0 1 0 0
 746 4778.415 3586.499 9 -7 62.402 23.789 593.362432 62.402 0 1 0 0
 747 4759.110 3470.866 9 -7 101.013 14.039 976.059136 101.013 0 1 0 0
 748 4765.935 3354.453 9 -7 87.363 23.789 752.616576 87.363 0 1 0 0
 749 4766.132 3585.914 -3 -7 86.973 24.959 725.846080 86.973 0 1 0 0
 750 4787.192 3465.796 -3 -7 44.851 3.899 128.072584 44.851 0 1 0 0
 751 4772.177 3354.258 -3 -7 74.882 24.959 458.901440 74.882 0 1 0 0
 752 4787.190 3585.719 1 -7 44.851 24.569 369.919872 44.851 0 1 0 0
 753 4778.025 3465.211 1 -7 63.182 2.729 56.278928 63.182 0 1 0 0
 754 4807.081 3361.863 1 -7 5.070 8.189 9.528348 8.189 0 1 0 0
 755 4777.245 3348.604 1 -7 64.742 12.089 69.207872 64.742 0 1 0 0
 756 4665.510 3586.889 1 -7 6.630 0.389 2.091894 6.630 0 1 0 0
 757 4764.376 3586.109 5 -7 90.483 23.789 378.589888 90.483 0 1 0 0
 758 4773.931 3465.016 5 -7 71.372 2.339 74.227344 71.372 0 1 0 0
 759 4807.081 3362.058 5 -7 5.070 8.579 11.898803 8.579 0 1 0 0
 760 4772.371 3348.409 5 -7 74.492 12.479 197.736768 74.492 0 1 0 0
 761 4660.441 3590.594 5 -7 68.252 7.799 82.136816 68.252 0 1 0 0
 762 4759.112 3585.524 -15 -7 101.013 25.739 923.734976 101.013 0 1 0 0
 763 4759.112 3470.671 -15 -7 101.013 13.649 1243.308032 101.013 0 1 0 0
 764 4759.307 3353.673 -15 -7 100.623 22.229 834.753408 100.623 0 1 0 0
 765 4757.552 3584.939 -11 -7 104.133 26.129 851.332864 104.133 0 1 0 0
 766 4757.357 3470.866 -11 -7 104.523 14.039 1325.444864 104.523 0 1 0 0
 767 4757.552 3354.258 -11 -7 104.133 23.399 855.287616 104.133 0 1 0 0
 768 4760.477 3585.719 -7 -7 98.283 26.129 987.010688 98.283 0 1 0 0
 769 4762.232 3470.866 -7 -7 94.773 14.039 1204.216960 94.773 0 1 0 0
 770 4718.356 3354.258 -7 -7 182.526 24.179 1163.604864 182.526 0 1 0 0
 771 3864.609 2835.026 -12 -7 0.390 0.389 0.050702 0.390 0 1 0 0
 772 4739.187 3289.563 -15 -7 140.404 11.699 675.651328 140.404 0 1 0 0
 773 4803.147 3170.810 -15 -7 12.480 22.229 62.819452 22.229 0 1 0 0
 774 4740.747 3290.148 -7 -7 137.284 12.869 555.488256 137.284 0 1 0 0
 775 4801.392 2806.556 -7 -7 15.990 30.029 437.758816 30.029 0 1 0 0
 776 4807.047 3152.285 -7 -7 4.680 10.139 18.787082 10.139 0 1 0 0
 777 181.051 2972.498 -10 -7 45.631 7.799 250.973600 45.631 0 1 0 0
 778 181.246 2995.508 -10 -7 45.241 6.239 80.159448 45.241 0 1 0 0
 779 205.231 3224.434 -10 -7 15.210 15.599 22.264624 15.599 0 1 0 0
 780 272.506 3236.914 -10 -7 45.241 54.599 1467.206912 54.599 0 1 0 0
 781 313.651 3245.884 -10 -7 4.290 0.779 2.086526 4.290 0 1 0 0
 782 4645.197 2806.361 -11 -7 138.064 18.719 1430.245248 138.064 0 1 0 0
 783 4626.867 2684.294 -11 -7 44.461 38.219 919.019712 44.461 0 1 0 0
 784 4742.308 3289.563 -11 -7 134.164 11.699 1027.470720 134.164 0 1 0 0
 785 4744.258 3142.535 -11 -7 10.920 7.019 20.475152 10.920 0 1 0 0
 786 4801.393 2806.556 -11 -7 15.990 30.029 441.257216 30.029 0 1 0 0
 787 4801.393 2691.314 -11 -7 15.990 73.319 1079.794944 73.319 0 1 0 0
 788 181.050 2997.068 -6 -7 45.631 5.459 78.182080 45.631 0 1 0 0
 789 184.950 3184.655 -6 -7 26.130 3.119 71.945768 26.130 0 1 0 0
 790 205.230 3220.339 -6 -7 15.210 49.529 12.557926 49.529 0 1 0 0
 791 241.890 3227.359 -6 -7 23.790 83.849 1520.747904 83.849 0 1 0 0
 792 246.765 3156.575 -6 -7 13.260 25.739 123.965744 25.739 0 1 0 0
 793 159.601 2998.043 -2 -7 2.730 1.949 1.969017 2.730 0 1 0 0
 794 190.411 3202.399 -2 -7 44.851 38.609 12.334241 44.851 0 1 0 0
 795 190.216 3177.830 -2 -7 38.221 6.629 7.832524 38.221 0 1 0 0
 796 177.736 2996.678 -2 -7 9.360 3.899 5.321296 9.360 0 1 0 0
 797 194.896 2997.848 -2 -7 7.800 0.779 3.603999 7.800 0 1 0 0
 798 195.286 2995.118 -2 -7 0.780 0.779 0.578000 0.780 0 1 0 0
 799 204.061 3246.469 -2 -7 12.870 38.609 4.751051 38.609 0 1 0 0
 800 214.591 2997.848 -2 -7 7.410 0.779 3.274736 7.410 0 1 0 0
 801 215.371 2995.118 -2 -7 0.390 0.779 0.468842 0.779 0 1 0 0
 802 235.066 3226.774 -2 -7 21.840 90.479 1513.751040 90.479 0 1 0 0
 803 233.116 2997.848 -2 -7 3.120 0.779 0.823754 3.120 0 1 0 0
 804 242.866 3155.405 -2 -7 5.460 23.399 34.223672 23.399 0 1 0 0
 805 401.206 3198.889 -2 -7 1.560 3.509 0.439017 3.509 0 1 0 0
 806 4504.797 2809.871 -3 -7 110.763 46.799 1521.052160 110.763 0 1 0 0
 807 4609.512 2806.166 -3 -7 31.591 15.989 430.761952 31.591 0 1 0 0
 808 4612.242 2687.804 -3 -7 26.130 53.039 1091.354880 53.039 0 1 0 0
 809 4721.442 3288.393 -3 -7 75.272 9.359 205.037824 75.272 0 1 0 0
 810 4770.193 3285.663 -3 -7 18.330 3.899 28.291568 18.330 0 1 0 0
 811 4788.913 3285.663 -3 -7 15.210 3.119 24.032622 15.210 0 1 0 0
 812 4801.393 2806.361 -3 -7 15.990 30.419 448.254048 30.419 0 1 0 0
 813 4801.393 2690.924 -3 -7 15.990 74.099 1079.490688 74.099 0 1 0 0
 814 4804.123 3285.858 -3 -7 10.530 4.289 9.117962 10.530 0 1 0 0
 815 4802.173 3173.345 -3 -7 4.290 11.699 7.581401 11.699 0 1 0 0
 816 4807.828 3151.895 -3 -7 3.120 9.359 10.124242 9.359 0 1 0 0
 817 160.379 2999.993 2 -7 4.290 5.069 4.264911 5.069 0 1 0 0
 818 203.279 2968.794 2 -7 76.832 0.389 20.838414 76.832 0 1 0 0
 819 189.629 3201.229 2 -7 46.411 36.269 14.323539 46.411 0 1 0 0
 820 189.239 3177.830 2 -7 39.391 6.629 7.955997 39.391 0 1 0 0
 821 185.534 2996.678 2 -7 31.981 3.899 25.553676 31.981 0 1 0 0
 822 192.749 3255.048 2 -7 34.711 54.209 7.784804 54.209 0 1 0 0
 823 215.174 2996.678 2 -7 10.140 3.899 5.924945 10.140 0 1 0 0
 824 232.529 3226.774 2 -7 19.890 92.819 1463.100032 92.819 0 1 0 0
 825 233.504 2997.848 2 -7 7.020 1.559 3.926104 7.020 0 1 0 0
 826 241.109 3159.305 2 -7 1.950 16.379 18.100520 16.379 0 1 0 0
 827 241.109 3144.290 2 -7 1.950 1.169 1.342701 1.950 0 1 0 0
 828 4472.230 2806.751 1 -7 31.591 20.279 319.725152 31.591 0 1 0 0
 829 4595.861 2805.971 1 -7 69.032 14.819 525.523520 69.032 0 1 0 0
 830 4615.361 2686.634 1 -7 29.251 49.919 1127.555968 49.919 0 1 0 0
 831 4704.476 3288.783 1 -7 34.321 8.579 50.346824 34.321 0 1 0 0
 832 4732.751 3285.468 1 -7 12.090 2.729 8.393822 12.090 0 1 0 0
 833 4749.326 3285.468 1 -7 4.680 2.729 3.450701 4.680 0 1 0 0
 834 4757.711 3285.663 1 -7 1.950 1.559 1.541333 1.950 0 1 0 0
 835 4769.411 3285.273 1 -7 4.290 2.339 2.144385 4.290 0 1 0 0
 836 4776.821 3285.663 1 -7 3.510 1.559 2.323333 3.510 0 1 0 0
 837 4786.571 3285.858 1 -7 2.730 1.169 1.627824 2.730 0 1 0 0
 838 4801.391 2806.361 1 -7 15.990 31.979 479.739840 31.979 0 1 0 0
 839 4801.391 2690.729 1 -7 15.990 75.269 1033.402816 75.269 0 1 0 0
 840 4795.346 3285.663 1 -7 0.780 0.779 1.096947 0.780 0 1 0 0
 841 4801.586 3173.930 1 -7 3.120 11.309 5.883787 11.309 0 1 0 0
 842 4806.656 3285.663 1 -7 4.680 1.559 2.632911 4.680 0 1 0 0
 843 4807.631 3152.285 1 -7 3.510 9.359 13.142487 9.359 0 1 0 0
 844 185.145 2996.678 6 -7 34.321 3.899 27.835254 34.321 0 1 0 0
 845 189.630 3201.034 6 -7 37.831 35.879 3.267578 37.831 0 1 0 0
 846 189.630 3177.830 6 -7 33.151 6.629 4.211227 33.151 0 1 0 0
 847 193.725 3256.413 6 -7 31.981 51.479 4.891823 51.479 0 1 0 0
 848 212.250 2998.043 6 -7 12.870 1.169 7.453155 12.870 0 1 0 0
 849 231.555 3227.164 6 -7 20.280 93.599 1502.799488 93.599 0 1 0 0
 850 4481.591 2810.456 5 -7 69.812 52.649 1521.052160 69.812 0 1 0 0
 851 4606.781 2806.166 5 -7 26.130 19.889 483.238272 26.130 0 1 0 0
 852 4608.146 2689.364 5 -7 22.620 57.719 1047.244352 57.719 0 1 0 0
 853 4714.031 3286.248 5 -7 20.670 4.289 24.793150 20.670 0 1 0 0
 854 4732.556 3285.663 5 -7 12.480 3.119 10.275154 12.480 0 1 0 0
 855 4752.641 3285.663 5 -7 12.090 3.119 10.513751 12.090 0 1 0 0
 856 4772.921 3285.663 5 -7 12.870 3.119 15.514732 12.870 0 1 0 0
 857 4790.082 3285.468 5 -7 12.090 2.729 9.467506 12.090 0 1 0 0
 858 4801.392 2806.361 5 -7 15.990 31.979 478.370880 31.979 0 1 0 0
 859 4801.392 2691.119 5 -7 15.990 76.049 840.685504 76.049 0 1 0 0
 860 4800.222 3296.388 5 -7 0.390 1.169 0.711017 1.169 0 1 0 0
 861 4801.002 3174.320 5 -7 1.950 9.749 3.756104 9.749 0 1 0 0
 862 4806.462 3285.858 5 -7 5.850 3.509 5.327261 5.850 0 1 0 0
 863 4807.242 3152.285 5 -7 4.290 10.139 16.084977 10.139 0 1 0 0
 864 224.144 3226.189 18 -7 18.720 101.789 1521.052160 101.789 0 1 0 0
 865 429.480 3214.099 18 -7 13.650 34.709 78.638392 34.709 0 1 0 0
 866 200.550 3254.073 14 -7 6.630 53.819 54.149456 53.819 0 1 0 0
 867 231.360 3227.554 14 -7 22.230 94.379 1521.052160 94.379 0 1 0 0
 868 4801.391 2806.361 13 -7 15.990 28.079 409.315136 28.079 0 1 0 0
 869 4801.391 2690.534 13 -7 15.990 71.759 1091.811200 71.759 0 1 0 0
 870 189.824 3198.499 10 -7 45.241 47.969 295.388320 47.969 0 1 0 0
 871 193.919 3254.658 10 -7 37.051 55.769 5.220489 55.769 0 1 0 0
 872 233.114 3228.529 10 -7 21.060 89.309 1486.372096 89.309 0 1 0 0
 873 241.694 3156.770 10 -7 3.120 26.129 47.152616 26.129 0 1 0 0
 874 4727.876 2806.361 9 -7 163.025 28.079 1931.584128 163.025 0 1 0 0
 875 4748.936 3289.368 9 -7 120.904 10.529 896.051776 120.904 0 1 0 0
 876 3076.647 2245.612 0 -7 0.390 0.389 0.043544 0.390 0 1 0 0
 877 4571.716 703.943 -13 -7 0.780 0.389 0.101403 0.780 0 1 0 0
 878 3651.703 506.997 -13 -7 0.780 34.709 14.754206 34.709 0 1 0 0
 879 3651.508 485.547 -13 -7 0.390 1.949 0.296456 1.949 0 1 0 0
 880 902.392 3264.749 -1 -8 0.390 0.779 0.101403 0.779 0 1 0 0
 881 2102.424 3366.883 7 -9 1.170 1.949 0.575017 1.949 0 1 0 0
 882 4263.420 3348.163 11 -9 0.390 0.389 0.073965 0.390 0 1 0 0
 883 1367.629 2987.148 -9 -9 0.780 0.779 0.221298 0.780 0 1 0 0
 884 2057.768 529.273 17 -9 10.140 33.539 33.311040 33.539 0 1 0 0
 885 1226.482 445.229 -5 -9 0.390 0.389 0.052491 0.390 0 1 0 0
 886 1507.639 3502.118 0 -10 2.340 2.339 0.663298 2.340 0 1 0 0
 887 207.179 3400.524 10 -10 0.390 0.389 0.085895 0.390 0 1 0 0
 888 210.689 3452.784 9 -10 0.390 0.389 0.053684 0.390 0 1 0 0
 889 2281.595 3538.192 16 -10 1.950 2.729 0.699684 2.729 0 1 0 0
 890 1198.952 3427.434 17 -10 1.950 2.729 0.730105 2.729 0 1 0 0
 891 202.729 2995.584 12 -10 89.313 6.629 148.454688 89.313 0 1 0 0
 892 4807.666 3152.361 7 -10 3.900 9.749 13.584487 9.749 0 1 0 0
 893 4796.941 2806.243 7 -10 25.350 32.759 776.649216 32.759 0 1 0 0
 894 4796.941 2707.964 7 -10 25.350 43.679 377.220928 43.679 0 1 0 0
 895 4796.941 2666.625 7 -10 25.350 30.419 378.285664 30.419 0 1 0 0
 896 4747.216 2806.438 7 -10 41.341 29.249 1164.517504 41.341 0 1 0 0
 897 4765.156 2722.589 7 -10 5.460 5.849 8.908593 5.849 0 1 0 0
 898 4758.331 2676.765 7 -10 19.110 27.299 338.434112 27.299 0 1 0 0
 899 4532.520 2806.243 7 -10 71.372 23.399 1521.052160 71.372 0 1 0 0
 900 177.964 2994.999 8 -10 0.780 0.779 0.580982 0.780 0 1 0 0
 901 4798.696 2806.438 11 -10 21.840 30.809 619.980864 30.809 0 1 0 0
 902 4798.696 2690.805 11 -10 21.840 75.659 962.369664 75.659 0 1 0 0
 903 4805.521 3178.491 11 -10 7.410 1.949 6.245858 7.410 0 1 0 0
 904 4741.366 2806.438 11 -10 53.041 26.129 1264.450688 53.041 0 1 0 0
 905 4761.061 2676.960 11 -10 13.650 23.009 257.362016 23.009 0 1 0 0
 906 345.276 2983.104 -4 -10 161.465 30.029 1701.753088 161.465 0 1 0 0
 907 166.655 2996.364 -4 -10 17.160 8.189 40.307880 17.160 0 1 0 0
 908 166.655 2971.600 -4 -10 17.160 6.239 84.114184 17.160 0 1 0 0
 909 4794.991 2806.438 -5 -10 29.251 31.589 785.014976 31.589 0 1 0 0
 910 4794.991 2690.805 -5 -10 29.251 76.439 1033.554944 76.439 0 1 0 0
 911 4740.781 2806.243 -5 -10 54.211 26.519 1284.072192 54.211 0 1 0 0
 912 4761.256 2676.375 -5 -10 13.260 22.619 238.196768 22.619 0 1 0 0
 913 4510.486 2808.388 -5 -10 115.444 39.389 1400.128512 115.444 0 1 0 0
 914 4808.642 3151.776 -1 -10 1.950 7.019 5.221682 7.019 0 1 0 0
 915 4797.917 2806.438 -1 -10 23.400 32.369 710.635520 32.369 0 1 0 0
 916 4797.917 2690.805 -1 -10 23.400 77.219 843.575488 77.219 0 1 0 0
 917 4802.792 3171.666 -1 -10 7.410 15.599 24.488938 15.599 0 1 0 0
 918 4743.707 3289.444 -1 -10 48.361 7.019 101.606280 48.361 0 1 0 0
 919 4744.682 2806.243 -1 -10 46.411 28.079 1240.874368 46.411 0 1 0 0
 920 4761.062 2676.570 -1 -10 13.650 24.569 280.482016 24.569 0 1 0 0
 921 4523.746 2805.853 -1 -10 88.923 29.639 1521.052160 88.923 0 1 0 0
 922 346.640 2985.054 0 -10 0.390 0.389 0.419333 0.390 0 1 0 0
 923 338.840 2983.104 0 -10 4.290 2.729 3.553894 4.290 0 1 0 0
 924 313.295 2981.739 0 -10 40.561 6.239 43.197880 40.561 0 1 0 0
 925 220.865 2971.600 0 -10 125.584 6.239 115.752064 125.584 0 1 0 0
 926 261.230 3241.085 0 -10 1.950 2.339 0.836877 2.339 0 1 0 0
 927 253.040 2994.999 0 -10 0.390 0.779 0.462877 0.779 0 1 0 0
 928 234.320 2997.144 0 -10 8.189 1.949 3.992911 8.189 0 1 0 0
 929 189.275 2997.339 0 -10 62.402 5.459 59.625244 62.402 0 1 0 0
 930 4808.055 3152.166 3 -10 3.120 9.359 10.063997 9.359 0 1 0 0
 931 4796.160 2806.438 3 -10 26.910 33.149 789.882368 33.149 0 1 0 0
 932 4796.160 2690.805 3 -10 26.910 77.999 881.297600 77.999 0 1 0 0
 933 4745.265 2806.243 3 -10 45.241 28.859 1215.472768 45.241 0 1 0 0
 934 4760.085 2676.765 3 -10 15.600 25.739 308.469376 25.739 0 1 0 0
 935 4511.265 2809.363 3 -10 113.883 33.539 1521.052160 113.883 0 1 0 0
 936 265.715 3235.040 4 -10 47.581 63.569 1521.052160 63.569 0 1 0 0
 937 166.654 2997.534 4 -10 17.160 5.849 13.537364 17.160 0 1 0 0
 938 4809.226 3152.361 -13 -10 0.780 3.509 1.435754 3.509 0 1 0 0
 939 4794.796 2806.828 -13 -10 29.641 32.369 635.191360 32.369 0 1 0 0
 940 4794.796 2691.000 -13 -10 29.641 76.829 981.839168 76.829 0 1 0 0
 941 4805.911 3178.491 -13 -10 6.630 1.949 5.347542 6.630 0 1 0 0
 942 4802.791 3164.841 -13 -10 6.630 6.629 5.785366 6.630 0 1 0 0
 943 4742.341 2806.633 -13 -10 51.091 27.299 1281.790592 51.091 0 1 0 0
 944 4761.256 2676.960 -13 -10 13.260 23.009 248.235712 23.009 0 1 0 0
 945 4725.571 3145.147 -13 -10 48.751 14.039 153.778368 48.751 0 1 0 0
 946 4522.576 2806.048 -13 -10 91.263 29.249 1521.052160 91.263 0 1 0 0
 947 234.710 2978.035 -12 -10 153.275 17.549 1010.739136 153.275 0 1 0 0
 948 4797.917 2806.633 -9 -10 23.400 31.979 671.696640 31.979 0 1 0 0
 949 4797.917 2691.000 -9 -10 23.400 76.049 959.631808 76.049 0 1 0 0
 950 4741.367 2806.438 -9 -10 53.041 26.909 1290.308480 53.041 0 1 0 0
 951 4761.257 2676.765 -9 -10 13.260 22.619 238.196768 22.619 0 1 0 0
 952 4515.166 2811.118 -9 -10 106.083 44.069 1521.052160 106.083 0 1 0 0
 953 252.455 2977.840 -8 -10 188.766 17.939 1333.658496 188.766 0 1 0 0
 954 4392.866 2364.041 -13 -10 8.580 1.559 2.127087 8.580 0 1 0 0
 955 4789.692 2364.431 -13 -10 39.391 17.939 417.376704 39.391 0 1 0 0
 956 4394.036 2363.846 -9 -10 6.240 1.169 1.169719 6.240 0 1 0 0
 957 4801.392 2363.846 -9 -10 15.990 15.989 153.930480 15.990 0 1 0 0
 958 4801.392 2363.651 -5 -10 15.990 16.379 184.655728 16.379 0 1 0 0
 959 4390.331 2363.846 -1 -10 13.650 1.169 15.058416 13.650 0 1 0 0
 960 4785.207 2363.651 -1 -10 48.361 18.719 514.724032 48.361 0 1 0 0
 961 4390.915 2363.846 3 -10 12.480 1.169 2.940701 12.480 0 1 0 0
 962 4782.476 2363.456 3 -10 53.821 19.889 587.126144 53.821 0 1 0 0
 963 4390.330 2363.846 7 -10 13.650 1.169 13.537364 13.650 0 1 0 0
 964 4796.516 2363.456 7 -10 25.740 16.769 219.639920 25.740 0 1 0 0
 965 4804.902 2364.041 11 -10 8.970 12.479 27.848376 12.479 0 1 0 0
 966 641.056 2261.083 15 -10 0.780 0.779 0.130632 0.780 0 1 0 0
 967 3379.484 991.723 -11 -10 1.560 1.169 0.253509 1.560 0 1 0 0
 968 3365.798 364.340 5 -10 12.870 15.209 84.722600 15.209 0 1 0 0
 969 1586.223 1758.967 17 -10 0.390 0.389 0.167614 0.390 0 1 0 0
 970 2978.366 3836.457 17 -11 12.870 15.989 91.567336 15.989 0 1 0 0
 971 4478.700 1899.800 17 -11 33.151 33.149 417.224608 33.151 0 1 0 0
 972 2851.420 1971.949 2 -11 0.780 0.389 0.085298 0.780 0 1 0 0
 973 3968.190 2530.809 0 -11 0.390 0.389 0.082912 0.390 0 1 0 0
 974 3265.568 1462.808 12 -11 0.390 0.389 0.079930 0.390 0 1 0 0
 975 4472.230 1289.262 17 -11 26.130 23.789 128.224696 26.130 0 1 0 0
 976 4470.475 1463.783 17 -11 10.920 9.359 17.218310 10.920 0 1 0 0
 977 4470.280 970.832 17 -11 14.430 5.459 24.945254 14.430 0 1 0 0
 978 319.305 3794.908 -5 -12 0.780 0.779 0.116316 0.780 0 1 0 0
 979 1321.802 3826.497 3 -12 1.170 0.779 0.156877 1.170 0 1 0 0
 980 2188.191 1782.857 -4 -12 0.780 0.779 0.103789 0.780 0 1 0 0
 981 684.966 3401.134 -15 -13 31.981 0.389 9.734734 31.981 0 1 0 0
 982 1815.774 2323.297 -15 -13 0.390 0.779 0.119298 0.779 0 1 0 0
 983 2540.946 1398.597 -15 -13 176.676 54.989 1024.884928 176.676 0 1 0 0
 984 2693.242 1372.662 -15 -13 93.603 3.899 141.153632 93.603 0 1 0 0
 985 2644.102 1460.410 -6 -13 0.780 0.779 0.109754 0.780 0 1 0 0
 986 2710.011 1367.787 16 -13 39.001 1.949 24.793150 39.001 0 1 0 0
 987 2837.931 1368.567 16 -13 173.946 3.509 194.390464 173.946 0 1 0 0
 988 2934.261 1369.152 16 -13 10.920 1.559 5.559296 10.920 0 1 0 0
 989 3072.127 1407.371 16 -13 114.273 75.659 1453.821568 114.273 0 1 0 0
 990 4480.420 1297.783 16 -13 40.951 38.219 391.214592 40.951 0 1 0 0
 991 3522.807 574.737 16 -13 0.390 0.389 0.149123 0.390 0 1 0 0
 992 4474.570 987.057 16 -13 30.031 52.649 634.126656 52.649 0 1 0 0
 993 3974.396 3960.572 -11 -14 0.780 1.169 0.217719 1.169 0 1 0 0
 994 4741.333 3470.546 -11 -14 136.114 13.259 865.022336 136.114 0 1 0 0
 995 4774.093 3353.743 -11 -14 70.592 23.009 664.547648 70.592 0 1 0 0
 996 4775.848 3585.984 -11 -14 67.082 22.619 436.237760 67.082 0 1 0 0
 997 4658.651 3350.623 1 -14 42.511 5.849 34.984200 42.511 0 1 0 0
 998 4712.666 3470.351 1 -14 130.264 12.869 970.431232 130.264 0 1 0 0
 999 4756.541 3591.054 1 -14 42.511 10.139 256.601488 42.511 0 1 0 0
 1000 4756.346 3349.258 1 -14 42.121 10.919 292.346208 42.121 0 1 0 0
 1001 4801.391 3585.984 1 -14 15.990 23.399 223.290448 23.399 0 1 0 0
 1002 4801.391 3470.351 1 -14 15.990 13.649 217.358352 15.990 0 1 0 0
 1003 4801.391 3353.938 1 -14 15.990 24.179 228.918336 24.179 0 1 0 0
 1004 4775.651 3353.353 5 -14 67.472 22.229 578.456128 67.472 0 1 0 0
 1005 4801.392 3585.594 5 -14 15.990 22.619 183.134672 22.619 0 1 0 0
 1006 4801.392 3466.061 5 -14 15.990 5.069 66.013660 15.990 0 1 0 0
 1007 4598.982 3469.376 -7 -14 23.010 9.359 21.711676 23.010 0 1 0 0
 1008 4620.237 3470.741 -7 -14 1.560 1.949 1.408912 1.949 0 1 0 0
 1009 4654.947 3350.428 -7 -14 60.842 7.019 289.760416 60.842 0 1 0 0
 1010 4704.672 3470.351 -7 -14 143.134 12.089 878.559680 143.134 0 1 0 0
 1011 4754.007 3349.258 -7 -14 43.681 10.919 299.799360 43.681 0 1 0 0
 1012 4762.197 3591.054 -7 -14 28.080 10.139 195.150992 28.080 0 1 0 0
 1013 4801.392 3585.789 -7 -14 15.990 23.009 215.989408 23.009 0 1 0 0
 1014 4801.392 3470.351 -7 -14 15.990 13.649 207.623616 15.990 0 1 0 0
 1015 4801.392 3353.548 -7 -14 15.990 22.619 213.099408 22.619 0 1 0 0
 1016 4670.352 3470.351 -3 -14 160.295 12.089 7.632699 160.295 0 1 0 0
 1017 4662.747 3349.843 -3 -14 74.882 8.189 362.770944 74.882 0 1 0 0
 1018 4670.352 3589.299 -3 -14 46.411 5.849 103.887856 46.411 0 1 0 0
 1019 4711.692 3348.478 -3 -14 4.290 2.339 0.985403 4.290 0 1 0 0
 1020 4733.142 3348.478 -3 -14 34.711 8.579 111.036808 34.711 0 1 0 0
 1021 4739.967 3591.639 -3 -14 21.060 6.629 60.842084 21.060 0 1 0 0
 1022 4801.393 3585.009 -3 -14 15.990 25.349 228.005712 25.349 0 1 0 0
 1023 4801.393 3470.351 -3 -14 15.990 13.649 216.293616 15.990 0 1 0 0
 1024 4801.393 3353.938 -3 -14 15.990 24.179 232.568864 24.179 0 1 0 0
 1025 385.054 3203.071 10 -14 0.780 9.749 2.632315 9.749 0 1 0 0
 1026 318.754 3205.216 10 -14 0.780 8.579 3.419683 8.579 0 1 0 0
 1027 285.409 3230.175 10 -14 29.251 83.459 1519.074688 83.459 0 1 0 0
 1028 4809.031 3151.397 13 -14 1.170 4.679 2.548806 4.679 0 1 0 0
 1029 384.860 3202.876 14 -14 1.170 20.279 14.602100 20.279 0 1 0 0
 1030 362.824 3203.071 14 -14 0.780 19.109 14.449995 19.109 0 1 0 0
 1031 340.789 3202.876 14 -14 1.170 23.399 19.925782 23.399 0 1 0 0
 1032 318.754 3203.851 14 -14 1.560 25.349 22.663676 25.349 0 1 0 0
 1033 293.404 3229.005 14 -14 29.641 92.819 1498.844800 92.819 0 1 0 0
 1034 4805.716 3286.529 5 -14 7.800 5.849 7.750208 7.800 0 1 0 0
 1035 4808.641 3151.982 5 -14 1.950 8.189 6.504735 8.189 0 1 0 0
 1036 4747.021 2806.058 5 -14 125.194 29.249 2528.444928 125.194 0 1 0 0
 1037 4784.656 2690.425 5 -14 49.921 72.539 1180.032256 72.539 0 1 0 0
 1038 4741.171 3288.284 5 -14 111.153 9.359 307.860960 111.153 0 1 0 0
 1039 4469.340 2804.303 5 -14 27.690 19.499 192.260992 27.690 0 1 0 0
 1040 277.414 3232.320 6 -14 32.761 74.489 1521.052160 74.489 0 1 0 0
 1041 4809.420 3151.592 9 -14 0.390 2.729 1.008070 2.729 0 1 0 0
 1042 445.700 3227.250 -6 -14 37.831 101.009 774.367616 101.009 0 1 0 0
 1043 327.920 3266.445 -6 -14 32.371 36.659 253.863600 36.659 0 1 0 0
 1044 283.850 3179.866 -6 -14 86.973 34.319 252.038336 86.973 0 1 0 0
 1045 280.340 2982.920 -6 -14 84.632 24.959 942.443904 84.632 0 1 0 0
 1046 307.640 3235.635 -6 -14 19.890 20.279 71.793664 20.279 0 1 0 0
 1047 302.570 3290.429 -6 -14 1.950 1.169 0.946631 1.950 0 1 0 0
 1048 296.915 3284.189 -6 -14 2.340 1.169 1.634385 2.340 0 1 0 0
 1049 278.390 3284.189 -6 -14 5.850 1.949 3.995893 5.850 0 1 0 0
 1050 251.870 3148.472 -6 -14 22.230 10.529 136.894688 22.230 0 1 0 0
 1051 260.060 3283.994 -6 -14 3.510 2.339 3.115473 3.510 0 1 0 0
 1052 166.655 2983.115 -6 -14 17.160 29.249 390.149856 29.249 0 1 0 0
 1053 4749.166 3288.869 -7 -14 120.904 10.529 947.767552 120.904 0 1 0 0
 1054 4779.392 3222.960 -7 -14 60.452 5.069 165.034160 60.452 0 1 0 0
 1055 4805.327 3176.356 -7 -14 8.580 10.139 16.612275 10.139 0 1 0 0
 1056 4803.377 3163.097 -7 -14 12.480 10.139 11.715680 12.480 0 1 0 0
 1057 4799.867 2806.253 -7 -14 19.500 24.959 405.056192 24.959 0 1 0 0
 1058 4800.062 2691.400 -7 -14 19.110 66.689 1124.361728 66.689 0 1 0 0
 1059 4745.656 3146.327 -7 -14 99.843 19.499 759.917632 99.843 0 1 0 0
 1060 4747.411 2806.058 -7 -14 40.951 15.209 361.401984 40.951 0 1 0 0
 1061 4669.216 3148.082 -7 -14 14.820 4.289 10.951575 14.820 0 1 0 0
 1062 4747.997 3289.259 -3 -14 123.244 11.309 968.453888 123.244 0 1 0 0
 1063 4776.272 3223.545 -3 -14 66.692 6.239 226.636768 66.692 0 1 0 0
 1064 4804.352 3169.726 -3 -14 10.530 22.619 52.172088 22.619 0 1 0 0
 1065 4800.257 2806.058 -3 -14 18.720 26.129 419.810400 26.129 0 1 0 0
 1066 4800.452 2691.205 -3 -14 18.330 68.639 1110.520192 68.639 0 1 0 0
 1067 4743.707 3146.327 -3 -14 95.943 19.499 5.417332 95.943 0 1 0 0
 1068 4740.977 2805.668 -3 -14 53.821 16.769 520.351936 53.821 0 1 0 0
 1069 4534.666 3147.497 -3 -14 23.400 3.119 13.689469 23.400 0 1 0 0
 1070 453.501 3267.615 -2 -14 21.450 20.279 184.047312 21.450 0 1 0 0
 1071 455.061 3232.515 -2 -14 18.330 25.739 154.843104 25.739 0 1 0 0
 1072 328.116 3266.250 -2 -14 30.421 37.049 216.293616 37.049 0 1 0 0
 1073 299.840 2982.335 -2 -14 79.952 25.349 893.465984 79.952 0 1 0 0
 1074 314.660 3177.721 -2 -14 41.731 8.189 149.063104 41.731 0 1 0 0
 1075 309.590 3235.635 -2 -14 15.990 20.279 34.223672 20.279 0 1 0 0
 1076 284.045 3173.821 -2 -14 14.040 0.389 3.042104 14.040 0 1 0 0
 1077 273.125 3236.025 -2 -14 27.300 49.919 870.041792 49.919 0 1 0 0
 1078 173.285 3184.156 -2 -14 3.900 2.339 3.916560 3.900 0 1 0 0
 1079 166.655 2994.620 -2 -14 17.160 11.699 80.159448 17.160 0 1 0 0
 1080 166.655 2977.655 -2 -14 17.160 18.329 308.013056 18.329 0 1 0 0
 1081 4749.945 3288.869 1 -14 119.344 10.529 917.042304 119.344 0 1 0 0
 1082 4809.421 3151.397 1 -14 0.390 3.899 1.154807 3.899 0 1 0 0
 1083 4787.190 2805.473 1 -14 44.851 23.399 711.700288 44.851 0 1 0 0
 1084 4805.131 3177.916 1 -14 8.189 2.339 7.117927 8.189 0 1 0 0
 1085 4803.376 3164.071 1 -14 7.800 7.409 6.097928 7.800 0 1 0 0
 1086 4783.680 3221.595 1 -14 36.271 2.339 37.874196 36.271 0 1 0 0
 1087 4744.485 3141.062 1 -14 10.140 4.289 9.490172 10.140 0 1 0 0
 1088 334.744 3277.169 2 -14 5.460 2.729 4.049578 5.460 0 1 0 0
 1089 323.239 3260.595 2 -14 19.110 24.959 71.793664 24.959 0 1 0 0
 1090 290.479 2979.215 2 -14 55.771 15.209 447.797728 55.771 0 1 0 0
 1091 313.099 3245.385 2 -14 3.510 0.779 1.685684 3.510 0 1 0 0
 1092 314.659 3240.900 2 -14 0.390 4.289 1.644526 4.289 0 1 0 0
 1093 307.054 3230.370 2 -14 4.680 8.969 6.151015 8.969 0 1 0 0
 1094 305.104 3181.036 2 -14 1.560 0.779 0.986596 1.560 0 1 0 0
 1095 276.049 3232.710 2 -14 27.690 64.349 1081.315968 64.349 0 1 0 0
 1096 265.324 3144.572 2 -14 5.460 1.949 4.195121 5.460 0 1 0 0
 1097 173.674 3184.156 2 -14 3.120 2.339 2.666315 3.120 0 1 0 0
 1098 166.654 2994.620 2 -14 17.160 6.239 33.311040 17.160 0 1 0 0
 1099 166.654 2977.460 2 -14 17.160 17.939 242.912032 17.939 0 1 0 0
 1100 4749.167 3288.869 -11 -14 120.904 10.529 959.175488 120.904 0 1 0 0
 1101 4803.377 3169.726 -11 -14 12.480 23.399 63.275768 23.399 0 1 0 0
 1102 4714.067 3145.937 -11 -14 107.643 20.279 838.403904 107.643 0 1 0 0
 1103 2351.016 322.015 -10 -14 0.390 0.779 0.080526 0.779 0 1 0 0
 1104 3796.554 404.498 7 -14 3.120 1.169 0.759333 3.120 0 1 0 0
 1105 1954.808 3849.505 9 -15 0.780 0.779 0.077544 0.780 0 1 0 0
 1106 4146.029 2130.839 2 -15 0.390 0.779 0.073965 0.779 0 1 0 0
 1107 744.407 1279.722 -9 -15 0.780 0.389 0.061439 0.780 0 1 0 0
 1108 3741.370 1339.391 -9 -15 0.390 0.389 0.059649 0.390 0 1 0 0
 1109 1735.238 638.965 14 -15 1.560 18.719 20.838414 18.719 0 1 0 0
 1110 3383.932 3578.008 2 -16 0.780 0.779 0.127649 0.780 0 1 0 0
 1111 1687.234 2256.550 -13 -16 2.730 1.949 0.782596 2.730 0 1 0 0
 1112 4513.605 1478.768 14 -16 109.203 51.089 923.430720 109.203 0 1 0 0
 1113 3431.158 1085.266 -13 -16 12.090 1.169 3.466209 12.090 0 1 0 0
 1114 1185.498 303.703 -6 -16 3.120 1.169 0.308982 3.120 0 1 0 0
 1115 174.615 2994.422 -8 -17 0.780 0.389 0.138386 0.780 0 1 0 0
 1116 4801.392 2805.860 -9 -17 15.990 30.419 444.299328 30.419 0 1 0 0
 1117 4801.392 2664.098 -9 -17 15.990 23.789 241.390976 23.789 0 1 0 0
 1118 4628.426 2684.767 -5 -17 53.821 44.069 1263.233792 53.821 0 1 0 0
 1119 4686.732 2805.470 -5 -17 53.431 14.819 465.137728 53.431 0 1 0 0
 1120 4801.392 2805.860 -5 -17 15.990 29.639 427.719840 29.639 0 1 0 0
 1121 4801.392 2690.422 -5 -17 15.990 75.659 667.285568 75.659 0 1 0 0
 1122 4473.012 2804.885 -1 -17 7.410 5.849 5.727507 7.410 0 1 0 0
 1123 4624.917 2686.912 -1 -17 45.241 42.899 1055.305984 45.241 0 1 0 0
 1124 4689.072 2805.470 -1 -17 62.792 15.599 567.352448 62.792 0 1 0 0
 1125 4744.257 3147.299 -1 -17 94.383 17.549 542.559296 94.383 0 1 0 0
 1126 4780.917 3288.671 -1 -17 56.941 7.019 68.295240 56.941 0 1 0 0
 1127 4794.567 3222.178 -1 -17 29.641 4.289 81.984712 29.641 0 1 0 0
 1128 4801.392 2805.860 -1 -17 15.990 29.639 433.499840 29.639 0 1 0 0
 1129 4801.392 2690.227 -1 -17 15.990 75.269 1104.588032 75.269 0 1 0 0
 1130 4803.732 3162.704 -1 -17 11.310 9.359 11.275470 11.310 0 1 0 0
 1131 4804.707 3176.159 -1 -17 9.360 9.749 12.651575 9.749 0 1 0 0
 1132 4623.745 2684.962 3 -17 45.241 39.779 958.871232 45.241 0 1 0 0
 1133 4713.251 2805.470 3 -17 98.673 21.059 986.554432 98.673 0 1 0 0
 1134 4801.391 2805.860 3 -17 15.990 29.639 429.849344 29.639 0 1 0 0
 1135 4801.391 2713.042 3 -17 15.990 29.639 287.783072 29.639 0 1 0 0
 1136 4801.391 2671.703 3 -17 15.990 38.219 346.343584 38.219 0 1 0 0
 1137 227.851 2982.917 0 -17 139.234 28.859 2131.906688 139.234 0 1 0 0
 1138 4603.076 2688.667 7 -17 21.060 64.349 1298.522240 64.349 0 1 0 0
 1139 4618.871 2805.080 7 -17 50.311 18.719 349.081472 50.311 0 1 0 0
 1140 4801.391 2805.470 7 -17 15.990 32.759 410.379872 32.759 0 1 0 0
 1141 4801.391 2724.937 7 -17 15.990 8.189 95.217864 15.990 0 1 0 0
 1142 4801.391 2659.223 7 -17 15.990 17.159 174.160464 17.159 0 1 0 0
 1143 4774.482 2680.867 11 -17 44.071 50.309 269.226240 50.309 0 1 0 0
 1144 4797.136 2362.099 7 -17 24.960 17.549 223.594656 24.960 0 1 0 0
 1145 1905.245 1213.464 -9 -17 0.390 1.169 0.175965 1.169 0 1 0 0
 1146 903.331 1137.805 10 -17 0.390 0.389 0.085298 0.390 0 1 0 0
 1147 3273.012 1227.799 9 -18 0.780 0.779 0.116912 0.780 0 1 0 0
 1148 1132.102 1182.560 -5 -18 0.390 0.779 0.186702 0.779 0 1 0 0
 1149 3322.153 1006.283 -11 -18 1.560 1.559 0.630491 1.560 0 1 0 0
 1150 2807.122 782.067 12 -18 13.260 0.389 3.346315 13.260 0 1 0 0
 1151 2837.152 782.067 12 -18 0.780 0.389 0.144947 0.780 0 1 0 0
 1152 299.026 3234.176 -9 -19 1.560 1.559 0.478982 1.560 0 1 0 0
 1153 425.190 1251.927 7 -19 0.390 0.389 0.086491 0.390 0 1 0 0
 1154 4808.056 3466.466 5 -21 3.120 2.339 2.323333 3.120 0 1 0 0
 1155 4787.190 3469.196 1 -21 44.851 11.699 298.126208 44.851 0 1 0 0
 1156 4787.192 3584.633 -3 -21 44.851 21.059 277.592000 44.851 0 1 0 0
 1157 4792.262 3468.416 -3 -21 34.711 10.139 100.237336 34.711 0 1 0 0
 1158 4797.722 3346.933 -3 -21 23.790 8.969 79.551024 23.790 0 1 0 0
 1159 4769.447 3347.518 -3 -21 21.840 7.799 15.517714 21.840 0 1 0 0
 1160 249.106 3234.645 -2 -21 28.080 70.199 1521.052160 70.199 0 1 0 0
 1161 4720.467 3285.929 -3 -21 1.560 1.169 0.940070 1.560 0 1 0 0
 1162 4728.657 3286.319 -3 -21 3.120 1.949 1.563999 3.120 0 1 0 0
 1163 4756.933 3287.099 -3 -21 48.751 5.069 50.194720 48.751 0 1 0 0
 1164 4786.573 2797.072 -3 -21 19.890 4.679 8.061576 19.890 0 1 0 0
 1165 4807.633 3151.576 -3 -21 3.510 10.139 12.742241 10.139 0 1 0 0
 1166 250.860 3240.884 -6 -21 33.151 65.519 1521.052160 65.519 0 1 0 0
 1167 2632.985 3230.160 3 -21 0.390 0.389 0.054281 0.390 0 1 0 0
 1168 242.474 3230.355 2 -21 24.180 80.339 1521.052160 80.339 0 1 0 0
 1169 4808.996 3150.796 1 -21 0.780 5.459 2.674666 5.459 0 1 0 0
 1170 237.405 3231.525 6 -21 23.400 83.459 1521.052160 83.459 0 1 0 0
 1171 4756.736 2803.897 5 -21 105.303 23.789 742.881856 105.303 0 1 0 0
 1172 277.966 1236.250 -4 -21 1.560 0.779 0.298842 1.560 0 1 0 0
 1173 3384.907 1212.070 3 -21 1.170 1.559 0.380561 1.559 0 1 0 0
 1174 3387.052 1191.401 3 -21 0.780 0.779 0.101403 0.780 0 1 0 0;
SummarySpec 5
  TESTNO    NDEFECT    DEFDENSITY    NDIE    NDEFDIE  ;
SummaryList 
  1    1174    5.0675683022e+00    1287    320  ;
EndOfFile;
