FileVersion 1 2;
FileTimestamp 06-06-19 18:12:50;
InspectionStationID "NONE" "KLA2139" "IPS202";
SampleType WAFER;
ResultTimestamp 02-04-18 12:33:41;
LotID "181C45";
SampleSize 1 200;
DeviceID "MA39";
SetupID "MA39_M1CRIE" 12-03-16 00:03:47;
StepID "M1CRIE_0662";
SampleOrientationMarkType NOTCH;
OrientationMarkLocation DOWN;
DiePitch 5.0012900000e+03 5.1769000000e+03;
DieOrigin 0.0000000000e+00 0.0000000000e+00;
WaferID "@06";
Slot 6;
SampleCenterLocation 5.1532600000e+03 -6.5231400000e+02;
ClassLookup 74
  0 "Uncategorized"
  1 "Small PT"
  2 "Medium PT"
  3 "Large PT"
  4 "Polymer"
  5 "Flake PT"
  6 "Scratch"
  9 "Other Defect"
  10 "Other Residue"
  11 "Wet Residue"
  13 "W Residue"
  14 "PR Residue"
  15 "Liquid Mark"
  16 "Thread Defect"
  20 "Pits"
  22 "Pattern Deformed"
  23 "Defocus"
  24 "PR BUBBLE"
  25 "Crown Defect"
  27 "Bead Defect"
  30 "CMP Scratch"
  31 "Minor CMP Scratch"
  35 "Rip Out"
  40 "Protrusion"
  42 "Top Blocked"
  43 "Bottom Blocked"
  44 "Line broken"
  45 "Metal Corrosion"
  46 "Galvanic Corrosion"
  51 "PR Popping"
  52 "Salicide Bad"
  53 "STI Dimple"
  59 "W Void"
  60 "AA Dep PT"
  61 "GC Dep PT"
  62 "CVD Dep PT"
  63 "Metal Dep PT"
  73 "Cone Defect"
  74 "Metal Depression"
  77 "Underlayer"
  78 "NUISANCE/FALSE"
  79 "Metal Grain"
  80 "Don't Care/Minor"
  95 "Missing AI"
  99 "test2"
  100 "Cluster"
  101 "CU CMP Scratch"
  102 "CU Void"
  103 "2_PO Missing"
  104 "CU Pattern Open"
  105 "CU Remain"
  106 "Circle CU Remain"
  107 "CU CVD PT"
  108 "CU Eclips"
  109 "CU CMP Residue"
  110 "Minor CU CMP Scratch"
  111 "CMP PT"
  112 "CU SEAM PT"
  113 "CU Ox"
  114 "CU Pattern Open(Minor)"
  116 "1_PO Missing"
  117 "PAD Abnormality"
  150 "Guard Ring Circle Defect"
  151 "EBR Circle Defect"
  152 "PAD Hillock"
  153 "PAD Residue"
  154 "PAD Hole"
  155 "Color PR Residue"
  201 "Bin 1"
  202 "Bin 2"
  203 "Bin 3"
  204 "Bin 4"
  205 "Bin 5"
  206 "Bin 6"  ;
OrientationInstructions "";
InspectionTest 1;
SampleTestPlan 1050
  -18 -3 
  -17 -5 
  -17 -4 
  -17 5 
  -16 -9 
  -16 -5 
  -16 5 
  -15 -1 
  -15 1 
  -15 3 
  -14 -6 
  -14 -1 
  -14 6 
  -14 7 
  -13 -7 
  -12 -7 
  -12 -6 
  -12 9 
  -11 -9 
  -11 4 
  -10 -6 
  -9 -13 
  -9 7 
  -9 9 
  -8 -16 
  -8 -15 
  -8 -14 
  -8 -13 
  -8 -10 
  -8 0 
  -8 9 
  -7 -12 
  -7 -4 
  -7 -1 
  -7 8 
  -6 -9 
  -6 -1 
  -6 5 
  -6 8 
  -5 -13 
  -5 -4 
  -5 -2 
  -5 2 
  -5 4 
  -5 15 
  -4 -6 
  -4 0 
  -4 15 
  -3 -7 
  -3 -6 
  -3 -2 
  -2 -15 
  -2 -1 
  -2 1 
  -2 4 
  -2 10 
  -1 -16 
  -1 -8 
  -1 -6 
  -1 8 
  -1 15 
  0 -16 
  0 -15 
  0 -13 
  0 -6 
  0 -1 
  0 9 
  1 -9 
  1 -1 
  1 3 
  1 15 
  2 -15 
  2 -13 
  2 -1 
  3 -3 
  4 -14 
  4 -10 
  5 -9 
  5 -8 
  5 -5 
  5 4 
  5 13 
  6 11 
  7 -12 
  7 -8 
  7 4 
  7 13 
  8 -16 
  8 -13 
  8 -12 
  8 -5 
  8 15 
  9 -5 
  10 -5 
  10 1 
  10 4 
  10 10 
  10 12 
  11 1 
  11 4 
  11 5 
  11 9 
  12 -3 
  13 0 
  14 -12 
  14 -6 
  14 10 
  15 -11 
  16 -8 
  17 -3 
  17 5 
  18 -6 
  18 4 
  19 -1 
  -17 -6 
  -17 3 
  -16 3 
  -15 0 
  -15 7 
  -15 9 
  -14 -9 
  -14 -8 
  -14 1 
  -14 3 
  -13 -12 
  -13 -6 
  -13 5 
  -13 11 
  -12 -4 
  -12 8 
  -11 -14 
  -11 -13 
  -11 -4 
  -11 1 
  -10 -12 
  -10 -8 
  -10 -7 
  -10 -1 
  -10 0 
  -10 11 
  -10 12 
  -9 -9 
  -9 -7 
  -9 -4 
  -9 8 
  -9 12 
  -8 -3 
  -8 4 
  -8 13 
  -7 -17 
  -7 -16 
  -7 -9 
  -7 -5 
  -7 12 
  -6 -7 
  -6 0 
  -6 12 
  -6 14 
  -6 15 
  -5 -14 
  -5 -12 
  -5 -10 
  -5 10 
  -5 11 
  -5 14 
  -4 -17 
  -4 2 
  -4 6 
  -3 -3 
  -3 5 
  -3 7 
  -3 9 
  -2 -13 
  -1 -5 
  -1 0 
  -1 1 
  -1 5 
  -1 6 
  0 -2 
  0 8 
  0 10 
  0 14 
  1 -14 
  1 -4 
  1 4 
  1 11 
  2 -9 
  2 -7 
  2 -6 
  2 4 
  2 10 
  2 15 
  3 -18 
  3 2 
  3 11 
  4 -2 
  4 5 
  4 6 
  4 14 
  5 -16 
  5 -15 
  5 -11 
  5 -10 
  5 0 
  6 -6 
  6 3 
  7 -16 
  7 -15 
  7 -9 
  7 -7 
  7 5 
  7 9 
  7 11 
  8 -3 
  8 0 
  8 3 
  8 5 
  8 7 
  9 -1 
  9 13 
  10 -16 
  10 -14 
  10 -6 
  10 -3 
  10 -2 
  11 -15 
  11 -10 
  11 -7 
  11 -1 
  11 0 
  11 11 
  12 -5 
  12 -2 
  12 1 
  12 4 
  13 -5 
  13 -3 
  13 7 
  13 9 
  14 -5 
  14 -3 
  14 -1 
  14 0 
  14 3 
  14 7 
  15 -1 
  15 4 
  16 -7 
  16 -6 
  16 -4 
  16 8 
  16 9 
  -17 1 
  -16 -6 
  -16 -1 
  -16 0 
  -15 -5 
  -14 -4 
  -14 4 
  -14 5 
  -13 0 
  -13 8 
  -12 -9 
  -12 2 
  -11 -10 
  -11 -5 
  -11 -2 
  -11 2 
  -10 -13 
  -10 3 
  -10 4 
  -10 5 
  -10 13 
  -9 -12 
  -9 -5 
  -9 13 
  -9 14 
  -8 -12 
  -8 -6 
  -8 -2 
  -8 11 
  -8 15 
  -7 -14 
  -7 -13 
  -7 -10 
  -7 -7 
  -7 1 
  -6 -12 
  -6 -4 
  -6 -2 
  -6 3 
  -6 13 
  -5 -6 
  -5 7 
  -5 16 
  -4 -11 
  -4 -9 
  -4 -5 
  -4 10 
  -3 -11 
  -3 14 
  -3 15 
  -2 -18 
  -2 -16 
  -2 -6 
  -2 -5 
  -1 -13 
  -1 11 
  -1 12 
  0 -17 
  0 0 
  0 4 
  0 17 
  1 1 
  1 14 
  2 -11 
  2 -2 
  2 6 
  2 17 
  3 -16 
  3 -1 
  3 15 
  4 -5 
  4 -3 
  4 1 
  4 16 
  5 -18 
  5 -3 
  5 -2 
  5 1 
  6 -13 
  6 -12 
  6 -4 
  6 2 
  6 12 
  7 -14 
  7 -2 
  7 16 
  8 -15 
  8 -11 
  8 -4 
  8 4 
  8 10 
  9 -16 
  9 -14 
  9 -6 
  9 -4 
  9 2 
  9 7 
  10 -13 
  10 -4 
  10 2 
  11 -9 
  11 -6 
  12 -10 
  12 -9 
  12 13 
  13 -9 
  13 -1 
  13 1 
  13 6 
  13 8 
  14 -9 
  14 5 
  15 2 
  15 3 
  16 -2 
  16 -1 
  17 -2 
  18 -7 
  18 -1 
  -18 2 
  -15 -4 
  -15 8 
  -14 0 
  -14 8 
  -13 -11 
  -13 -8 
  -13 -4 
  -13 2 
  -13 9 
  -12 -12 
  -12 0 
  -11 -8 
  -11 8 
  -11 10 
  -11 11 
  -11 13 
  -10 -11 
  -10 -10 
  -10 9 
  -10 14 
  -9 -11 
  -9 -1 
  -8 -4 
  -8 3 
  -7 -3 
  -7 0 
  -7 3 
  -7 7 
  -7 15 
  -6 -17 
  -6 -13 
  -6 -11 
  -6 -6 
  -6 1 
  -5 0 
  -5 1 
  -4 -13 
  -4 -7 
  -4 5 
  -4 7 
  -4 8 
  -4 11 
  -3 -17 
  -3 3 
  -3 4 
  -3 6 
  -3 8 
  -3 10 
  -2 -12 
  -2 -3 
  -2 5 
  -2 11 
  -2 17 
  -1 -2 
  -1 7 
  -1 10 
  -1 13 
  0 -10 
  0 -7 
  0 -5 
  0 -4 
  0 5 
  0 7 
  0 15 
  1 -11 
  1 -3 
  1 -2 
  2 -14 
  2 -12 
  2 -5 
  2 1 
  2 9 
  2 14 
  2 16 
  3 -17 
  3 -12 
  3 -11 
  3 -10 
  3 -7 
  3 -5 
  3 1 
  3 7 
  3 9 
  3 13 
  4 -15 
  4 -11 
  4 7 
  4 11 
  4 15 
  5 -14 
  5 -13 
  5 -12 
  5 3 
  5 9 
  5 12 
  5 16 
  6 -11 
  6 -10 
  6 -8 
  6 -7 
  6 7 
  6 10 
  6 15 
  7 0 
  7 1 
  7 6 
  7 14 
  7 15 
  8 -9 
  8 -1 
  8 2 
  9 -9 
  10 -7 
  10 9 
  10 14 
  11 -4 
  11 10 
  11 12 
  11 14 
  12 2 
  12 7 
  13 -12 
  13 4 
  13 5 
  13 11 
  14 -10 
  14 -8 
  14 -7 
  14 1 
  15 -2 
  16 -10 
  16 -9 
  16 -3 
  17 -6 
  17 -4 
  17 2 
  17 4 
  18 -5 
  18 -3 
  18 5 
  19 -2 
  19 2 
  -18 -2 
  -17 -3 
  -17 4 
  -15 -10 
  -15 -9 
  -15 -8 
  -15 -7 
  -15 -6 
  -15 -3 
  -15 4 
  -15 5 
  -14 -10 
  -14 -5 
  -14 2 
  -13 -2 
  -12 -5 
  -12 -2 
  -12 3 
  -12 7 
  -11 -12 
  -11 -11 
  -11 3 
  -10 8 
  -9 -16 
  -9 -6 
  -9 -3 
  -9 2 
  -8 -11 
  -8 1 
  -8 5 
  -8 8 
  -8 14 
  -7 13 
  -6 -10 
  -6 -8 
  -6 4 
  -6 6 
  -5 -8 
  -5 12 
  -5 13 
  -4 -10 
  -4 14 
  -3 -9 
  -3 -4 
  -3 17 
  -2 -17 
  -2 -14 
  -2 -7 
  -2 -2 
  -2 2 
  -2 3 
  -1 -12 
  -1 -10 
  -1 -3 
  -1 -1 
  -1 2 
  -1 16 
  -1 17 
  0 -12 
  0 -8 
  0 2 
  0 3 
  1 -10 
  1 6 
  1 8 
  1 9 
  1 12 
  2 -17 
  2 -4 
  2 -3 
  2 0 
  3 -13 
  3 -8 
  3 -2 
  3 14 
  4 -16 
  4 -13 
  4 -7 
  4 -4 
  4 12 
  5 -7 
  5 5 
  5 6 
  5 8 
  5 15 
  6 -3 
  6 -1 
  6 4 
  6 13 
  6 14 
  6 16 
  7 -11 
  7 10 
  8 -6 
  8 1 
  8 11 
  9 -3 
  9 0 
  9 1 
  9 6 
  9 10 
  9 11 
  10 -9 
  10 -1 
  10 6 
  11 6 
  12 -11 
  12 -8 
  12 -6 
  12 3 
  12 5 
  12 8 
  12 11 
  13 -10 
  13 2 
  13 3 
  14 -11 
  14 -4 
  14 -2 
  15 -6 
  15 -5 
  15 5 
  16 1 
  16 3 
  16 7 
  17 0 
  18 -2 
  18 1 
  -18 -1 
  -18 0 
  -18 1 
  -17 -7 
  -17 -2 
  -17 -1 
  -16 -7 
  -16 -2 
  -15 -2 
  -14 -7 
  -14 -3 
  -14 -2 
  -13 -9 
  -13 1 
  -13 4 
  -12 -11 
  -12 5 
  -11 -3 
  -10 6 
  -10 7 
  -10 10 
  -9 -15 
  -9 -14 
  -9 -8 
  -9 1 
  -9 4 
  -9 10 
  -9 11 
  -8 -9 
  -8 -1 
  -8 6 
  -7 -8 
  -7 2 
  -7 9 
  -7 10 
  -7 11 
  -6 2 
  -6 9 
  -5 -15 
  -5 -7 
  -5 -5 
  -5 -1 
  -5 6 
  -5 8 
  -4 -4 
  -3 -16 
  -3 -15 
  -3 -13 
  -3 -8 
  -3 2 
  -3 12 
  -2 -8 
  -2 0 
  -2 6 
  -2 7 
  -2 8 
  -2 14 
  -2 15 
  -1 -14 
  -1 -7 
  -1 4 
  -1 14 
  0 -11 
  1 -18 
  1 -17 
  1 5 
  1 10 
  1 13 
  1 16 
  1 17 
  2 -16 
  3 -14 
  3 0 
  3 8 
  3 16 
  3 17 
  4 -6 
  4 -1 
  4 2 
  4 17 
  5 -1 
  5 2 
  5 7 
  5 10 
  5 14 
  6 -14 
  6 5 
  6 6 
  7 -5 
  7 12 
  8 -14 
  8 -10 
  9 -15 
  9 -12 
  9 -11 
  9 9 
  9 15 
  10 -15 
  10 -12 
  10 0 
  11 -14 
  11 -12 
  11 -11 
  11 -3 
  11 2 
  11 13 
  12 -12 
  12 -7 
  12 0 
  13 -8 
  13 -4 
  15 -9 
  15 -4 
  15 1 
  15 9 
  15 10 
  16 2 
  16 4 
  17 -7 
  17 -5 
  17 1 
  18 -4 
  18 3 
  -16 -4 
  -16 1 
  -16 2 
  -16 4 
  -15 6 
  -14 -11 
  -14 9 
  -14 10 
  -13 -5 
  -13 -1 
  -13 3 
  -13 7 
  -12 -10 
  -12 -8 
  -12 -1 
  -12 6 
  -11 -7 
  -11 -1 
  -11 6 
  -10 -15 
  -10 -14 
  -10 -9 
  -10 -5 
  -10 1 
  -9 -10 
  -9 -2 
  -9 0 
  -9 3 
  -8 -5 
  -8 2 
  -8 7 
  -8 10 
  -7 -2 
  -7 4 
  -7 5 
  -7 14 
  -6 -15 
  -6 -14 
  -6 -5 
  -6 -3 
  -6 16 
  -5 -9 
  -5 -3 
  -5 9 
  -4 -12 
  -4 4 
  -4 12 
  -4 13 
  -4 16 
  -3 0 
  -3 1 
  -3 13 
  -2 -11 
  -2 12 
  -1 -18 
  -1 -17 
  -1 -15 
  -1 -11 
  -1 -4 
  0 -18 
  0 -14 
  0 -9 
  0 1 
  0 6 
  0 13 
  0 16 
  1 -16 
  1 -15 
  1 -13 
  1 -8 
  1 -6 
  1 -5 
  1 2 
  2 -8 
  2 3 
  2 5 
  2 8 
  2 11 
  2 12 
  3 -15 
  3 -6 
  3 -4 
  3 5 
  3 10 
  4 -18 
  4 -17 
  4 -9 
  4 -8 
  4 0 
  4 3 
  4 10 
  4 13 
  5 -17 
  5 -6 
  5 -4 
  5 11 
  6 -17 
  6 -16 
  6 -5 
  6 -2 
  6 0 
  6 8 
  7 -17 
  7 -13 
  7 -10 
  7 -4 
  7 -1 
  7 3 
  8 -8 
  8 6 
  8 13 
  8 14 
  9 -13 
  9 -8 
  9 -7 
  9 3 
  9 8 
  9 14 
  10 -11 
  10 5 
  10 8 
  11 -13 
  11 3 
  11 7 
  11 8 
  12 -14 
  12 -13 
  12 -1 
  13 -7 
  13 10 
  14 6 
  14 8 
  14 11 
  15 -10 
  15 -7 
  15 -3 
  15 0 
  15 6 
  15 8 
  16 -5 
  17 -8 
  17 -1 
  17 3 
  18 0 
  19 -3 
  19 0 
  19 1 
  -17 0 
  -17 2 
  -16 -8 
  -16 -3 
  -15 2 
  -13 -10 
  -13 -3 
  -13 6 
  -13 10 
  -12 -3 
  -12 1 
  -12 4 
  -12 10 
  -12 11 
  -11 -6 
  -11 0 
  -11 5 
  -11 7 
  -11 9 
  -11 12 
  -10 -4 
  -10 -3 
  -10 -2 
  -10 2 
  -9 5 
  -9 6 
  -8 -8 
  -8 -7 
  -8 12 
  -7 -15 
  -7 -11 
  -7 -6 
  -7 6 
  -6 -16 
  -6 7 
  -6 10 
  -6 11 
  -5 -17 
  -5 -16 
  -5 -11 
  -5 3 
  -5 5 
  -4 -18 
  -4 -16 
  -4 -15 
  -4 -14 
  -4 -8 
  -4 -3 
  -4 -2 
  -4 -1 
  -4 1 
  -4 3 
  -4 9 
  -3 -18 
  -3 -14 
  -3 -12 
  -3 -10 
  -3 -5 
  -3 -1 
  -3 11 
  -3 16 
  -2 -10 
  -2 -9 
  -2 -4 
  -2 9 
  -2 13 
  -2 16 
  -1 -9 
  -1 3 
  -1 9 
  0 -3 
  0 11 
  0 12 
  1 -12 
  1 -7 
  1 0 
  1 7 
  2 -18 
  2 -10 
  2 2 
  2 7 
  2 13 
  3 -9 
  3 3 
  3 4 
  3 6 
  3 12 
  4 -12 
  4 4 
  4 8 
  4 9 
  6 -15 
  6 -9 
  6 1 
  6 9 
  7 -6 
  7 -3 
  7 2 
  7 7 
  7 8 
  8 -17 
  8 -7 
  8 -2 
  8 8 
  8 9 
  8 12 
  9 -10 
  9 -2 
  9 4 
  9 5 
  9 12 
  10 -10 
  10 -8 
  10 3 
  10 7 
  10 11 
  10 13 
  11 -8 
  11 -5 
  11 -2 
  12 -4 
  12 6 
  12 9 
  12 10 
  12 12 
  13 -11 
  13 -6 
  13 -2 
  14 2 
  14 4 
  14 9 
  15 -8 
  15 7 
  16 0 
  16 5 
  16 6 
  17 -9 
  18 2 ;
AreaPerTest 2.3942099771e+10;
EndOfFile;
