FileVersion 1 2;
FileTimestamp 04-29-19 16:49:10;
InspectionStationID "NONE" "2360" "IPS204";
SampleType WAFER;
ResultTimestamp 04-26-19 14:31:04;
LotID "193G13";
SampleSize 1 200;
DeviceID "TL09B";
SetupID "TL09B_NSALSH" 11-17-18 23:54:23;
StepID "NSALSH";
SampleOrientationMarkType NOTCH;
OrientationMarkLocation RIGHT;
DiePitch 5.6000000000e+02 1.6580116000e+04;
DieOrigin 0.0000000000e+00 0.0000000000e+00;
WaferID "@07";
Slot 7;
SampleCenterLocation 4.5479800000e+02 8.2892090000e+03;
ClassLookup 74
  0 "Uncategorized"
  1 "Small PT"
  2 "Medium PT"
  3 "Large PT"
  4 "Polymer"
  5 "Flake PT"
  6 "Scratch"
  9 "Other Defect"
  10 "Other Residue"
  11 "Wet Residue"
  13 "W Residue"
  14 "PR Residue"
  15 "Liquid Mark"
  16 "Thread Defect"
  20 "Pits"
  22 "Pattern Deformed"
  23 "Defocus"
  24 "PR BUBBLE"
  25 "Crown Defect"
  27 "Bead Defect"
  30 "CMP Scratch"
  31 "Minor CMP Scratch"
  35 "Rip Out"
  40 "Protrusion"
  42 "Top Blocked"
  43 "Bottom Blocked"
  44 "Line broken"
  45 "Metal Corrosion"
  46 "Galvanic Corrosion"
  51 "PR Popping"
  52 "Salicide Bad"
  53 "STI Dimple"
  59 "W Void"
  60 "AA Dep PT"
  61 "GC Dep PT"
  62 "CVD Dep PT"
  63 "Metal Dep PT"
  73 "Cone Defect"
  74 "Metal Depression"
  77 "Underlayer"
  78 "NUISANCE/FALSE"
  79 "Metal Grain"
  80 "Don't Care/Minor"
  95 "Missing AI"
  99 "test2"
  100 "Cluster"
  101 "CU CMP Scratch"
  102 "CU Void"
  103 "2_PO Missing"
  104 "CU Pattern Open"
  105 "CU Remain"
  106 "Circle CU Remain"
  107 "CU CVD PT"
  108 "CU Eclips"
  109 "CU CMP Residue"
  110 "Minor CU CMP Scratch"
  111 "CMP PT"
  112 "CU SEAM PT"
  113 "CU Ox"
  114 "CU Pattern Open(Minor)"
  116 "1_PO Missing"
  117 "PAD Abnormality"
  150 "Guard Ring Circle Defect"
  151 "EBR Circle Defect"
  152 "PAD Hillock"
  153 "PAD Residue"
  154 "PAD Hole"
  155 "Color PR Residue"
  201 "Bin 1"
  202 "Bin 2"
  203 "Bin 3"
  204 "Bin 4"
  205 "Bin 5"
  206 "Bin 6"  ;
OrientationInstructions "";
InspectionTest 1;
SampleTestPlan 2817
  56 -5 
  55 -5 
  31 -5 
  29 -5 
  19 -5 
  17 -5 
  8 -5 
  -4 -5 
  -8 -5 
  -12 -5 
  -37 -5 
  -39 -5 
  106 -4 
  103 -4 
  92 -4 
  67 -4 
  66 -4 
  62 -4 
  57 -4 
  53 -4 
  49 -4 
  45 -4 
  42 -4 
  38 -4 
  22 -4 
  18 -4 
  17 -4 
  14 -4 
  2 -4 
  1 -4 
  -1 -4 
  -5 -4 
  -21 -4 
  -35 -4 
  -39 -4 
  -46 -4 
  -53 -4 
  -73 -4 
  -97 -4 
  -107 -4 
  -108 -4 
  134 -3 
  127 -3 
  118 -3 
  106 -3 
  105 -3 
  76 -3 
  54 -3 
  29 -3 
  17 -3 
  -1 -3 
  -4 -3 
  -22 -3 
  -23 -3 
  -27 -3 
  -40 -3 
  -73 -3 
  -79 -3 
  -86 -3 
  -99 -3 
  -107 -3 
  -108 -3 
  -133 -3 
  141 -2 
  131 -2 
  130 -2 
  119 -2 
  117 -2 
  113 -2 
  111 -2 
  101 -2 
  95 -2 
  64 -2 
  61 -2 
  58 -2 
  45 -2 
  21 -2 
  19 -2 
  8 -2 
  6 -2 
  3 -2 
  -31 -2 
  -40 -2 
  -45 -2 
  -49 -2 
  -54 -2 
  -57 -2 
  -70 -2 
  -76 -2 
  -81 -2 
  -85 -2 
  -94 -2 
  -102 -2 
  -105 -2 
  -108 -2 
  -111 -2 
  -114 -2 
  -131 -2 
  -132 -2 
  -141 -2 
  -147 -2 
  -148 -2 
  165 -1 
  160 -1 
  153 -1 
  152 -1 
  139 -1 
  135 -1 
  133 -1 
  132 -1 
  118 -1 
  111 -1 
  109 -1 
  100 -1 
  93 -1 
  76 -1 
  67 -1 
  53 -1 
  46 -1 
  40 -1 
  14 -1 
  -5 -1 
  -8 -1 
  -19 -1 
  -27 -1 
  -45 -1 
  -49 -1 
  -53 -1 
  -55 -1 
  -57 -1 
  -63 -1 
  -84 -1 
  -92 -1 
  -103 -1 
  -111 -1 
  -118 -1 
  -125 -1 
  -128 -1 
  -132 -1 
  -137 -1 
  -159 -1 
  166 0 
  147 0 
  137 0 
  136 0 
  131 0 
  117 0 
  112 0 
  111 0 
  97 0 
  96 0 
  88 0 
  81 0 
  70 0 
  27 0 
  25 0 
  16 0 
  7 0 
  2 0 
  -1 0 
  -7 0 
  -9 0 
  -13 0 
  -21 0 
  -25 0 
  -53 0 
  -55 0 
  -59 0 
  -65 0 
  -66 0 
  -75 0 
  -83 0 
  -93 0 
  -101 0 
  -110 0 
  -124 0 
  -129 0 
  -153 0 
  -155 0 
  -165 0 
  -168 0 
  150 1 
  143 1 
  126 1 
  125 1 
  113 1 
  111 1 
  110 1 
  93 1 
  92 1 
  91 1 
  85 1 
  84 1 
  76 1 
  74 1 
  63 1 
  57 1 
  55 1 
  52 1 
  38 1 
  37 1 
  34 1 
  16 1 
  15 1 
  -5 1 
  -12 1 
  -22 1 
  -27 1 
  -34 1 
  -54 1 
  -69 1 
  -81 1 
  -97 1 
  -99 1 
  -109 1 
  -116 1 
  -119 1 
  -125 1 
  -150 1 
  -155 1 
  -161 1 
  143 2 
  136 2 
  133 2 
  131 2 
  130 2 
  126 2 
  125 2 
  105 2 
  86 2 
  72 2 
  65 2 
  59 2 
  57 2 
  55 2 
  49 2 
  42 2 
  36 2 
  33 2 
  18 2 
  12 2 
  11 2 
  -3 2 
  -8 2 
  -11 2 
  -57 2 
  -60 2 
  -62 2 
  -63 2 
  -64 2 
  -79 2 
  -81 2 
  -94 2 
  -107 2 
  131 3 
  122 3 
  121 3 
  120 3 
  104 3 
  96 3 
  89 3 
  88 3 
  87 3 
  73 3 
  62 3 
  41 3 
  38 3 
  37 3 
  30 3 
  22 3 
  19 3 
  8 3 
  4 3 
  2 3 
  -17 3 
  -22 3 
  -43 3 
  -46 3 
  -56 3 
  -73 3 
  -107 3 
  -115 3 
  -123 3 
  -124 3 
  -125 3 
  -126 3 
  -134 3 
  -136 3 
  93 4 
  83 4 
  82 4 
  65 4 
  60 4 
  57 4 
  48 4 
  44 4 
  38 4 
  34 4 
  24 4 
  -1 4 
  -9 4 
  -17 4 
  -27 4 
  -31 4 
  -34 4 
  -35 4 
  -46 4 
  -54 4 
  -57 4 
  -61 4 
  -69 4 
  -81 4 
  -89 4 
  54 5 
  53 5 
  48 5 
  23 5 
  9 5 
  7 5 
  3 5 
  -6 5 
  -14 5 
  -15 5 
  -21 5 
  -30 5 
  -36 5 
  -50 5 
  -51 5 
  47 -5 
  46 -5 
  30 -5 
  24 -5 
  18 -5 
  11 -5 
  -2 -5 
  -15 -5 
  -17 -5 
  -18 -5 
  -53 -5 
  -56 -5 
  107 -4 
  102 -4 
  96 -4 
  88 -4 
  85 -4 
  81 -4 
  73 -4 
  63 -4 
  55 -4 
  52 -4 
  44 -4 
  41 -4 
  34 -4 
  31 -4 
  25 -4 
  19 -4 
  8 -4 
  7 -4 
  5 -4 
  -16 -4 
  -19 -4 
  -27 -4 
  -43 -4 
  -47 -4 
  -50 -4 
  -70 -4 
  -72 -4 
  -83 -4 
  130 -3 
  125 -3 
  108 -3 
  99 -3 
  94 -3 
  91 -3 
  73 -3 
  67 -3 
  64 -3 
  60 -3 
  56 -3 
  30 -3 
  26 -3 
  8 -3 
  5 -3 
  3 -3 
  2 -3 
  -2 -3 
  -5 -3 
  -6 -3 
  -15 -3 
  -25 -3 
  -28 -3 
  -35 -3 
  -45 -3 
  -47 -3 
  -55 -3 
  -61 -3 
  -69 -3 
  -88 -3 
  -100 -3 
  -102 -3 
  -104 -3 
  -111 -3 
  -113 -3 
  -121 -3 
  -125 -3 
  -132 -3 
  152 -2 
  150 -2 
  144 -2 
  142 -2 
  118 -2 
  105 -2 
  99 -2 
  72 -2 
  59 -2 
  56 -2 
  51 -2 
  44 -2 
  -2 -2 
  -3 -2 
  -23 -2 
  -25 -2 
  -42 -2 
  -56 -2 
  -78 -2 
  -88 -2 
  -113 -2 
  -126 -2 
  -133 -2 
  158 -1 
  156 -1 
  148 -1 
  146 -1 
  142 -1 
  140 -1 
  136 -1 
  121 -1 
  119 -1 
  114 -1 
  112 -1 
  110 -1 
  106 -1 
  103 -1 
  102 -1 
  101 -1 
  98 -1 
  82 -1 
  78 -1 
  70 -1 
  66 -1 
  63 -1 
  62 -1 
  50 -1 
  41 -1 
  38 -1 
  35 -1 
  30 -1 
  26 -1 
  23 -1 
  0 -1 
  -3 -1 
  -13 -1 
  -22 -1 
  -33 -1 
  -62 -1 
  -78 -1 
  -79 -1 
  -90 -1 
  -129 -1 
  -145 -1 
  -150 -1 
  -151 -1 
  -154 -1 
  -157 -1 
  -163 -1 
  165 0 
  154 0 
  148 0 
  145 0 
  140 0 
  134 0 
  125 0 
  123 0 
  120 0 
  115 0 
  108 0 
  98 0 
  83 0 
  75 0 
  74 0 
  68 0 
  59 0 
  51 0 
  46 0 
  45 0 
  43 0 
  29 0 
  10 0 
  5 0 
  1 0 
  -8 0 
  -23 0 
  -26 0 
  -27 0 
  -31 0 
  -54 0 
  -61 0 
  -63 0 
  -81 0 
  -92 0 
  -99 0 
  -100 0 
  -102 0 
  -103 0 
  -104 0 
  -106 0 
  -117 0 
  -120 0 
  -122 0 
  -126 0 
  -127 0 
  -132 0 
  -134 0 
  -138 0 
  -146 0 
  -149 0 
  -159 0 
  -161 0 
  163 1 
  151 1 
  141 1 
  138 1 
  137 1 
  133 1 
  131 1 
  127 1 
  122 1 
  108 1 
  104 1 
  98 1 
  96 1 
  90 1 
  88 1 
  68 1 
  64 1 
  32 1 
  30 1 
  26 1 
  25 1 
  20 1 
  8 1 
  6 1 
  5 1 
  1 1 
  -2 1 
  -3 1 
  -6 1 
  -7 1 
  -8 1 
  -10 1 
  -18 1 
  -24 1 
  -35 1 
  -36 1 
  -52 1 
  -59 1 
  -61 1 
  -67 1 
  -71 1 
  -74 1 
  -86 1 
  -87 1 
  -105 1 
  -113 1 
  -121 1 
  -123 1 
  -128 1 
  -132 1 
  -144 1 
  -147 1 
  -160 1 
  121 2 
  120 2 
  119 2 
  107 2 
  102 2 
  96 2 
  90 2 
  68 2 
  67 2 
  60 2 
  58 2 
  54 2 
  53 2 
  44 2 
  25 2 
  20 2 
  10 2 
  8 2 
  -2 2 
  -5 2 
  -7 2 
  -9 2 
  -15 2 
  -24 2 
  -28 2 
  -45 2 
  -70 2 
  -73 2 
  -80 2 
  -84 2 
  -87 2 
  -92 2 
  -104 2 
  -105 2 
  -109 2 
  -110 2 
  -111 2 
  -118 2 
  -120 2 
  -131 2 
  -139 2 
  -141 2 
  130 3 
  128 3 
  115 3 
  101 3 
  100 3 
  98 3 
  85 3 
  72 3 
  71 3 
  68 3 
  46 3 
  35 3 
  -6 3 
  -7 3 
  -14 3 
  -15 3 
  -16 3 
  -19 3 
  -21 3 
  -34 3 
  -51 3 
  -59 3 
  -63 3 
  -81 3 
  -84 3 
  -85 3 
  -86 3 
  -87 3 
  -100 3 
  -108 3 
  -111 3 
  -129 3 
  -133 3 
  102 4 
  95 4 
  94 4 
  91 4 
  87 4 
  85 4 
  75 4 
  67 4 
  53 4 
  46 4 
  41 4 
  25 4 
  22 4 
  17 4 
  10 4 
  6 4 
  5 4 
  -4 4 
  -15 4 
  -37 4 
  -44 4 
  -53 4 
  -59 4 
  -60 4 
  -65 4 
  -70 4 
  -77 4 
  -83 4 
  -88 4 
  -98 4 
  50 5 
  46 5 
  39 5 
  29 5 
  28 5 
  18 5 
  10 5 
  5 5 
  4 5 
  -9 5 
  -10 5 
  -17 5 
  -23 5 
  -29 5 
  -33 5 
  -37 5 
  -41 5 
  -54 5 
  -55 5 
  57 -5 
  48 -5 
  38 -5 
  36 -5 
  28 -5 
  23 -5 
  20 -5 
  6 -5 
  3 -5 
  1 -5 
  -24 -5 
  -27 -5 
  -29 -5 
  -30 -5 
  -35 -5 
  -36 -5 
  -44 -5 
  90 -4 
  86 -4 
  84 -4 
  78 -4 
  77 -4 
  69 -4 
  68 -4 
  50 -4 
  30 -4 
  28 -4 
  24 -4 
  -2 -4 
  -11 -4 
  -12 -4 
  -18 -4 
  -26 -4 
  -30 -4 
  -33 -4 
  -55 -4 
  -59 -4 
  -71 -4 
  -77 -4 
  -81 -4 
  -84 -4 
  -85 -4 
  -89 -4 
  -90 -4 
  -100 -4 
  -104 -4 
  123 -3 
  122 -3 
  100 -3 
  98 -3 
  87 -3 
  82 -3 
  79 -3 
  68 -3 
  51 -3 
  50 -3 
  42 -3 
  41 -3 
  39 -3 
  37 -3 
  35 -3 
  27 -3 
  16 -3 
  -13 -3 
  -34 -3 
  -39 -3 
  -54 -3 
  -63 -3 
  -67 -3 
  -71 -3 
  -89 -3 
  -128 -3 
  -131 -3 
  148 -2 
  146 -2 
  134 -2 
  121 -2 
  116 -2 
  109 -2 
  104 -2 
  94 -2 
  80 -2 
  75 -2 
  73 -2 
  68 -2 
  67 -2 
  62 -2 
  57 -2 
  55 -2 
  49 -2 
  38 -2 
  26 -2 
  23 -2 
  22 -2 
  12 -2 
  1 -2 
  -6 -2 
  -11 -2 
  -19 -2 
  -38 -2 
  -43 -2 
  -58 -2 
  -59 -2 
  -71 -2 
  -96 -2 
  -97 -2 
  -104 -2 
  -106 -2 
  -107 -2 
  -110 -2 
  -119 -2 
  -122 -2 
  -134 -2 
  -143 -2 
  -153 -2 
  163 -1 
  155 -1 
  154 -1 
  141 -1 
  134 -1 
  124 -1 
  116 -1 
  87 -1 
  86 -1 
  84 -1 
  68 -1 
  58 -1 
  32 -1 
  27 -1 
  24 -1 
  15 -1 
  3 -1 
  -10 -1 
  -18 -1 
  -20 -1 
  -21 -1 
  -28 -1 
  -40 -1 
  -41 -1 
  -73 -1 
  -76 -1 
  -77 -1 
  -89 -1 
  -95 -1 
  -105 -1 
  -120 -1 
  -130 -1 
  -141 -1 
  -144 -1 
  -162 -1 
  159 0 
  151 0 
  113 0 
  105 0 
  104 0 
  101 0 
  76 0 
  65 0 
  60 0 
  56 0 
  54 0 
  48 0 
  39 0 
  37 0 
  28 0 
  26 0 
  13 0 
  -6 0 
  -15 0 
  -20 0 
  -44 0 
  -46 0 
  -49 0 
  -51 0 
  -64 0 
  -68 0 
  -90 0 
  -113 0 
  -114 0 
  -116 0 
  -131 0 
  -142 0 
  -144 0 
  -148 0 
  -154 0 
  -160 0 
  -164 0 
  -167 0 
  -169 0 
  157 1 
  142 1 
  115 1 
  99 1 
  97 1 
  95 1 
  86 1 
  72 1 
  66 1 
  50 1 
  48 1 
  41 1 
  28 1 
  27 1 
  21 1 
  18 1 
  10 1 
  9 1 
  -16 1 
  -29 1 
  -30 1 
  -42 1 
  -49 1 
  -62 1 
  -70 1 
  -72 1 
  -73 1 
  -79 1 
  -84 1 
  -90 1 
  -94 1 
  -102 1 
  -110 1 
  -111 1 
  -117 1 
  -118 1 
  -120 1 
  -136 1 
  -148 1 
  -156 1 
  -158 1 
  140 2 
  118 2 
  85 2 
  83 2 
  80 2 
  75 2 
  62 2 
  39 2 
  38 2 
  26 2 
  21 2 
  13 2 
  6 2 
  2 2 
  0 2 
  -1 2 
  -6 2 
  -17 2 
  -22 2 
  -27 2 
  -31 2 
  -32 2 
  -33 2 
  -35 2 
  -38 2 
  -54 2 
  -67 2 
  -69 2 
  -76 2 
  -77 2 
  -122 2 
  -127 2 
  -128 2 
  -134 2 
  -135 2 
  -142 2 
  -149 2 
  110 3 
  97 3 
  95 3 
  84 3 
  83 3 
  81 3 
  77 3 
  76 3 
  69 3 
  66 3 
  60 3 
  56 3 
  55 3 
  53 3 
  52 3 
  51 3 
  43 3 
  27 3 
  16 3 
  7 3 
  -2 3 
  -23 3 
  -26 3 
  -29 3 
  -32 3 
  -41 3 
  -52 3 
  -53 3 
  -57 3 
  -71 3 
  -74 3 
  -75 3 
  -78 3 
  -82 3 
  -88 3 
  -90 3 
  -93 3 
  -97 3 
  -98 3 
  -109 3 
  -135 3 
  106 4 
  78 4 
  74 4 
  72 4 
  69 4 
  66 4 
  64 4 
  49 4 
  47 4 
  35 4 
  31 4 
  29 4 
  8 4 
  -6 4 
  -16 4 
  -24 4 
  -32 4 
  -38 4 
  -40 4 
  -41 4 
  -42 4 
  -49 4 
  -52 4 
  -55 4 
  -63 4 
  -71 4 
  -72 4 
  -84 4 
  -87 4 
  -94 4 
  -96 4 
  -101 4 
  42 5 
  31 5 
  26 5 
  24 5 
  21 5 
  20 5 
  17 5 
  -1 5 
  -8 5 
  -24 5 
  -31 5 
  52 -5 
  44 -5 
  43 -5 
  41 -5 
  39 -5 
  27 -5 
  14 -5 
  12 -5 
  9 -5 
  0 -5 
  -16 -5 
  -23 -5 
  -48 -5 
  -49 -5 
  -52 -5 
  -57 -5 
  -58 -5 
  109 -4 
  108 -4 
  104 -4 
  100 -4 
  99 -4 
  95 -4 
  79 -4 
  75 -4 
  72 -4 
  65 -4 
  56 -4 
  35 -4 
  12 -4 
  -3 -4 
  -9 -4 
  -10 -4 
  -22 -4 
  -24 -4 
  -38 -4 
  -41 -4 
  -51 -4 
  -65 -4 
  -66 -4 
  -82 -4 
  -87 -4 
  -93 -4 
  -95 -4 
  -101 -4 
  -106 -4 
  -109 -4 
  128 -3 
  120 -3 
  114 -3 
  111 -3 
  97 -3 
  93 -3 
  85 -3 
  81 -3 
  80 -3 
  75 -3 
  69 -3 
  65 -3 
  59 -3 
  57 -3 
  48 -3 
  47 -3 
  28 -3 
  18 -3 
  14 -3 
  13 -3 
  -14 -3 
  -21 -3 
  -33 -3 
  -44 -3 
  -52 -3 
  -75 -3 
  -78 -3 
  -91 -3 
  -112 -3 
  -116 -3 
  -123 -3 
  -126 -3 
  151 -2 
  108 -2 
  96 -2 
  93 -2 
  89 -2 
  81 -2 
  77 -2 
  76 -2 
  53 -2 
  48 -2 
  46 -2 
  34 -2 
  32 -2 
  29 -2 
  16 -2 
  -7 -2 
  -9 -2 
  -17 -2 
  -21 -2 
  -33 -2 
  -48 -2 
  -52 -2 
  -66 -2 
  -74 -2 
  -79 -2 
  -92 -2 
  -93 -2 
  -103 -2 
  -115 -2 
  -136 -2 
  -145 -2 
  -146 -2 
  159 -1 
  151 -1 
  138 -1 
  126 -1 
  117 -1 
  115 -1 
  104 -1 
  90 -1 
  83 -1 
  81 -1 
  73 -1 
  64 -1 
  54 -1 
  47 -1 
  45 -1 
  42 -1 
  25 -1 
  20 -1 
  17 -1 
  12 -1 
  5 -1 
  -4 -1 
  -6 -1 
  -7 -1 
  -9 -1 
  -26 -1 
  -34 -1 
  -36 -1 
  -38 -1 
  -39 -1 
  -46 -1 
  -47 -1 
  -48 -1 
  -52 -1 
  -68 -1 
  -71 -1 
  -75 -1 
  -85 -1 
  -86 -1 
  -97 -1 
  -104 -1 
  -110 -1 
  -117 -1 
  -123 -1 
  -136 -1 
  -143 -1 
  -146 -1 
  -161 -1 
  167 0 
  163 0 
  157 0 
  150 0 
  143 0 
  138 0 
  132 0 
  129 0 
  128 0 
  99 0 
  93 0 
  87 0 
  77 0 
  57 0 
  55 0 
  40 0 
  35 0 
  23 0 
  20 0 
  4 0 
  -4 0 
  -24 0 
  -29 0 
  -34 0 
  -37 0 
  -45 0 
  -78 0 
  -84 0 
  -86 0 
  -87 0 
  -105 0 
  -109 0 
  -139 0 
  159 1 
  147 1 
  144 1 
  139 1 
  134 1 
  116 1 
  114 1 
  83 1 
  79 1 
  65 1 
  46 1 
  45 1 
  43 1 
  42 1 
  40 1 
  39 1 
  4 1 
  -26 1 
  -47 1 
  -48 1 
  -57 1 
  -63 1 
  -65 1 
  -82 1 
  -88 1 
  -95 1 
  -138 1 
  151 2 
  149 2 
  148 2 
  146 2 
  137 2 
  134 2 
  112 2 
  106 2 
  104 2 
  98 2 
  92 2 
  87 2 
  78 2 
  35 2 
  22 2 
  15 2 
  9 2 
  7 2 
  5 2 
  -12 2 
  -18 2 
  -25 2 
  -26 2 
  -29 2 
  -47 2 
  -56 2 
  -58 2 
  -66 2 
  -68 2 
  -72 2 
  -74 2 
  -83 2 
  -97 2 
  -113 2 
  -116 2 
  -117 2 
  -121 2 
  -124 2 
  -130 2 
  -132 2 
  -133 2 
  -143 2 
  -150 2 
  -151 2 
  125 3 
  117 3 
  114 3 
  112 3 
  107 3 
  103 3 
  80 3 
  67 3 
  33 3 
  20 3 
  18 3 
  15 3 
  14 3 
  -11 3 
  -13 3 
  -31 3 
  -38 3 
  -77 3 
  -79 3 
  -89 3 
  -92 3 
  -99 3 
  -104 3 
  -106 3 
  -132 3 
  97 4 
  90 4 
  88 4 
  84 4 
  76 4 
  73 4 
  68 4 
  40 4 
  39 4 
  21 4 
  19 4 
  14 4 
  4 4 
  0 4 
  -2 4 
  -3 4 
  -8 4 
  -11 4 
  -12 4 
  -45 4 
  -47 4 
  -56 4 
  -79 4 
  -85 4 
  -86 4 
  -99 4 
  51 5 
  49 5 
  36 5 
  35 5 
  34 5 
  33 5 
  30 5 
  27 5 
  16 5 
  12 5 
  2 5 
  1 5 
  0 5 
  -18 5 
  -19 5 
  -38 5 
  -45 5 
  -49 5 
  58 -5 
  45 -5 
  21 -5 
  10 -5 
  2 -5 
  -1 -5 
  -6 -5 
  -7 -5 
  -14 -5 
  -21 -5 
  -25 -5 
  -31 -5 
  -34 -5 
  -42 -5 
  -45 -5 
  -46 -5 
  105 -4 
  98 -4 
  93 -4 
  80 -4 
  71 -4 
  58 -4 
  20 -4 
  11 -4 
  10 -4 
  4 -4 
  -7 -4 
  -14 -4 
  -25 -4 
  -31 -4 
  -54 -4 
  -58 -4 
  -61 -4 
  -62 -4 
  -74 -4 
  -75 -4 
  -76 -4 
  -78 -4 
  -96 -4 
  124 -3 
  121 -3 
  115 -3 
  110 -3 
  103 -3 
  92 -3 
  89 -3 
  83 -3 
  72 -3 
  71 -3 
  62 -3 
  55 -3 
  53 -3 
  44 -3 
  36 -3 
  34 -3 
  22 -3 
  19 -3 
  11 -3 
  9 -3 
  0 -3 
  -3 -3 
  -24 -3 
  -36 -3 
  -38 -3 
  -41 -3 
  -42 -3 
  -48 -3 
  -50 -3 
  -51 -3 
  -56 -3 
  -58 -3 
  -60 -3 
  -70 -3 
  -84 -3 
  -85 -3 
  -90 -3 
  -96 -3 
  -98 -3 
  -106 -3 
  154 -2 
  133 -2 
  132 -2 
  128 -2 
  126 -2 
  122 -2 
  115 -2 
  106 -2 
  92 -2 
  91 -2 
  85 -2 
  63 -2 
  54 -2 
  52 -2 
  43 -2 
  42 -2 
  27 -2 
  10 -2 
  0 -2 
  -15 -2 
  -53 -2 
  -63 -2 
  -69 -2 
  -72 -2 
  -73 -2 
  -75 -2 
  -80 -2 
  -86 -2 
  -100 -2 
  -112 -2 
  -117 -2 
  -121 -2 
  -123 -2 
  -125 -2 
  -129 -2 
  -130 -2 
  -135 -2 
  -137 -2 
  -140 -2 
  -151 -2 
  -154 -2 
  164 -1 
  157 -1 
  143 -1 
  130 -1 
  123 -1 
  91 -1 
  56 -1 
  52 -1 
  48 -1 
  44 -1 
  36 -1 
  22 -1 
  19 -1 
  18 -1 
  16 -1 
  10 -1 
  9 -1 
  8 -1 
  -14 -1 
  -25 -1 
  -43 -1 
  -61 -1 
  -67 -1 
  -91 -1 
  -101 -1 
  -107 -1 
  -114 -1 
  -131 -1 
  -148 -1 
  -149 -1 
  -153 -1 
  -156 -1 
  -164 -1 
  -165 -1 
  161 0 
  133 0 
  130 0 
  127 0 
  121 0 
  118 0 
  100 0 
  92 0 
  91 0 
  80 0 
  72 0 
  47 0 
  36 0 
  18 0 
  11 0 
  0 0 
  -11 0 
  -14 0 
  -28 0 
  -60 0 
  -69 0 
  -70 0 
  -71 0 
  -73 0 
  -91 0 
  -112 0 
  -121 0 
  -125 0 
  -135 0 
  -136 0 
  -141 0 
  -145 0 
  -147 0 
  -151 0 
  -152 0 
  -158 0 
  -163 0 
  161 1 
  156 1 
  152 1 
  140 1 
  136 1 
  132 1 
  130 1 
  129 1 
  124 1 
  121 1 
  117 1 
  107 1 
  100 1 
  94 1 
  80 1 
  78 1 
  77 1 
  62 1 
  60 1 
  54 1 
  53 1 
  24 1 
  22 1 
  13 1 
  0 1 
  -1 1 
  -17 1 
  -23 1 
  -28 1 
  -39 1 
  -43 1 
  -46 1 
  -51 1 
  -53 1 
  -58 1 
  -68 1 
  -78 1 
  -83 1 
  -89 1 
  -91 1 
  -92 1 
  -100 1 
  -114 1 
  -115 1 
  -130 1 
  -140 1 
  -145 1 
  -146 1 
  -159 1 
  138 2 
  124 2 
  109 2 
  97 2 
  77 2 
  69 2 
  52 2 
  43 2 
  34 2 
  32 2 
  31 2 
  27 2 
  24 2 
  16 2 
  4 2 
  -23 2 
  -30 2 
  -39 2 
  -40 2 
  -42 2 
  -43 2 
  -46 2 
  -93 2 
  -96 2 
  -98 2 
  -136 2 
  -140 2 
  -148 2 
  133 3 
  127 3 
  123 3 
  93 3 
  48 3 
  47 3 
  45 3 
  28 3 
  21 3 
  13 3 
  12 3 
  6 3 
  5 3 
  -1 3 
  -4 3 
  -18 3 
  -25 3 
  -33 3 
  -35 3 
  -36 3 
  -50 3 
  -54 3 
  -60 3 
  -62 3 
  -68 3 
  -83 3 
  -94 3 
  -110 3 
  -117 3 
  -120 3 
  -128 3 
  104 4 
  101 4 
  96 4 
  89 4 
  86 4 
  70 4 
  63 4 
  28 4 
  18 4 
  16 4 
  2 4 
  -10 4 
  -14 4 
  -18 4 
  -50 4 
  -58 4 
  -66 4 
  -68 4 
  -80 4 
  -97 4 
  -104 4 
  -105 4 
  55 5 
  40 5 
  -11 5 
  -16 5 
  -25 5 
  -26 5 
  -27 5 
  -34 5 
  -39 5 
  -52 5 
  49 -5 
  33 -5 
  25 -5 
  16 -5 
  15 -5 
  5 -5 
  4 -5 
  -3 -5 
  -5 -5 
  -10 -5 
  -13 -5 
  -19 -5 
  -32 -5 
  -38 -5 
  87 -4 
  76 -4 
  70 -4 
  64 -4 
  61 -4 
  59 -4 
  48 -4 
  40 -4 
  39 -4 
  36 -4 
  29 -4 
  23 -4 
  16 -4 
  -13 -4 
  -23 -4 
  -29 -4 
  -34 -4 
  -37 -4 
  -40 -4 
  -52 -4 
  -56 -4 
  -57 -4 
  -67 -4 
  -79 -4 
  -91 -4 
  -92 -4 
  -94 -4 
  -102 -4 
  117 -3 
  113 -3 
  102 -3 
  84 -3 
  49 -3 
  45 -3 
  38 -3 
  31 -3 
  25 -3 
  20 -3 
  -18 -3 
  -19 -3 
  -26 -3 
  -29 -3 
  -46 -3 
  -53 -3 
  -64 -3 
  -65 -3 
  -66 -3 
  -68 -3 
  -77 -3 
  -80 -3 
  -92 -3 
  -94 -3 
  -95 -3 
  -103 -3 
  -105 -3 
  -119 -3 
  -124 -3 
  -127 -3 
  -129 -3 
  -134 -3 
  149 -2 
  147 -2 
  137 -2 
  127 -2 
  114 -2 
  112 -2 
  103 -2 
  98 -2 
  79 -2 
  60 -2 
  50 -2 
  41 -2 
  40 -2 
  18 -2 
  4 -2 
  -4 -2 
  -5 -2 
  -14 -2 
  -16 -2 
  -24 -2 
  -29 -2 
  -32 -2 
  -34 -2 
  -36 -2 
  -41 -2 
  -65 -2 
  -82 -2 
  -95 -2 
  -98 -2 
  -120 -2 
  -127 -2 
  -128 -2 
  -138 -2 
  -150 -2 
  166 -1 
  162 -1 
  161 -1 
  147 -1 
  145 -1 
  129 -1 
  128 -1 
  107 -1 
  97 -1 
  95 -1 
  92 -1 
  85 -1 
  80 -1 
  72 -1 
  71 -1 
  60 -1 
  55 -1 
  51 -1 
  49 -1 
  31 -1 
  28 -1 
  -2 -1 
  -12 -1 
  -15 -1 
  -31 -1 
  -32 -1 
  -35 -1 
  -50 -1 
  -51 -1 
  -54 -1 
  -56 -1 
  -60 -1 
  -64 -1 
  -69 -1 
  -74 -1 
  -80 -1 
  -83 -1 
  -99 -1 
  -102 -1 
  -108 -1 
  -112 -1 
  -119 -1 
  -124 -1 
  -133 -1 
  -135 -1 
  -140 -1 
  -152 -1 
  -160 -1 
  168 0 
  158 0 
  155 0 
  146 0 
  144 0 
  139 0 
  135 0 
  126 0 
  119 0 
  116 0 
  109 0 
  103 0 
  95 0 
  90 0 
  89 0 
  85 0 
  84 0 
  73 0 
  69 0 
  67 0 
  53 0 
  49 0 
  42 0 
  34 0 
  21 0 
  3 0 
  -10 0 
  -12 0 
  -16 0 
  -18 0 
  -30 0 
  -36 0 
  -41 0 
  -43 0 
  -62 0 
  -72 0 
  -80 0 
  -88 0 
  -94 0 
  -119 0 
  -123 0 
  -137 0 
  -140 0 
  -156 0 
  154 1 
  135 1 
  123 1 
  119 1 
  112 1 
  109 1 
  106 1 
  87 1 
  75 1 
  70 1 
  69 1 
  59 1 
  51 1 
  47 1 
  29 1 
  19 1 
  17 1 
  11 1 
  2 1 
  -9 1 
  -14 1 
  -15 1 
  -19 1 
  -20 1 
  -25 1 
  -32 1 
  -38 1 
  -44 1 
  -45 1 
  -80 1 
  -104 1 
  -108 1 
  -127 1 
  -129 1 
  -131 1 
  -134 1 
  -135 1 
  -137 1 
  -139 1 
  -143 1 
  -149 1 
  142 2 
  141 2 
  139 2 
  135 2 
  122 2 
  116 2 
  115 2 
  114 2 
  110 2 
  100 2 
  94 2 
  93 2 
  89 2 
  88 2 
  79 2 
  76 2 
  74 2 
  71 2 
  56 2 
  45 2 
  29 2 
  28 2 
  17 2 
  -10 2 
  -13 2 
  -21 2 
  -36 2 
  -41 2 
  -50 2 
  -53 2 
  -55 2 
  -65 2 
  -78 2 
  -85 2 
  -88 2 
  -100 2 
  -112 2 
  -119 2 
  -126 2 
  -129 2 
  -144 2 
  129 3 
  116 3 
  105 3 
  102 3 
  92 3 
  79 3 
  78 3 
  64 3 
  63 3 
  54 3 
  40 3 
  32 3 
  29 3 
  26 3 
  11 3 
  9 3 
  -5 3 
  -10 3 
  -12 3 
  -30 3 
  -37 3 
  -42 3 
  -45 3 
  -48 3 
  -49 3 
  -58 3 
  -66 3 
  -72 3 
  -80 3 
  -96 3 
  -102 3 
  -113 3 
  -118 3 
  -119 3 
  -127 3 
  -130 3 
  103 4 
  100 4 
  99 4 
  92 4 
  81 4 
  77 4 
  61 4 
  54 4 
  52 4 
  50 4 
  45 4 
  33 4 
  30 4 
  23 4 
  20 4 
  7 4 
  1 4 
  -7 4 
  -19 4 
  -20 4 
  -21 4 
  -22 4 
  -26 4 
  -28 4 
  -29 4 
  -33 4 
  -43 4 
  -64 4 
  -74 4 
  -76 4 
  -82 4 
  -92 4 
  -106 4 
  43 5 
  41 5 
  38 5 
  32 5 
  22 5 
  15 5 
  -2 5 
  -4 5 
  -7 5 
  -13 5 
  54 -5 
  50 -5 
  40 -5 
  35 -5 
  32 -5 
  26 -5 
  22 -5 
  7 -5 
  -11 -5 
  -26 -5 
  -28 -5 
  -33 -5 
  -40 -5 
  -41 -5 
  -50 -5 
  -51 -5 
  -54 -5 
  94 -4 
  82 -4 
  51 -4 
  15 -4 
  13 -4 
  -15 -4 
  -17 -4 
  -20 -4 
  -28 -4 
  -32 -4 
  -45 -4 
  -48 -4 
  -49 -4 
  -60 -4 
  -63 -4 
  -64 -4 
  -68 -4 
  -88 -4 
  -99 -4 
  -103 -4 
  133 -3 
  132 -3 
  119 -3 
  109 -3 
  104 -3 
  101 -3 
  96 -3 
  95 -3 
  90 -3 
  86 -3 
  78 -3 
  77 -3 
  70 -3 
  63 -3 
  52 -3 
  43 -3 
  40 -3 
  32 -3 
  24 -3 
  23 -3 
  21 -3 
  12 -3 
  6 -3 
  4 -3 
  -7 -3 
  -8 -3 
  -12 -3 
  -16 -3 
  -17 -3 
  -43 -3 
  -49 -3 
  -57 -3 
  -72 -3 
  -82 -3 
  -83 -3 
  -87 -3 
  -93 -3 
  -97 -3 
  -101 -3 
  -109 -3 
  -114 -3 
  -115 -3 
  -122 -3 
  -135 -3 
  -136 -3 
  153 -2 
  145 -2 
  140 -2 
  139 -2 
  138 -2 
  123 -2 
  120 -2 
  110 -2 
  102 -2 
  86 -2 
  78 -2 
  69 -2 
  65 -2 
  47 -2 
  36 -2 
  35 -2 
  31 -2 
  24 -2 
  15 -2 
  9 -2 
  7 -2 
  5 -2 
  -1 -2 
  -13 -2 
  -20 -2 
  -22 -2 
  -26 -2 
  -28 -2 
  -35 -2 
  -37 -2 
  -47 -2 
  -55 -2 
  -62 -2 
  -64 -2 
  -68 -2 
  -77 -2 
  -84 -2 
  -89 -2 
  -90 -2 
  -101 -2 
  -109 -2 
  -116 -2 
  -118 -2 
  -124 -2 
  -142 -2 
  -144 -2 
  -152 -2 
  150 -1 
  149 -1 
  144 -1 
  137 -1 
  131 -1 
  125 -1 
  120 -1 
  113 -1 
  99 -1 
  96 -1 
  94 -1 
  88 -1 
  77 -1 
  69 -1 
  65 -1 
  29 -1 
  21 -1 
  13 -1 
  7 -1 
  6 -1 
  2 -1 
  -17 -1 
  -24 -1 
  -30 -1 
  -42 -1 
  -44 -1 
  -58 -1 
  -59 -1 
  -65 -1 
  -70 -1 
  -72 -1 
  -81 -1 
  -88 -1 
  -93 -1 
  -98 -1 
  -106 -1 
  -109 -1 
  -115 -1 
  -116 -1 
  -121 -1 
  -126 -1 
  -127 -1 
  -139 -1 
  -147 -1 
  -155 -1 
  -158 -1 
  164 0 
  160 0 
  156 0 
  152 0 
  141 0 
  124 0 
  122 0 
  107 0 
  106 0 
  102 0 
  86 0 
  78 0 
  66 0 
  63 0 
  61 0 
  52 0 
  44 0 
  41 0 
  33 0 
  31 0 
  30 0 
  19 0 
  14 0 
  12 0 
  9 0 
  8 0 
  6 0 
  -2 0 
  -19 0 
  -33 0 
  -38 0 
  -42 0 
  -47 0 
  -74 0 
  -76 0 
  -77 0 
  -82 0 
  -85 0 
  -89 0 
  -95 0 
  -96 0 
  -98 0 
  -108 0 
  -111 0 
  -118 0 
  -128 0 
  -133 0 
  -143 0 
  160 1 
  153 1 
  145 1 
  128 1 
  105 1 
  103 1 
  89 1 
  81 1 
  67 1 
  61 1 
  56 1 
  49 1 
  44 1 
  36 1 
  35 1 
  31 1 
  14 1 
  12 1 
  -11 1 
  -21 1 
  -37 1 
  -41 1 
  -55 1 
  -60 1 
  -77 1 
  -85 1 
  -96 1 
  -98 1 
  -101 1 
  -126 1 
  -152 1 
  -157 1 
  -162 1 
  -163 1 
  153 2 
  145 2 
  144 2 
  117 2 
  95 2 
  84 2 
  82 2 
  81 2 
  70 2 
  66 2 
  64 2 
  61 2 
  41 2 
  30 2 
  19 2 
  3 2 
  -4 2 
  -14 2 
  -19 2 
  -37 2 
  -44 2 
  -49 2 
  -52 2 
  -59 2 
  -82 2 
  -89 2 
  -95 2 
  -101 2 
  -102 2 
  -106 2 
  -114 2 
  -137 2 
  -146 2 
  -147 2 
  132 3 
  126 3 
  118 3 
  113 3 
  111 3 
  109 3 
  91 3 
  90 3 
  75 3 
  74 3 
  61 3 
  58 3 
  57 3 
  31 3 
  24 3 
  17 3 
  10 3 
  0 3 
  -3 3 
  -24 3 
  -28 3 
  -39 3 
  -40 3 
  -47 3 
  -55 3 
  -64 3 
  -65 3 
  -67 3 
  -76 3 
  -103 3 
  -105 3 
  -112 3 
  -116 3 
  -121 3 
  105 4 
  80 4 
  79 4 
  71 4 
  59 4 
  56 4 
  55 4 
  42 4 
  37 4 
  32 4 
  27 4 
  26 4 
  -13 4 
  -23 4 
  -25 4 
  -30 4 
  -48 4 
  -75 4 
  -78 4 
  -90 4 
  -93 4 
  -100 4 
  -102 4 
  52 5 
  45 5 
  44 5 
  25 5 
  19 5 
  13 5 
  11 5 
  8 5 
  -3 5 
  -20 5 
  -35 5 
  -46 5 
  -47 5 
  53 -5 
  51 -5 
  42 -5 
  37 -5 
  34 -5 
  13 -5 
  -9 -5 
  -20 -5 
  -22 -5 
  -43 -5 
  -47 -5 
  -55 -5 
  101 -4 
  97 -4 
  91 -4 
  89 -4 
  83 -4 
  74 -4 
  60 -4 
  54 -4 
  47 -4 
  46 -4 
  43 -4 
  37 -4 
  33 -4 
  32 -4 
  27 -4 
  26 -4 
  21 -4 
  9 -4 
  6 -4 
  3 -4 
  0 -4 
  -4 -4 
  -6 -4 
  -8 -4 
  -36 -4 
  -42 -4 
  -44 -4 
  -69 -4 
  -80 -4 
  -86 -4 
  -98 -4 
  -105 -4 
  136 -3 
  135 -3 
  131 -3 
  129 -3 
  126 -3 
  116 -3 
  112 -3 
  107 -3 
  88 -3 
  74 -3 
  66 -3 
  61 -3 
  58 -3 
  46 -3 
  33 -3 
  15 -3 
  10 -3 
  7 -3 
  1 -3 
  -9 -3 
  -10 -3 
  -11 -3 
  -20 -3 
  -30 -3 
  -31 -3 
  -32 -3 
  -37 -3 
  -59 -3 
  -62 -3 
  -74 -3 
  -76 -3 
  -81 -3 
  -110 -3 
  -117 -3 
  -118 -3 
  -120 -3 
  -130 -3 
  143 -2 
  136 -2 
  135 -2 
  129 -2 
  125 -2 
  124 -2 
  107 -2 
  100 -2 
  97 -2 
  90 -2 
  88 -2 
  87 -2 
  84 -2 
  83 -2 
  82 -2 
  74 -2 
  71 -2 
  70 -2 
  66 -2 
  39 -2 
  37 -2 
  33 -2 
  30 -2 
  28 -2 
  25 -2 
  20 -2 
  17 -2 
  14 -2 
  13 -2 
  11 -2 
  2 -2 
  -8 -2 
  -10 -2 
  -12 -2 
  -18 -2 
  -27 -2 
  -30 -2 
  -39 -2 
  -44 -2 
  -46 -2 
  -50 -2 
  -51 -2 
  -60 -2 
  -61 -2 
  -67 -2 
  -83 -2 
  -87 -2 
  -91 -2 
  -99 -2 
  -139 -2 
  -149 -2 
  127 -1 
  122 -1 
  108 -1 
  105 -1 
  89 -1 
  79 -1 
  75 -1 
  74 -1 
  61 -1 
  59 -1 
  57 -1 
  43 -1 
  39 -1 
  37 -1 
  34 -1 
  33 -1 
  11 -1 
  4 -1 
  1 -1 
  -1 -1 
  -11 -1 
  -16 -1 
  -23 -1 
  -29 -1 
  -37 -1 
  -66 -1 
  -82 -1 
  -87 -1 
  -94 -1 
  -96 -1 
  -100 -1 
  -113 -1 
  -122 -1 
  -134 -1 
  -138 -1 
  -142 -1 
  -166 -1 
  169 0 
  162 0 
  153 0 
  149 0 
  142 0 
  114 0 
  110 0 
  94 0 
  82 0 
  79 0 
  71 0 
  64 0 
  62 0 
  58 0 
  50 0 
  38 0 
  32 0 
  24 0 
  22 0 
  17 0 
  15 0 
  -3 0 
  -5 0 
  -17 0 
  -22 0 
  -32 0 
  -35 0 
  -39 0 
  -40 0 
  -48 0 
  -50 0 
  -52 0 
  -56 0 
  -57 0 
  -58 0 
  -67 0 
  -79 0 
  -97 0 
  -107 0 
  -115 0 
  -130 0 
  -150 0 
  -157 0 
  -162 0 
  -166 0 
  162 1 
  158 1 
  155 1 
  149 1 
  148 1 
  146 1 
  120 1 
  118 1 
  102 1 
  101 1 
  82 1 
  73 1 
  71 1 
  58 1 
  33 1 
  23 1 
  7 1 
  3 1 
  -4 1 
  -13 1 
  -31 1 
  -33 1 
  -40 1 
  -50 1 
  -56 1 
  -64 1 
  -66 1 
  -75 1 
  -76 1 
  -93 1 
  -103 1 
  -106 1 
  -107 1 
  -112 1 
  -122 1 
  -124 1 
  -133 1 
  -141 1 
  -142 1 
  -151 1 
  -153 1 
  -154 1 
  154 2 
  152 2 
  150 2 
  147 2 
  132 2 
  129 2 
  128 2 
  127 2 
  123 2 
  113 2 
  111 2 
  108 2 
  103 2 
  101 2 
  99 2 
  91 2 
  73 2 
  63 2 
  51 2 
  50 2 
  48 2 
  47 2 
  46 2 
  40 2 
  37 2 
  23 2 
  14 2 
  1 2 
  -16 2 
  -20 2 
  -34 2 
  -48 2 
  -51 2 
  -61 2 
  -71 2 
  -75 2 
  -86 2 
  -90 2 
  -91 2 
  -99 2 
  -103 2 
  -108 2 
  -115 2 
  -123 2 
  -125 2 
  -138 2 
  -145 2 
  124 3 
  119 3 
  108 3 
  106 3 
  99 3 
  94 3 
  86 3 
  82 3 
  70 3 
  65 3 
  59 3 
  50 3 
  49 3 
  44 3 
  42 3 
  39 3 
  36 3 
  34 3 
  25 3 
  23 3 
  3 3 
  1 3 
  -8 3 
  -9 3 
  -20 3 
  -27 3 
  -44 3 
  -61 3 
  -69 3 
  -70 3 
  -91 3 
  -95 3 
  -101 3 
  -114 3 
  -122 3 
  -131 3 
  98 4 
  62 4 
  58 4 
  51 4 
  43 4 
  36 4 
  15 4 
  13 4 
  12 4 
  11 4 
  9 4 
  3 4 
  -5 4 
  -36 4 
  -39 4 
  -51 4 
  -62 4 
  -67 4 
  -73 4 
  -91 4 
  -95 4 
  -103 4 
  47 5 
  37 5 
  14 5 
  6 5 
  -5 5 
  -12 5 
  -22 5 
  -28 5 
  -32 5 
  -40 5 
  -42 5 
  -43 5 
  -44 5 
  -48 5 
  -53 5 ;
AreaPerTest 1.9593200570e+10;
DefectRecordSpec 12 DEFECTID XREL YREL XINDEX YINDEX XSIZE YSIZE DEFECTAREA DSIZE CLASSNUMBER TEST IMAGECOUNT ;
DefectList
 1 36.144 14138.914 51 5 0.389 0.779 0.097218 0.779 0 1 0
 2 384.832 11940.753 -9 5 0.779 1.169 0.251694 1.169 1 1 0
 3 447.204 10895.979 21 5 1.949 1.949 1.016320 1.949 0 1 0
 4 81.531 12759.913 -29 4 0.779 0.779 0.195630 0.779 1 1 0
 5 145.921 11442.735 -45 4 0.779 1.169 0.160440 1.169 0 1 0
 6 426.865 9816.487 36 4 0.779 1.169 0.205769 1.169 1 1 0
 7 400.671 7499.185 -51 4 0.779 1.169 0.231416 1.169 0 1 0
 8 36.990 5493.805 88 4 0.389 0.779 0.146126 0.779 1 1 0
 9 338.773 5436.477 -18 4 0.389 0.779 0.184894 0.779 0 1 0
 10 176.730 4658.718 98 4 0.779 0.779 0.157458 0.779 1 1 0
 11 402.932 14912.509 133 3 0.389 0.779 0.108551 0.779 0 1 0
 12 366.999 13739.626 128 3 0.779 1.169 0.292848 1.169 0 1 0
 13 318.385 9878.756 -95 3 1.169 1.169 0.288077 1.169 0 1 0
 14 214.293 9446.844 33 3 0.389 0.779 0.135390 0.779 0 1 0
 15 159.012 7704.634 -112 3 0.779 0.779 0.229626 0.779 1 1 0
 16 355.423 7108.148 126 3 4.289 1.169 1.440980 4.289 0 1 0
 17 354.058 7116.728 126 3 6.239 2.729 2.177573 6.239 0 1 0
 18 346.842 7117.313 126 3 1.169 1.559 2.444179 1.559 0 1 0
 19 338.847 7114.388 126 3 6.239 5.849 3.901262 6.239 0 1 0
 20 192.452 7222.998 -28 3 0.389 0.779 0.114515 0.779 77 1 0
 21 42.903 5074.240 -94 3 0.779 1.169 0.245730 1.169 0 1 0
 22 54.519 2159.213 -64 3 0.779 1.169 0.261834 1.169 1 1 0
 23 339.527 1888.758 77 3 0.389 0.779 0.138372 0.779 1 1 0
 24 292.854 16166.311 71 2 0.779 0.779 0.127040 0.779 0 1 0
 25 399.197 16184.446 21 2 0.389 1.169 0.178333 1.169 77 1 0
 26 351.691 16310.996 2 2 0.779 0.779 0.187876 0.779 0 1 0
 27 326.246 12880.603 97 2 0.389 0.389 0.110340 0.389 1 1 0
 28 67.539 12024.774 154 2 0.389 0.779 0.138969 0.779 1 1 0
 29 190.627 8980.146 43 2 0.389 0.779 0.152687 0.779 0 1 0
 30 41.798 7100.801 70 2 0.779 0.779 0.150897 0.779 1 1 0
 31 130.572 934.329 146 2 3.119 2.339 2.374396 3.119 0 1 0
 32 118.872 938.424 146 2 1.559 1.169 0.341756 1.559 0 1 0
 33 110.683 940.569 146 2 1.559 0.779 0.311934 1.559 0 1 0
 34 78.509 953.243 146 2 2.729 2.729 1.738599 2.729 0 1 0
 35 335.822 336.019 92 2 1.169 1.169 0.271377 1.169 1 1 0
 36 159.500 876.148 148 2 1.169 1.169 0.317302 1.169 0 1 0
 37 319.591 882.972 148 2 2.339 2.339 1.897847 2.339 2 1 0
 38 356.055 892.332 148 2 2.729 3.119 3.173615 3.119 0 1 0
 39 183.416 16415.310 160 1 0.389 1.169 0.151494 1.169 0 1 0
 40 174.252 16417.650 160 1 0.779 1.169 0.204576 1.169 0 1 0
 41 115.363 16435.589 160 1 1.559 1.949 0.777747 1.949 0 1 0
 42 56.670 16444.559 160 1 1.169 1.169 0.431220 1.169 1 1 0
 43 240.305 16546.150 158 1 1.169 1.559 0.360841 1.559 0 1 0
 44 44.922 16547.320 158 1 1.949 1.559 0.559453 1.949 2 1 0
 45 125.063 15933.483 163 1 1.559 1.559 0.669793 1.559 0 1 0
 46 140.308 15359.742 26 1 0.779 1.169 0.208751 1.169 0 1 0
 47 298.426 15030.201 55 1 1.559 1.169 0.372174 1.559 2 1 0
 48 128.690 14815.904 -11 1 0.779 0.779 0.146126 0.779 1 1 0
 49 361.726 13953.058 25 1 1.169 1.169 0.302391 1.169 1 1 0
 50 436.715 12674.290 123 1 6.239 5.849 9.405137 6.239 52 1 0
 51 384.328 11678.000 1 1 0.779 1.169 0.258852 1.169 1 1 0
 52 435.106 5286.503 -86 1 0.779 1.169 0.224258 1.169 1 1 0
 53 418.044 3619.310 -92 1 0.779 1.169 0.170580 1.169 1 1 0
 54 209.389 785.789 4 1 0.779 1.169 0.189665 1.169 1 1 0
 55 94.813 115.043 -38 1 0.779 0.779 0.183701 0.779 0 1 0
 56 367.288 13956.756 -64 0 0.389 0.779 0.128829 0.779 1 1 0
 57 119.034 12894.629 73 0 0.389 0.389 0.109743 0.389 1 1 0
 58 386.943 13316.592 12 0 0.779 1.169 0.192051 1.169 1 1 0
 59 450.986 11738.901 -55 0 1.169 1.559 0.432413 1.559 0 1 0
 60 319.438 10484.242 88 0 0.779 1.169 0.270184 1.169 1 1 0
 61 73.233 10187.268 81 0 1.169 0.779 0.221873 1.169 0 1 0
 62 130.459 9565.558 -22 0 0.779 1.169 0.245134 1.169 0 1 0
 63 65.048 9259.225 57 0 0.389 0.779 0.133004 0.779 1 1 0
 64 304.071 9365.496 169 0 0.779 1.169 0.279130 1.169 1 1 0
 65 373.539 6729.254 166 0 0.779 0.779 0.174158 0.779 1 1 0
 66 251.521 5777.032 151 0 0.389 0.779 0.107358 0.779 0 1 0
 67 369.480 5241.844 90 0 30.029 22.619 151.384000 30.029 0 1 0
 68 359.745 3939.875 -6 0 1.169 1.949 0.616711 1.949 0 1 0
 69 355.065 3948.260 -6 0 0.389 0.779 0.371577 0.779 0 1 0
 70 352.530 3949.040 -6 0 0.779 0.779 0.371577 0.779 0 1 0
 71 321.454 2079.706 141 0 1.169 0.779 0.205173 1.169 0 1 0
 72 261.867 774.154 86 0 0.389 0.779 0.159844 0.779 1 1 0
 73 330.376 677.242 132 0 3.119 2.729 1.659870 3.119 0 1 0
 74 81.587 408.348 -169 0 0.389 1.559 0.420485 1.559 0 1 0
 75 81.783 398.208 -169 0 0.779 2.339 0.995445 2.339 0 1 0
 76 81.587 391.773 -169 0 0.389 1.169 1.374179 1.169 0 1 0
 77 83.343 386.509 -169 0 3.899 4.679 2.143577 4.679 0 1 0
 78 82.952 368.764 -169 0 4.679 15.209 14.550556 15.209 0 1 0
 79 82.562 276.728 -169 0 3.119 0.389 3.920348 3.119 0 1 0
 80 82.562 253.524 -169 0 3.119 0.779 4.024723 3.119 0 1 0
 81 82.368 247.089 -169 0 3.509 1.949 4.667081 3.509 0 1 0
 82 82.368 236.949 -169 0 3.509 1.949 3.677004 3.509 0 1 0
 83 82.368 230.515 -169 0 2.729 0.779 3.982377 2.729 0 1 0
 84 82.368 223.885 -169 0 3.509 1.559 4.077806 3.509 0 1 0
 85 82.368 213.940 -169 0 3.509 1.949 3.767065 3.509 0 1 0
 86 82.368 207.506 -169 0 3.509 0.779 3.985955 3.509 0 1 0
 87 83.147 345.755 -169 0 3.509 1.169 4.587755 3.509 0 1 0
 88 83.147 339.515 -169 0 3.509 1.949 6.308462 3.509 0 1 0
 89 83.147 329.181 -169 0 3.509 2.339 4.396301 3.509 0 1 0
 90 82.952 322.746 -169 0 3.119 1.169 4.992733 3.119 0 1 0
 91 82.952 316.311 -169 0 3.899 1.559 4.047388 3.899 0 1 0
 92 82.757 306.172 -169 0 3.509 1.559 3.471235 3.509 0 1 0
 93 82.952 299.737 -169 0 3.119 0.389 3.944802 3.119 0 1 0
 94 82.757 293.302 -169 0 3.509 1.559 4.337850 3.509 0 1 0
 95 82.757 283.163 -169 0 3.509 1.559 3.499267 3.509 0 1 0
 96 82.757 270.293 -169 0 3.509 1.559 3.463481 3.509 0 1 0
 97 82.757 260.153 -169 0 3.509 1.559 3.512388 3.509 0 1 0
 98 90.558 295.447 -169 0 0.389 13.649 2.405410 13.649 0 1 0
 99 90.947 274.973 -169 0 1.949 15.599 5.389360 15.599 0 1 0
 100 91.533 256.644 -169 0 3.119 15.599 11.645336 15.599 0 1 0
 101 93.678 235.194 -169 0 7.409 15.599 21.460222 15.599 0 1 0
 102 93.678 216.865 -169 0 7.409 15.599 26.454146 15.599 0 1 0
 103 82.757 351.605 -169 0 4.289 3.509 5.817598 4.289 0 1 0
 104 93.870 106.652 -169 0 9.359 1.949 16.181798 9.359 0 1 0
 105 91.140 111.332 -169 0 14.819 3.509 10.531797 14.819 0 1 0
 106 85.485 106.652 -169 0 3.509 1.949 16.124541 3.509 0 1 0
 107 80.026 111.332 -169 0 3.509 3.509 23.803602 3.509 0 1 0
 108 82.950 125.177 -169 0 31.199 20.279 86.971720 31.199 0 1 0
 109 77.491 144.481 -169 0 42.118 3.509 28.826156 42.118 0 1 0
 110 58.382 106.652 -169 0 46.798 1.949 17.405678 46.798 0 1 0
 111 44.731 144.481 -169 0 19.499 3.509 14.663878 19.499 0 1 0
 112 66.767 139.021 -169 0 63.568 3.509 43.323036 63.568 0 1 0
 113 50.192 125.177 -169 0 30.419 20.279 88.521248 30.419 1 1 0
 114 55.651 111.332 -169 0 41.338 3.509 28.963336 41.338 0 1 0
 115 369.592 16374.083 143 -1 0.779 1.169 0.149704 1.169 1 1 0
 116 177.447 14101.365 4 -1 0.389 1.169 0.178333 1.169 1 1 0
 117 442.962 13079.670 128 -1 1.169 1.559 0.505178 1.559 1 1 0
 118 102.764 10779.653 144 -1 1.559 1.559 0.566610 1.559 1 1 0
 119 92.211 9860.330 149 -1 0.779 0.779 0.198612 0.779 0 1 0
 120 356.994 8545.223 -11 -1 0.779 1.169 0.208155 1.169 1 1 0
 121 410.519 8958.607 -5 -1 1.169 1.169 0.288077 1.169 0 1 0
 122 444.152 8496.085 13 -1 1.169 1.169 0.292848 1.169 1 1 0
 123 381.976 7027.589 142 -1 1.949 1.559 0.554682 1.949 2 1 0
 124 325.260 1602.158 -31 -1 0.779 1.169 0.204576 1.169 1 1 0
 125 74.980 982.862 -1 -1 0.389 0.389 0.103779 0.389 0 1 0
 126 415.544 15003.857 -56 -2 0.779 0.779 0.183105 0.779 0 1 0
 127 356.555 10950.069 -1 -2 0.779 0.779 0.200998 0.779 1 1 0
 128 194.803 7919.091 10 -2 1.169 1.559 0.418695 1.559 1 1 0
 129 147.589 5875.559 -21 -2 1.169 1.559 0.367999 1.559 1 1 0
 130 332.911 962.436 -40 -2 0.779 1.169 0.190262 1.169 0 1 0
 131 185.748 12299.808 36 -3 0.389 0.779 0.128829 0.779 77 1 0
 132 129.512 10998.811 -90 -3 3.899 2.339 1.796453 3.899 3 1 0
 133 424.774 15810.729 -48 -4 1.559 1.559 0.685897 1.559 0 1 0
 134 419.335 15810.335 -48 -4 1.559 0.779 0.493846 1.559 1 1 0
 135 99.089 6374.729 27 -4 0.779 1.559 0.373963 1.559 77 1 0
 136 448.148 1725.626 76 -4 0.779 1.949 0.276744 1.949 0 1 0
 137 93.678 15537.144 5 -5 0.389 0.389 0.114515 0.389 0 1 0
 138 389.776 1098.785 -52 -5 0.779 0.389 0.103183 0.779 1 1 0
 139 74.762 175.116 -169 0 88.137 54.207 290.660416 88.137 0 1 0
 140 97.053 9844.761 -45 4 12.089 7.799 26.167860 12.089 0 1 0;
EndOfFile;
