FileVersion 1 2;
FileTimestamp 07-15-19 12:23:16;
InspectionStationID "NONE" "AIT" "ILS201";
SampleType WAFER;
ResultTimestamp 07-11-19 14:43:30;
LotID "195R49";
SampleSize 1 200;
DeviceID "TT21";
SetupID "TT21" 01-01-19 11:22:46;
StepID "M4CCAPDTEOS";
SampleOrientationMarkType NOTCH;
OrientationMarkLocation DOWN;
DiePitch 6.2019110000e+03 4.0905150000e+03;
DieOrigin 0.0000000000e+00 0.0000000000e+00;
WaferID "@02";
Slot 2;
SampleCenterLocation 3.3010000000e+03 -3.0670000000e+03;
ClassLookup 74
  0 "Uncategorized"
  1 "Small PT"
  2 "Medium PT"
  3 "Large PT"
  4 "Polymer"
  5 "Flake PT"
  6 "Scratch"
  9 "Other Defect"
  10 "Other Residue"
  11 "Wet Residue"
  13 "W Residue"
  14 "PR Residue"
  15 "Liquid Mark"
  16 "Thread Defect"
  20 "Pits"
  22 "Pattern Deformed"
  23 "Defocus"
  24 "PR BUBBLE"
  25 "Crown Defect"
  27 "Bead Defect"
  30 "CMP Scratch"
  31 "Minor CMP Scratch"
  35 "Rip Out"
  40 "Protrusion"
  42 "Top Blocked"
  43 "Bottom Blocked"
  44 "Line broken"
  45 "Metal Corrosion"
  46 "Galvanic Corrosion"
  51 "PR Popping"
  52 "Salicide Bad"
  53 "STI Dimple"
  59 "W Void"
  60 "AA Dep PT"
  61 "GC Dep PT"
  62 "CVD Dep PT"
  63 "Metal Dep PT"
  73 "Cone Defect"
  74 "Metal Depression"
  77 "Underlayer"
  78 "NUISANCE/FALSE"
  79 "Metal Grain"
  80 "Don't Care/Minor"
  95 "Missing AI"
  99 "test2"
  100 "Cluster"
  101 "CU CMP Scratch"
  102 "CU Void"
  103 "2_PO Missing"
  104 "CU Pattern Open"
  105 "CU Remain"
  106 "Circle CU Remain"
  107 "CU CVD PT"
  108 "CU Eclips"
  109 "CU CMP Residue"
  110 "Minor CU CMP Scratch"
  111 "CMP PT"
  112 "CU SEAM PT"
  113 "CU Ox"
  114 "CU Pattern Open(Minor)"
  116 "1_PO Missing"
  117 "PAD Abnormality"
  150 "Guard Ring Circle Defect"
  151 "EBR Circle Defect"
  152 "PAD Hillock"
  153 "PAD Residue"
  154 "PAD Hole"
  155 "Color PR Residue"
  201 "Bin 1"
  202 "Bin 2"
  203 "Bin 3"
  204 "Bin 4"
  205 "Bin 5"
  206 "Bin 6"  ;
OrientationInstructions "";
InspectionTest 1;
SampleTestPlan 1086
  -15 -3 
  -14 -1 
  -14 3 
  -13 -11 
  -13 -1 
  -13 2 
  -13 10 
  -12 -7 
  -12 -5 
  -12 -3 
  -12 12 
  -11 -12 
  -11 -7 
  -11 0 
  -11 1 
  -11 14 
  -10 -13 
  -10 6 
  -9 -13 
  -9 -12 
  -9 3 
  -9 10 
  -8 -15 
  -8 -2 
  -8 10 
  -8 17 
  -7 -12 
  -7 15 
  -6 -19 
  -6 1 
  -6 3 
  -6 10 
  -6 12 
  -5 -22 
  -5 -21 
  -5 -20 
  -5 -19 
  -5 -16 
  -5 -6 
  -5 3 
  -4 -18 
  -4 -10 
  -4 -7 
  -4 2 
  -4 10 
  -4 12 
  -4 19 
  -4 20 
  -3 -15 
  -3 -7 
  -3 -1 
  -3 2 
  -3 11 
  -3 13 
  -3 16 
  -2 -19 
  -2 -10 
  -2 -8 
  -2 -4 
  -2 -2 
  -2 9 
  -2 14 
  -1 -12 
  -1 -6 
  -1 9 
  0 -13 
  0 -12 
  0 -8 
  1 -21 
  1 -7 
  1 -5 
  1 -2 
  1 4 
  1 13 
  2 -22 
  2 -14 
  2 -12 
  2 2 
  2 9 
  2 15 
  2 20 
  3 -22 
  3 -21 
  3 -19 
  3 -12 
  3 -7 
  3 3 
  3 13 
  3 15 
  3 17 
  3 18 
  4 -15 
  4 -7 
  4 -3 
  4 9 
  4 13 
  4 16 
  5 -21 
  5 -19 
  5 -7 
  6 -9 
  6 14 
  6 18 
  7 -20 
  7 -16 
  7 15 
  8 -15 
  8 -14 
  8 -11 
  8 -2 
  8 7 
  9 5 
  10 -18 
  10 -14 
  10 -2 
  10 7 
  10 11 
  11 -11 
  11 9 
  11 12 
  12 -11 
  12 11 
  13 -11 
  13 -5 
  13 -2 
  13 4 
  13 6 
  13 10 
  14 -5 
  14 -2 
  14 -1 
  14 3 
  -14 -3 
  -14 1 
  -13 -3 
  -13 8 
  -12 -6 
  -12 1 
  -12 3 
  -12 9 
  -12 11 
  -11 -15 
  -11 -14 
  -11 -5 
  -11 -3 
  -11 5 
  -11 7 
  -11 11 
  -11 13 
  -10 -18 
  -10 -12 
  -10 -1 
  -10 5 
  -10 8 
  -10 13 
  -9 -19 
  -9 -10 
  -9 2 
  -9 12 
  -9 15 
  -9 16 
  -8 -20 
  -8 -19 
  -8 -10 
  -8 -5 
  -7 -18 
  -7 -14 
  -7 -13 
  -7 -7 
  -7 -6 
  -7 5 
  -7 6 
  -6 -15 
  -6 -13 
  -6 -10 
  -6 2 
  -6 6 
  -6 19 
  -5 -9 
  -5 -2 
  -5 7 
  -5 20 
  -4 -23 
  -4 -22 
  -4 -15 
  -4 -11 
  -4 6 
  -4 18 
  -3 -13 
  -3 -6 
  -3 6 
  -3 8 
  -3 9 
  -3 14 
  -3 17 
  -2 -20 
  -2 -18 
  -2 -16 
  -2 4 
  -2 5 
  -2 8 
  -2 11 
  -2 16 
  -2 19 
  -1 -23 
  -1 -4 
  -1 0 
  -1 11 
  -1 19 
  0 -9 
  0 -1 
  0 1 
  0 3 
  0 12 
  1 -19 
  1 15 
  2 -11 
  2 -6 
  2 -5 
  2 -1 
  2 0 
  2 17 
  3 -8 
  3 2 
  3 4 
  3 8 
  3 14 
  4 -20 
  4 -10 
  4 -2 
  4 5 
  4 15 
  4 17 
  4 18 
  5 -15 
  5 -13 
  5 -12 
  5 -2 
  5 4 
  5 9 
  5 19 
  6 -4 
  6 5 
  7 -8 
  7 -1 
  7 0 
  7 8 
  7 18 
  8 -17 
  8 -16 
  8 -6 
  8 12 
  8 16 
  9 -12 
  9 -3 
  10 -15 
  10 -13 
  10 -1 
  10 3 
  10 5 
  10 15 
  11 -9 
  11 -6 
  11 -3 
  11 -1 
  11 1 
  11 14 
  12 -7 
  12 7 
  13 -12 
  13 -9 
  13 -8 
  14 -7 
  14 -6 
  14 5 
  15 -2 
  -15 0 
  -14 -5 
  -14 5 
  -13 -12 
  -13 -7 
  -13 -6 
  -13 1 
  -13 6 
  -13 9 
  -12 -11 
  -12 5 
  -12 7 
  -11 -10 
  -11 -2 
  -11 -1 
  -11 12 
  -10 -6 
  -10 2 
  -9 -15 
  -9 -4 
  -9 11 
  -8 -16 
  -8 -11 
  -8 -8 
  -8 -4 
  -8 13 
  -7 -19 
  -7 -3 
  -7 -2 
  -7 -1 
  -7 7 
  -7 11 
  -7 18 
  -6 -18 
  -6 -11 
  -6 7 
  -6 8 
  -5 -18 
  -5 -12 
  -5 -8 
  -5 5 
  -5 9 
  -5 14 
  -4 -20 
  -4 -19 
  -4 -16 
  -4 -13 
  -4 -5 
  -3 -18 
  -3 -10 
  -3 -8 
  -3 -3 
  -3 7 
  -3 19 
  -2 -12 
  -2 1 
  -2 10 
  -1 -17 
  -1 -15 
  -1 -11 
  -1 4 
  -1 16 
  0 -17 
  0 8 
  0 9 
  0 15 
  0 16 
  0 18 
  1 -24 
  1 -22 
  1 -12 
  1 -11 
  1 12 
  1 17 
  2 -19 
  2 5 
  2 6 
  3 -23 
  3 -6 
  3 -2 
  3 11 
  3 19 
  4 -5 
  4 8 
  4 14 
  5 -17 
  5 -8 
  5 0 
  5 11 
  5 12 
  6 -22 
  6 -7 
  6 9 
  6 13 
  6 16 
  6 17 
  7 -11 
  7 -9 
  7 -5 
  7 10 
  7 12 
  7 13 
  8 -9 
  8 -8 
  8 -5 
  8 15 
  8 17 
  9 -19 
  9 -18 
  9 -10 
  9 -4 
  9 6 
  9 12 
  9 14 
  9 15 
  10 -8 
  10 10 
  10 12 
  11 -10 
  11 -2 
  11 4 
  12 -12 
  12 -10 
  12 -4 
  12 1 
  13 -10 
  13 -4 
  -14 0 
  -14 4 
  -13 5 
  -13 7 
  -12 -10 
  -12 2 
  -11 -6 
  -11 2 
  -10 -17 
  -10 -14 
  -10 -10 
  -10 -4 
  -10 3 
  -10 10 
  -10 15 
  -9 -18 
  -9 -6 
  -9 6 
  -9 9 
  -9 14 
  -8 -14 
  -8 2 
  -8 4 
  -8 5 
  -8 7 
  -8 16 
  -7 -17 
  -7 -16 
  -7 3 
  -7 8 
  -7 9 
  -7 14 
  -7 19 
  -6 -17 
  -6 -7 
  -5 -10 
  -5 -3 
  -5 15 
  -4 -9 
  -4 -6 
  -4 -3 
  -4 1 
  -4 9 
  -4 16 
  -3 -23 
  -3 -19 
  -3 -17 
  -3 -12 
  -3 -5 
  -2 -6 
  -2 -5 
  -2 13 
  -1 -19 
  -1 -13 
  -1 -1 
  -1 1 
  -1 2 
  -1 5 
  0 -23 
  0 -3 
  0 -2 
  0 0 
  0 2 
  0 4 
  0 13 
  0 21 
  1 -18 
  1 -9 
  1 -1 
  1 5 
  1 11 
  1 14 
  1 20 
  2 -8 
  2 1 
  2 4 
  2 7 
  2 19 
  2 21 
  3 -16 
  3 -13 
  3 -11 
  3 -10 
  3 -1 
  3 1 
  3 9 
  4 -17 
  4 -9 
  4 -8 
  5 -20 
  5 -18 
  5 -11 
  5 -5 
  5 3 
  5 8 
  5 10 
  6 -18 
  6 -17 
  6 -16 
  6 -13 
  6 -11 
  6 -5 
  6 1 
  6 3 
  6 7 
  7 -21 
  7 -17 
  7 1 
  7 5 
  7 9 
  8 -20 
  8 -19 
  8 -18 
  8 -3 
  8 3 
  8 6 
  8 10 
  9 -17 
  9 -16 
  9 -14 
  9 -13 
  9 1 
  9 4 
  9 9 
  10 -6 
  10 -5 
  10 0 
  10 8 
  10 9 
  10 13 
  11 -15 
  11 -7 
  11 -4 
  11 11 
  12 -15 
  12 12 
  13 3 
  13 8 
  14 4 
  14 6 
  15 -4 
  15 1 
  -14 -9 
  -14 -2 
  -14 6 
  -12 -14 
  -12 -13 
  -12 -12 
  -12 -9 
  -12 -2 
  -12 -1 
  -11 -16 
  -11 -11 
  -11 -4 
  -11 10 
  -10 -8 
  -9 -11 
  -9 -8 
  -9 -3 
  -9 1 
  -9 13 
  -9 17 
  -8 -18 
  -8 -17 
  -8 -3 
  -8 15 
  -7 2 
  -7 12 
  -6 -22 
  -6 -12 
  -6 -9 
  -6 -4 
  -5 -17 
  -5 -5 
  -5 -1 
  -5 2 
  -5 8 
  -5 12 
  -4 7 
  -4 13 
  -3 -16 
  -3 -14 
  -3 -2 
  -3 0 
  -3 12 
  -3 20 
  -2 -14 
  -2 6 
  -2 7 
  -2 20 
  -1 -16 
  -1 8 
  -1 12 
  -1 13 
  -1 17 
  -1 18 
  0 -15 
  0 -10 
  0 11 
  1 -23 
  1 -20 
  1 -13 
  1 -8 
  1 -4 
  1 -3 
  2 -18 
  2 -16 
  2 -9 
  2 -7 
  2 -4 
  2 10 
  2 11 
  2 12 
  2 16 
  2 18 
  3 -18 
  3 -14 
  3 -4 
  3 -3 
  4 -16 
  4 0 
  4 2 
  4 3 
  4 6 
  5 -10 
  5 -9 
  5 -6 
  5 13 
  6 -19 
  6 -14 
  6 -8 
  6 8 
  7 -19 
  7 -13 
  7 -10 
  7 6 
  7 14 
  8 -13 
  8 -1 
  8 0 
  8 2 
  8 9 
  9 -9 
  9 -7 
  9 -2 
  9 7 
  9 8 
  9 10 
  9 11 
  10 -17 
  10 4 
  11 -12 
  11 -5 
  11 5 
  11 13 
  12 -9 
  12 -6 
  12 -5 
  12 0 
  12 4 
  12 5 
  13 -7 
  13 0 
  14 0 
  15 -3 
  15 -1 
  -15 -1 
  -14 -8 
  -14 -7 
  -13 -8 
  -12 -8 
  -12 4 
  -12 6 
  -11 -13 
  -11 -9 
  -11 -8 
  -11 6 
  -11 8 
  -10 -15 
  -10 -5 
  -10 -2 
  -10 7 
  -10 9 
  -10 14 
  -9 -17 
  -9 -1 
  -8 -9 
  -8 11 
  -8 12 
  -8 14 
  -8 18 
  -7 0 
  -7 1 
  -7 4 
  -7 13 
  -6 -21 
  -6 -20 
  -6 -14 
  -6 -5 
  -6 -2 
  -6 4 
  -6 5 
  -6 11 
  -6 18 
  -5 -15 
  -5 -7 
  -5 0 
  -5 13 
  -5 18 
  -4 -14 
  -4 -4 
  -4 3 
  -4 4 
  -4 5 
  -4 11 
  -4 17 
  -3 -4 
  -3 3 
  -2 -24 
  -2 -21 
  -2 -13 
  -2 -11 
  -2 -7 
  -2 0 
  -2 2 
  -2 15 
  -2 17 
  -2 18 
  -2 21 
  -1 -10 
  -1 15 
  -1 20 
  -1 21 
  0 -22 
  0 -21 
  0 -19 
  0 -14 
  0 -4 
  0 6 
  0 14 
  0 17 
  0 20 
  1 -14 
  1 -6 
  1 0 
  1 1 
  1 2 
  1 8 
  1 9 
  1 16 
  1 19 
  1 21 
  2 -20 
  2 -13 
  2 -2 
  2 8 
  3 -17 
  3 21 
  4 -23 
  4 -1 
  4 4 
  4 7 
  4 10 
  4 11 
  4 20 
  5 -22 
  5 14 
  5 15 
  6 -20 
  6 -6 
  6 2 
  6 10 
  6 11 
  6 19 
  7 -12 
  7 -7 
  7 -4 
  7 11 
  8 -7 
  8 -4 
  8 1 
  8 4 
  8 8 
  8 13 
  9 -1 
  9 0 
  9 16 
  9 17 
  10 -11 
  10 6 
  11 -16 
  12 3 
  12 9 
  12 10 
  13 -6 
  14 -9 
  14 -4 
  14 7 
  -15 -2 
  -13 -10 
  -13 -5 
  -13 -4 
  -13 -2 
  -13 0 
  -13 3 
  -12 0 
  -12 8 
  -11 3 
  -11 4 
  -11 9 
  -10 -11 
  -10 -7 
  -10 -3 
  -10 1 
  -10 12 
  -9 -16 
  -9 -14 
  -9 -7 
  -9 0 
  -9 8 
  -8 -13 
  -8 -7 
  -8 0 
  -8 8 
  -8 9 
  -7 -21 
  -7 -20 
  -7 -15 
  -7 -11 
  -7 -5 
  -7 10 
  -6 -16 
  -6 -8 
  -6 -6 
  -6 -3 
  -6 16 
  -5 -11 
  -5 -4 
  -5 1 
  -5 4 
  -5 10 
  -5 11 
  -5 16 
  -5 19 
  -4 -8 
  -4 -2 
  -4 -1 
  -4 8 
  -3 -21 
  -3 -20 
  -3 -11 
  -3 -9 
  -3 10 
  -2 -15 
  -2 -9 
  -2 3 
  -1 -18 
  -1 -2 
  -1 6 
  -1 7 
  -1 10 
  -1 14 
  0 -6 
  0 -5 
  0 7 
  1 -17 
  1 6 
  2 -24 
  2 -23 
  2 -21 
  2 -17 
  2 -10 
  2 13 
  3 -20 
  3 -15 
  3 -5 
  3 0 
  3 7 
  3 10 
  3 12 
  3 16 
  3 20 
  4 -22 
  4 -21 
  4 -19 
  4 -14 
  4 -12 
  4 -11 
  4 -4 
  4 19 
  5 -14 
  5 -3 
  5 -1 
  5 2 
  5 5 
  5 6 
  5 17 
  5 18 
  6 -21 
  6 -12 
  6 -10 
  6 -1 
  6 4 
  6 12 
  7 -15 
  7 -14 
  7 -6 
  7 -3 
  7 4 
  7 7 
  7 16 
  7 17 
  7 19 
  8 -12 
  8 -10 
  8 5 
  8 14 
  8 18 
  9 -11 
  9 -8 
  9 -6 
  9 2 
  9 13 
  10 -16 
  10 -10 
  10 -7 
  10 -3 
  11 -14 
  11 0 
  11 7 
  11 8 
  12 -14 
  12 -13 
  12 -3 
  12 2 
  12 8 
  13 -1 
  13 2 
  13 9 
  14 -3 
  14 1 
  14 2 
  -14 -6 
  -14 -4 
  -14 2 
  -13 -9 
  -13 4 
  -12 -4 
  -12 10 
  -10 -16 
  -10 -9 
  -10 0 
  -10 4 
  -10 11 
  -9 -9 
  -9 -5 
  -9 -2 
  -9 4 
  -9 5 
  -9 7 
  -8 -12 
  -8 -6 
  -8 -1 
  -8 1 
  -8 3 
  -8 6 
  -7 -10 
  -7 -9 
  -7 -8 
  -7 -4 
  -7 16 
  -7 17 
  -6 -1 
  -6 0 
  -6 9 
  -6 13 
  -6 14 
  -6 15 
  -6 17 
  -5 -14 
  -5 -13 
  -5 6 
  -5 17 
  -4 -21 
  -4 -17 
  -4 -12 
  -4 0 
  -4 14 
  -4 15 
  -3 -22 
  -3 1 
  -3 4 
  -3 5 
  -3 15 
  -3 18 
  -3 21 
  -2 -23 
  -2 -22 
  -2 -17 
  -2 -3 
  -2 -1 
  -2 12 
  -1 -24 
  -1 -22 
  -1 -21 
  -1 -20 
  -1 -14 
  -1 -9 
  -1 -8 
  -1 -7 
  -1 -5 
  -1 -3 
  -1 3 
  0 -24 
  0 -20 
  0 -18 
  0 -16 
  0 -11 
  0 -7 
  0 5 
  0 10 
  0 19 
  1 -16 
  1 -15 
  1 -10 
  1 3 
  1 7 
  1 10 
  1 18 
  2 -15 
  2 -3 
  2 3 
  2 14 
  3 -9 
  3 5 
  3 6 
  4 -18 
  4 -13 
  4 -6 
  4 1 
  4 12 
  5 -16 
  5 -4 
  5 1 
  5 7 
  5 16 
  5 20 
  6 -15 
  6 -3 
  6 -2 
  6 0 
  6 6 
  6 15 
  7 -18 
  7 -2 
  7 2 
  7 3 
  8 11 
  9 -15 
  9 -5 
  9 3 
  10 -12 
  10 -9 
  10 -4 
  10 1 
  10 2 
  10 14 
  11 -13 
  11 -8 
  11 2 
  11 3 
  11 6 
  11 10 
  12 -8 
  12 -2 
  12 -1 
  12 6 
  13 -3 
  13 1 
  13 5 
  13 7 
  14 -8 
  15 0 ;
AreaPerTest 2.2772998935e+10;
DefectRecordSpec 12 DEFECTID XREL YREL XINDEX YINDEX XSIZE YSIZE DEFECTAREA DSIZE CLASSNUMBER TEST IMAGECOUNT ;
DefectList
 3 1284.600 3053.500 6 -21 4.000 1.400 5.000000 81.000 77 1 0
 4 5355.600 2171.000 6 -20 8.000 4.100 32.000000 217.000 77 1 0
 5 1170.700 2430.000 7 -20 8.000 4.100 21.000000 123.000 0 1 0
 8 634.200 1717.500 2 -19 8.000 4.100 27.000000 144.000 62 1 0
 9 4068.100 1211.500 1 -19 8.000 4.100 27.000000 189.000 77 1 0
 10 3686.100 1251.000 1 -18 8.000 5.400 32.000000 151.000 0 1 0
 11 3637.900 790.000 -11 -16 12.000 4.100 37.000000 193.000 0 1 0
 12 4020.900 3014.000 9 -16 8.000 2.700 21.000000 81.000 62 1 0
 13 4133.700 3073.500 7 -15 12.000 4.100 32.000000 175.000 62 1 0
 14 4608.900 378.500 -11 -15 8.000 4.100 21.000000 200.000 78 1 0
 15 4608.800 378.000 -12 -14 4.000 2.700 10.000000 192.000 0 1 0
 16 3719.900 3053.000 -1 -14 8.000 6.800 43.000000 391.000 62 1 0
 17 5409.700 1138.000 7 -14 8.000 1.400 10.000000 87.000 0 1 0
 18 5417.700 1145.000 7 -14 16.000 5.400 65.000000 590.000 62 1 0
 19 1384.500 1640.000 -5 -12 4.000 1.400 5.000000 77.000 0 1 0
 20 627.600 3420.500 6 -11 8.000 5.400 37.000000 149.000 0 1 0
 21 5228.400 1807.500 -6 -11 8.000 2.700 21.000000 86.000 0 1 0
 22 4608.700 377.500 -13 -11 8.000 4.100 32.000000 187.000 78 1 0
 23 4602.700 404.000 -13 -10 8.000 2.700 21.000000 271.000 0 1 0
 24 4608.700 375.000 -13 -10 4.000 2.700 10.000000 187.000 78 1 0
 25 2983.300 1253.500 3 -9 8.000 4.100 27.000000 170.000 62 1 0
 26 2036.900 1016.500 -11 -9 16.000 9.500 81.000000 210.000 0 1 0
 27 4613.600 376.000 -14 -8 4.000 4.100 16.000000 230.000 0 1 0
 28 5258.000 3207.500 10 -7 12.000 5.400 48.000000 407.000 62 1 0
 30 2133.700 2671.500 -13 -7 16.000 6.800 81.000000 698.000 62 1 0
 31 4606.600 375.500 -14 -7 4.000 6.800 27.000000 179.000 0 1 0
 32 3662.600 363.500 -14 -7 4.000 1.400 5.000000 146.000 0 1 0
 33 4600.600 403.000 -14 -6 4.000 2.700 10.000000 237.000 0 1 0
 34 4604.600 373.000 -14 -6 4.000 2.700 10.000000 142.000 78 1 0
 35 4486.500 311.000 -5 -4 4.000 2.700 10.000000 171.000 0 1 0
 36 4606.500 373.500 -15 -3 4.000 2.700 10.000000 211.000 0 1 0
 37 4606.500 372.000 -15 -2 8.000 5.400 32.000000 184.000 78 1 0
 38 5621.500 1082.000 -5 0 12.000 6.800 59.000000 471.000 0 1 0
 39 5625.500 1094.000 -5 0 12.000 5.400 54.000000 271.000 0 1 0
 41 4360.300 3502.500 -7 3 4.000 1.400 5.000000 96.000 78 1 0
 42 674.400 3507.000 4 4 8.000 4.100 32.000000 428.000 0 1 0
 44 1768.400 927.500 4 5 8.000 4.100 32.000000 174.000 62 1 0
 45 3135.700 2893.500 -13 5 12.000 4.100 32.000000 237.000 0 1 0
 46 2249.700 3193.500 -13 5 8.000 4.100 27.000000 242.000 0 1 0
 47 736.700 3456.500 -13 5 8.000 4.100 27.000000 227.000 0 1 0
 48 459.600 1231.000 -14 6 8.000 4.100 21.000000 192.000 0 1 0
 49 2674.600 650.000 -14 6 8.000 4.100 27.000000 156.000 0 1 0
 50 3158.600 520.000 -14 6 8.000 4.100 32.000000 215.000 0 1 0
 51 3188.600 512.000 -14 6 12.000 4.100 37.000000 167.000 0 1 0
 52 3322.600 494.000 -14 6 8.000 4.100 21.000000 206.000 0 1 0
 53 4604.600 368.000 -14 6 4.000 5.400 21.000000 178.000 0 1 0
 54 1191.500 2902.500 5 7 8.000 4.100 32.000000 149.000 0 1 0
 55 2230.700 3059.000 -13 8 8.000 2.700 16.000000 92.000 0 1 0
 56 2278.700 3051.000 -13 8 24.000 10.800 103.000000 276.000 62 1 0
 57 461.600 2205.000 6 8 12.000 4.100 27.000000 178.000 0 1 0
 58 775.600 2646.000 6 8 8.000 5.400 37.000000 197.000 0 1 0
 59 2806.600 673.000 6 8 16.000 9.500 75.000000 454.000 0 1 0
 60 2814.600 682.000 6 8 8.000 1.400 10.000000 108.000 0 1 0
 61 2824.600 700.000 6 8 4.000 1.400 5.000000 87.000 0 1 0
 62 2916.600 793.000 6 8 12.000 4.100 27.000000 230.000 62 1 0
 63 477.700 1083.500 7 9 4.000 2.700 10.000000 153.000 0 1 0
 64 3497.000 525.500 0 9 12.000 4.100 48.000000 458.000 62 1 0
 65 5279.200 3912.500 -8 9 4.000 4.100 16.000000 161.000 0 1 0
 66 4606.700 366.500 -13 9 4.000 2.700 10.000000 121.000 78 1 0
 67 4596.700 395.000 -13 10 4.000 2.700 10.000000 186.000 0 1 0
 68 4604.700 365.000 -13 10 4.000 1.400 5.000000 149.000 78 1 0
 69 5478.800 344.000 -12 10 16.000 6.800 75.000000 701.000 62 1 0
 70 892.000 3396.000 -10 10 8.000 4.100 32.000000 194.000 62 1 0
 71 5204.900 1662.000 -1 10 8.000 4.100 27.000000 176.000 62 1 0
 72 3320.600 3288.000 6 10 20.000 9.500 151.000000 771.000 62 1 0
 73 1117.700 2956.000 7 10 8.000 4.100 27.000000 187.000 62 1 0
 74 4742.700 2791.500 -3 11 4.000 1.400 5.000000 85.000 0 1 0
 75 5884.000 2179.500 -10 11 8.000 5.400 43.000000 291.000 0 1 0
 76 1571.800 330.500 -12 11 4.000 1.400 5.000000 125.000 78 1 0
 77 5301.600 397.000 -4 12 4.000 1.400 5.000000 87.000 0 1 0
 78 5381.800 628.000 8 12 8.000 4.100 27.000000 144.000 62 1 0
 79 1723.700 1834.500 -3 13 8.000 4.100 32.000000 118.000 0 1 0
 80 1630.700 2146.500 -3 13 8.000 4.100 32.000000 128.000 0 1 0
 81 3506.000 1090.500 -10 13 8.000 5.400 37.000000 207.000 0 1 0
 82 5487.000 2012.000 -10 14 12.000 5.400 43.000000 289.000 0 1 0
 83 5489.000 2021.000 -10 14 8.000 2.700 21.000000 140.000 0 1 0
 84 5497.000 2028.000 -10 14 8.000 4.100 21.000000 124.000 0 1 0
 85 5505.000 2037.000 -10 14 8.000 5.400 37.000000 272.000 0 1 0
 86 1531.100 273.000 -9 14 8.000 2.700 16.000000 119.000 0 1 0
 87 1934.100 2463.000 -9 14 8.000 4.100 27.000000 236.000 62 1 0
 88 2749.100 3921.000 -9 14 4.000 1.400 5.000000 112.000 0 1 0
 89 5766.100 974.000 -9 14 12.000 2.700 27.000000 213.000 0 1 0
 90 2924.400 987.000 -6 14 8.000 4.100 32.000000 182.000 0 1 0
 91 4833.400 395.000 -6 14 4.000 1.400 5.000000 105.000 78 1 0
 92 1778.600 2808.000 6 14 8.000 1.400 10.000000 74.000 0 1 0
 93 1794.600 2804.000 6 14 8.000 4.100 32.000000 113.000 0 1 0
 94 1798.600 2817.000 6 14 8.000 4.100 32.000000 111.000 62 1 0
 95 1547.700 1406.000 7 14 12.000 8.100 81.000000 571.000 0 1 0
 96 1432.900 1729.000 9 14 12.000 5.400 37.000000 161.000 0 1 0
 97 1618.900 2018.000 9 14 8.000 4.100 27.000000 115.000 0 1 0
 98 2051.900 2551.000 9 14 8.000 4.100 27.000000 102.000 0 1 0
 99 2329.900 3008.000 9 14 8.000 5.400 37.000000 187.000 0 1 0
 100 2865.900 3195.000 9 14 8.000 5.400 37.000000 156.000 0 1 0
 101 2028.000 2598.000 10 14 8.000 4.100 27.000000 181.000 62 1 0
 102 5267.600 2541.500 6 15 12.000 8.100 81.000000 465.000 0 1 0
 103 2720.600 650.500 6 15 8.000 5.400 37.000000 173.000 62 1 0
 104 2868.100 3385.500 1 15 8.000 2.700 16.000000 88.000 0 1 0
 105 2868.100 3375.500 1 15 8.000 4.100 27.000000 214.000 62 1 0
 106 4904.600 1049.500 -4 15 8.000 2.700 21.000000 95.000 0 1 0
 107 4074.600 2708.500 -4 15 12.000 4.100 32.000000 146.000 0 1 0
 108 5793.100 1460.500 -9 15 4.000 2.700 10.000000 204.000 62 1 0
 109 4777.000 2656.500 -10 15 8.000 5.400 32.000000 424.000 0 1 0
 110 3825.300 1149.000 -7 16 4.000 2.700 10.000000 90.000 0 1 0
 111 4744.300 3720.000 -7 16 16.000 4.100 54.000000 579.000 0 1 0
 112 4717.200 3338.000 2 16 24.000 8.100 70.000000 176.000 62 1 0
 113 5144.600 1983.000 6 16 8.000 5.400 32.000000 226.000 0 1 0
 114 1418.700 3017.000 7 16 4.000 2.700 10.000000 80.000 0 1 0
 115 5244.800 395.500 -2 17 8.000 2.700 21.000000 123.000 78 1 0
 116 3689.600 862.500 -4 17 8.000 4.100 32.000000 157.000 0 1 0
 117 757.600 2895.500 -4 17 8.000 4.100 32.000000 135.000 0 1 0
 118 4332.200 2883.500 -8 17 4.000 1.400 5.000000 100.000 0 1 0
 119 788.300 2280.000 -7 18 4.000 1.400 5.000000 82.000 0 1 0
 120 3049.700 1157.000 -3 18 4.000 1.400 5.000000 73.000 0 1 0
 121 3095.700 1014.000 -3 18 8.000 4.100 27.000000 118.000 0 1 0
 122 3097.700 1009.000 -3 18 4.000 1.400 5.000000 71.000 0 1 0
 123 3101.700 1038.000 -3 18 12.000 4.100 32.000000 187.000 0 1 0
 124 647.100 1868.000 1 18 8.000 4.100 32.000000 295.000 62 1 0
 125 2831.200 777.000 2 18 4.000 1.400 5.000000 70.000 62 1 0
 126 2528.700 687.000 7 18 8.000 4.100 27.000000 109.000 62 1 0
 127 4830.700 1150.500 7 19 8.000 4.100 21.000000 110.000 62 1 0
 128 3290.100 3372.500 1 19 12.000 4.100 32.000000 265.000 62 1 0
 129 1014.800 1470.500 -2 19 8.000 2.700 21.000000 107.000 0 1 0
 130 2073.300 1227.500 -7 19 8.000 5.400 37.000000 263.000 62 1 0
 131 2216.500 501.000 -5 20 8.000 2.700 16.000000 142.000 62 1 0
 132 890.700 1145.000 -3 20 8.000 4.100 32.000000 157.000 0 1 0
 133 3193.100 2444.000 1 20 12.000 5.400 37.000000 180.000 62 1 0
 134 4069.200 1370.000 2 20 8.000 5.400 37.000000 187.000 0 1 0
 135 780.500 3653.000 5 20 12.000 5.400 59.000000 408.000 62 1 0
 136 1305.300 3566.500 3 21 4.000 1.400 5.000000 94.000 0 1 0
 137 4638.100 1176.500 1 21 20.000 12.200 92.000000 382.000 0 1 0
 138 4634.100 1196.500 1 21 4.000 1.400 5.000000 66.000 62 1 0
 139 4612.100 2902.500 1 21 8.000 4.100 27.000000 114.000 0 1 0
 140 3552.800 673.500 -2 21 8.000 4.100 32.000000 121.000 0 1 0
 141 3258.800 2254.500 -2 21 8.000 5.400 32.000000 219.000 62 1 0;
SummarySpec 5
  TESTNO    NDEFECT    DEFDENSITY    NDIE    NDEFDIE  ;
SummaryList 
  1    134    5.8841609955e-01    1086    90  ;
EndOfFile;
