FileVersion 1 2;
FileTimestamp 06-06-19 18:19:48;
InspectionStationID "NONE" "2365 WITH 10.4 SW" "IPS205";
SampleType WAFER;
ResultTimestamp 03-20-18 00:19:36;
LotID "182M54";
SampleSize 1 200;
DeviceID "MA65";
SetupID "MA65_3039M1DM" 02-03-18 12:51:08;
StepID "3039M1DM";
SampleOrientationMarkType NOTCH;
OrientationMarkLocation DOWN;
DiePitch 5.0438820000e+03 4.2533320000e+03;
DieOrigin 0.0000000000e+00 0.0000000000e+00;
WaferID "@07";
Slot 7;
SampleCenterLocation 5.1854660000e+03 -1.9998830000e+03;
ClassLookup 74
  0 "Uncategorized"
  1 "Small PT"
  2 "Medium PT"
  3 "Large PT"
  4 "Polymer"
  5 "Flake PT"
  6 "Scratch"
  9 "Other Defect"
  10 "Other Residue"
  11 "Wet Residue"
  13 "W Residue"
  14 "PR Residue"
  15 "Liquid Mark"
  16 "Thread Defect"
  20 "Pits"
  22 "Pattern Deformed"
  23 "Defocus"
  24 "PR BUBBLE"
  25 "Crown Defect"
  27 "Bead Defect"
  30 "CMP Scratch"
  31 "Minor CMP Scratch"
  35 "Rip Out"
  40 "Protrusion"
  42 "Top Blocked"
  43 "Bottom Blocked"
  44 "Line broken"
  45 "Metal Corrosion"
  46 "Galvanic Corrosion"
  51 "PR Popping"
  52 "Salicide Bad"
  53 "STI Dimple"
  59 "W Void"
  60 "AA Dep PT"
  61 "GC Dep PT"
  62 "CVD Dep PT"
  63 "Metal Dep PT"
  73 "Cone Defect"
  74 "Metal Depression"
  77 "Underlayer"
  78 "NUISANCE/FALSE"
  79 "Metal Grain"
  80 "Don't Care/Minor"
  95 "Missing AI"
  99 "test2"
  100 "Cluster"
  101 "CU CMP Scratch"
  102 "CU Void"
  103 "2_PO Missing"
  104 "CU Pattern Open"
  105 "CU Remain"
  106 "Circle CU Remain"
  107 "CU CVD PT"
  108 "CU Eclips"
  109 "CU CMP Residue"
  110 "Minor CU CMP Scratch"
  111 "CMP PT"
  112 "CU SEAM PT"
  113 "CU Ox"
  114 "CU Pattern Open(Minor)"
  116 "1_PO Missing"
  117 "PAD Abnormality"
  150 "Guard Ring Circle Defect"
  151 "EBR Circle Defect"
  152 "PAD Hillock"
  153 "PAD Residue"
  154 "PAD Hole"
  155 "Color PR Residue"
  201 "Bin 1"
  202 "Bin 2"
  203 "Bin 3"
  204 "Bin 4"
  205 "Bin 5"
  206 "Bin 6"  ;
OrientationInstructions "";
InspectionTest 1;
SampleTestPlan 1298
  -18 -1 
  -17 -8 
  -17 1 
  -17 5 
  -16 -9 
  -16 1 
  -16 4 
  -15 -5 
  -15 -3 
  -15 -1 
  -14 -10 
  -14 -5 
  -14 2 
  -14 3 
  -13 -11 
  -13 8 
  -12 -11 
  -12 -10 
  -12 5 
  -12 12 
  -11 -13 
  -11 0 
  -11 12 
  -10 -10 
  -10 17 
  -9 -17 
  -9 3 
  -9 5 
  -9 12 
  -9 14 
  -8 -20 
  -8 -19 
  -8 -18 
  -8 -17 
  -8 -14 
  -8 -4 
  -8 5 
  -7 -16 
  -7 -8 
  -7 -5 
  -7 4 
  -7 12 
  -7 14 
  -6 -13 
  -6 -5 
  -6 1 
  -6 4 
  -6 13 
  -6 15 
  -6 18 
  -5 -17 
  -5 -8 
  -5 -6 
  -5 -2 
  -5 0 
  -5 11 
  -5 16 
  -4 -10 
  -4 -4 
  -4 11 
  -3 -11 
  -3 -10 
  -3 -6 
  -2 -19 
  -2 -5 
  -2 -3 
  -2 0 
  -2 6 
  -2 15 
  -1 -20 
  -1 -12 
  -1 -10 
  -1 4 
  -1 11 
  -1 17 
  0 -23 
  0 -20 
  0 -19 
  0 -17 
  0 -10 
  0 -5 
  0 5 
  0 15 
  0 17 
  0 19 
  0 20 
  1 -13 
  1 -5 
  1 -1 
  1 11 
  1 15 
  1 18 
  2 -19 
  2 -17 
  2 -5 
  3 -7 
  3 16 
  3 20 
  4 -18 
  4 -14 
  4 17 
  5 -13 
  5 -12 
  5 -9 
  5 0 
  5 9 
  6 7 
  7 -16 
  7 -12 
  7 0 
  7 9 
  7 13 
  8 -20 
  8 -17 
  8 -16 
  8 -9 
  8 11 
  8 14 
  9 -9 
  9 13 
  10 -9 
  10 -3 
  10 0 
  10 6 
  10 8 
  10 12 
  11 -3 
  11 0 
  11 1 
  11 5 
  11 14 
  12 -7 
  12 14 
  13 -4 
  13 11 
  14 -16 
  14 -10 
  14 6 
  14 8 
  14 11 
  16 -12 
  17 -7 
  17 1 
  17 8 
  18 0 
  18 6 
  -17 -1 
  -17 3 
  -16 -1 
  -15 -4 
  -15 3 
  -15 5 
  -15 11 
  -14 -13 
  -14 -12 
  -14 -3 
  -14 -1 
  -14 7 
  -14 9 
  -13 -16 
  -13 -10 
  -13 1 
  -13 7 
  -13 10 
  -12 -17 
  -12 -8 
  -12 4 
  -12 14 
  -11 -18 
  -11 -17 
  -11 -8 
  -11 -3 
  -10 -16 
  -10 -12 
  -10 -11 
  -10 -5 
  -10 -4 
  -10 7 
  -10 8 
  -9 -13 
  -9 -11 
  -9 -8 
  -9 4 
  -9 8 
  -8 -7 
  -8 0 
  -8 9 
  -7 -21 
  -7 -20 
  -7 -13 
  -7 -9 
  -7 8 
  -6 -11 
  -6 -4 
  -6 8 
  -6 10 
  -6 11 
  -6 16 
  -6 19 
  -5 -18 
  -5 -16 
  -5 -14 
  -5 6 
  -5 7 
  -5 10 
  -5 13 
  -5 18 
  -4 -21 
  -4 -2 
  -4 2 
  -4 13 
  -3 -7 
  -3 1 
  -3 3 
  -3 5 
  -3 14 
  -2 -17 
  -2 17 
  -1 -23 
  -1 -9 
  -1 -4 
  -1 -3 
  -1 1 
  -1 2 
  -1 19 
  0 -6 
  0 4 
  0 6 
  0 10 
  0 16 
  1 -23 
  1 -18 
  1 -8 
  1 0 
  1 7 
  1 17 
  1 19 
  1 20 
  2 -13 
  2 -11 
  2 -10 
  2 0 
  2 6 
  2 11 
  3 -23 
  3 -22 
  3 -2 
  3 7 
  4 -6 
  4 1 
  4 2 
  4 10 
  4 20 
  5 -20 
  5 -19 
  5 -15 
  5 -14 
  5 -4 
  5 14 
  5 18 
  6 -10 
  6 -1 
  6 20 
  7 -20 
  7 -19 
  7 -13 
  7 -11 
  7 1 
  7 5 
  7 7 
  7 17 
  8 -7 
  8 -4 
  8 -1 
  8 1 
  8 3 
  8 16 
  8 18 
  9 -5 
  9 9 
  9 15 
  10 -18 
  10 -10 
  10 -7 
  10 -6 
  11 -19 
  11 -14 
  11 -11 
  11 -5 
  11 -4 
  11 7 
  11 16 
  11 17 
  12 -9 
  12 -6 
  12 -3 
  12 0 
  12 11 
  13 -9 
  13 -7 
  13 3 
  13 5 
  13 12 
  14 -9 
  14 -7 
  14 -5 
  14 -4 
  14 -1 
  14 3 
  15 -5 
  15 0 
  15 12 
  16 -11 
  16 -10 
  16 -8 
  16 4 
  16 5 
  16 7 
  17 4 
  17 9 
  18 2 
  18 3 
  18 4 
  19 -1 
  -17 -3 
  -16 -10 
  -16 -5 
  -16 -4 
  -16 3 
  -16 8 
  -15 -9 
  -15 7 
  -15 9 
  -14 -8 
  -14 0 
  -14 1 
  -13 -4 
  -13 4 
  -12 -13 
  -12 -2 
  -12 13 
  -11 -14 
  -11 -9 
  -11 -6 
  -11 -2 
  -11 15 
  -10 -17 
  -10 -1 
  -10 0 
  -10 1 
  -10 9 
  -10 13 
  -9 -16 
  -9 -9 
  -9 9 
  -9 10 
  -8 -16 
  -8 -10 
  -8 -6 
  -8 7 
  -8 11 
  -8 16 
  -7 -18 
  -7 -17 
  -7 -14 
  -7 -11 
  -7 -3 
  -6 -16 
  -6 -8 
  -6 -6 
  -6 -1 
  -6 9 
  -5 -10 
  -5 3 
  -5 12 
  -4 -15 
  -4 -13 
  -4 -9 
  -4 6 
  -4 18 
  -3 -15 
  -3 10 
  -3 11 
  -3 17 
  -3 18 
  -3 20 
  -2 -22 
  -2 -20 
  -2 -10 
  -2 -9 
  -2 14 
  -2 19 
  -1 -17 
  -1 7 
  -1 8 
  0 -21 
  0 -4 
  0 0 
  0 13 
  1 -3 
  1 10 
  1 16 
  2 -15 
  2 -6 
  2 2 
  2 13 
  2 14 
  3 -20 
  3 -5 
  3 11 
  3 15 
  3 18 
  3 19 
  4 -9 
  4 -7 
  4 -3 
  4 12 
  4 14 
  4 15 
  5 -22 
  5 -7 
  5 -6 
  5 -3 
  5 17 
  5 19 
  6 -17 
  6 -16 
  6 -8 
  6 -2 
  6 8 
  6 14 
  6 16 
  6 17 
  7 -18 
  7 -6 
  7 12 
  7 14 
  7 18 
  7 19 
  8 -19 
  8 -15 
  8 -8 
  8 0 
  8 6 
  9 -20 
  9 -18 
  9 -10 
  9 -8 
  9 -2 
  9 3 
  10 -17 
  10 -8 
  10 -2 
  10 15 
  11 -13 
  11 -10 
  11 12 
  12 -14 
  12 -13 
  12 9 
  12 10 
  12 15 
  13 -17 
  13 -13 
  13 -5 
  13 -3 
  13 2 
  13 4 
  13 8 
  14 -13 
  14 1 
  14 10 
  14 14 
  15 -2 
  15 -1 
  16 -6 
  16 -5 
  16 11 
  17 -6 
  18 -5 
  -18 -2 
  -17 2 
  -17 6 
  -16 7 
  -16 9 
  -15 -8 
  -15 4 
  -14 -4 
  -14 4 
  -13 -15 
  -13 -12 
  -13 -8 
  -13 -2 
  -13 5 
  -13 12 
  -12 -16 
  -12 -4 
  -12 8 
  -12 11 
  -11 -12 
  -11 4 
  -11 6 
  -11 7 
  -11 9 
  -10 -15 
  -10 -14 
  -10 5 
  -10 10 
  -10 11 
  -10 16 
  -9 -15 
  -9 -5 
  -8 -8 
  -8 -1 
  -8 17 
  -7 -7 
  -7 -4 
  -7 -1 
  -7 3 
  -7 11 
  -7 18 
  -6 -21 
  -6 -17 
  -6 -15 
  -6 -10 
  -6 -3 
  -5 -4 
  -5 -3 
  -5 15 
  -4 -17 
  -4 -11 
  -4 1 
  -4 3 
  -4 4 
  -4 7 
  -3 -21 
  -3 -1 
  -3 0 
  -3 2 
  -3 4 
  -3 6 
  -3 15 
  -2 -16 
  -2 -7 
  -2 1 
  -2 7 
  -2 13 
  -2 16 
  -1 -6 
  -1 3 
  -1 6 
  -1 9 
  0 -14 
  0 -11 
  0 -9 
  0 -8 
  0 1 
  0 3 
  0 11 
  1 -15 
  1 -7 
  1 -6 
  2 -18 
  2 -16 
  2 -9 
  2 -3 
  2 5 
  2 10 
  2 12 
  3 -21 
  3 -16 
  3 -15 
  3 -14 
  3 -11 
  3 -9 
  3 -3 
  3 3 
  3 5 
  3 9 
  4 -19 
  4 -15 
  4 3 
  4 7 
  4 11 
  5 -18 
  5 -17 
  5 -16 
  5 -1 
  5 5 
  5 8 
  5 12 
  6 -15 
  6 -14 
  6 -12 
  6 -11 
  6 3 
  6 6 
  6 11 
  7 -4 
  7 -3 
  7 2 
  7 10 
  7 11 
  7 15 
  8 -13 
  8 -5 
  8 -2 
  8 13 
  9 -13 
  9 14 
  9 18 
  10 -11 
  10 5 
  10 10 
  10 17 
  11 -8 
  11 6 
  11 8 
  11 10 
  11 13 
  12 -2 
  12 3 
  13 -16 
  13 0 
  13 1 
  13 7 
  13 9 
  14 -14 
  14 -12 
  14 -11 
  14 -3 
  15 -6 
  16 -13 
  16 -7 
  16 8 
  17 -10 
  17 -8 
  17 -2 
  17 0 
  17 5 
  18 -7 
  18 1 
  19 -2 
  19 0 
  -17 -7 
  -17 0 
  -15 -13 
  -15 -12 
  -15 -11 
  -15 -10 
  -15 -7 
  -15 0 
  -15 1 
  -14 -14 
  -14 -9 
  -14 -2 
  -14 12 
  -13 -6 
  -12 -9 
  -12 -6 
  -12 -1 
  -12 3 
  -12 15 
  -11 -16 
  -11 -15 
  -11 -1 
  -10 4 
  -10 14 
  -9 -10 
  -9 -7 
  -9 -2 
  -8 -15 
  -8 -3 
  -8 1 
  -8 4 
  -8 10 
  -8 14 
  -7 9 
  -7 15 
  -6 -14 
  -6 -12 
  -6 0 
  -6 2 
  -6 14 
  -5 -12 
  -5 8 
  -5 9 
  -4 -14 
  -4 10 
  -4 14 
  -4 15 
  -4 19 
  -4 20 
  -3 -13 
  -3 -8 
  -3 13 
  -2 -21 
  -2 -18 
  -2 -11 
  -2 -6 
  -2 -2 
  -2 -1 
  -1 -16 
  -1 -14 
  -1 -7 
  -1 -5 
  -1 -2 
  -1 12 
  -1 13 
  -1 14 
  -1 18 
  -1 20 
  0 -16 
  0 -12 
  0 -2 
  0 -1 
  1 -14 
  1 2 
  1 4 
  1 5 
  1 8 
  2 -21 
  2 -8 
  2 -7 
  2 -4 
  2 15 
  3 -17 
  3 -12 
  3 -6 
  3 10 
  4 -20 
  4 -17 
  4 -11 
  4 -8 
  4 8 
  4 16 
  5 -11 
  5 1 
  5 2 
  5 4 
  5 11 
  6 -22 
  6 -7 
  6 -5 
  6 0 
  6 9 
  6 10 
  6 12 
  6 13 
  7 -15 
  7 6 
  8 -10 
  8 -3 
  8 7 
  8 15 
  9 -7 
  9 -4 
  9 -3 
  9 2 
  9 6 
  9 7 
  10 -13 
  10 -5 
  10 2 
  10 13 
  11 2 
  11 15 
  12 -15 
  12 -12 
  12 -10 
  12 -1 
  12 1 
  12 4 
  12 7 
  12 12 
  12 13 
  12 16 
  13 -14 
  13 -2 
  13 -1 
  13 13 
  13 14 
  13 15 
  14 -15 
  14 -8 
  14 -6 
  15 -10 
  15 -9 
  15 1 
  16 -3 
  16 -1 
  16 3 
  16 6 
  17 -4 
  18 -6 
  18 -3 
  18 5 
  -18 -3 
  -18 1 
  -17 -6 
  -17 -5 
  -16 -11 
  -16 -6 
  -15 -6 
  -15 6 
  -15 8 
  -14 -11 
  -14 -7 
  -14 -6 
  -14 8 
  -14 10 
  -13 -13 
  -13 -3 
  -13 0 
  -13 9 
  -13 11 
  -12 -15 
  -12 1 
  -11 -7 
  -11 13 
  -11 14 
  -11 16 
  -10 2 
  -10 3 
  -10 6 
  -10 15 
  -9 -19 
  -9 -18 
  -9 -12 
  -9 -3 
  -9 0 
  -9 6 
  -9 7 
  -9 13 
  -8 -13 
  -8 -5 
  -8 2 
  -8 15 
  -7 -12 
  -7 -2 
  -7 5 
  -7 6 
  -7 7 
  -7 13 
  -7 19 
  -6 -2 
  -6 5 
  -5 -22 
  -5 -19 
  -5 -11 
  -5 -9 
  -5 -5 
  -5 2 
  -5 4 
  -5 17 
  -5 19 
  -5 20 
  -4 -8 
  -4 17 
  -3 -20 
  -3 -19 
  -3 -17 
  -3 -12 
  -3 -2 
  -3 8 
  -3 16 
  -3 19 
  -2 -12 
  -2 -4 
  -2 2 
  -2 3 
  -2 4 
  -2 10 
  -2 11 
  -2 18 
  -1 -18 
  -1 -11 
  -1 0 
  -1 10 
  0 -15 
  1 -22 
  1 -21 
  1 1 
  1 6 
  1 9 
  1 12 
  1 13 
  2 -20 
  2 16 
  2 17 
  3 -18 
  3 -4 
  3 4 
  3 12 
  3 13 
  4 -10 
  4 -5 
  4 -2 
  4 13 
  5 -5 
  5 -2 
  5 3 
  5 6 
  5 10 
  5 15 
  6 -18 
  6 1 
  6 2 
  6 18 
  6 19 
  7 -9 
  7 8 
  8 -18 
  8 -14 
  8 19 
  9 -19 
  9 -16 
  9 -15 
  9 5 
  9 11 
  9 12 
  9 16 
  10 -19 
  10 -16 
  10 -4 
  10 14 
  10 16 
  11 -18 
  11 -16 
  11 -15 
  11 -7 
  11 -2 
  11 9 
  12 -16 
  12 -11 
  12 -4 
  13 -12 
  13 -8 
  13 10 
  14 12 
  14 13 
  15 -13 
  15 -8 
  15 -3 
  15 5 
  15 6 
  15 11 
  16 -2 
  16 0 
  16 9 
  17 -11 
  17 -9 
  17 -3 
  17 2 
  18 -8 
  18 -1 
  19 2 
  -18 0 
  -16 -8 
  -16 -3 
  -16 -2 
  -16 0 
  -16 2 
  -16 5 
  -15 2 
  -15 10 
  -14 5 
  -14 6 
  -14 11 
  -13 -9 
  -13 -5 
  -13 -1 
  -13 3 
  -13 14 
  -12 -14 
  -12 -12 
  -12 -5 
  -12 2 
  -12 10 
  -11 -11 
  -11 -5 
  -11 2 
  -11 10 
  -11 11 
  -10 -19 
  -10 -18 
  -10 -13 
  -10 -9 
  -10 -3 
  -10 12 
  -9 -14 
  -9 -6 
  -9 -4 
  -9 -1 
  -8 -9 
  -8 -2 
  -8 3 
  -8 6 
  -8 12 
  -8 13 
  -8 18 
  -7 -6 
  -7 0 
  -7 1 
  -7 10 
  -6 -19 
  -6 -18 
  -6 -9 
  -6 -7 
  -6 12 
  -5 -13 
  -5 -7 
  -5 5 
  -4 -16 
  -4 0 
  -4 8 
  -4 9 
  -4 12 
  -4 16 
  -3 -4 
  -3 -3 
  -3 9 
  -2 -15 
  -2 8 
  -1 -22 
  -1 -21 
  -1 -19 
  -1 -15 
  -1 -8 
  -1 15 
  0 -22 
  0 -18 
  0 -13 
  0 -3 
  0 2 
  0 9 
  0 12 
  0 14 
  0 18 
  1 -20 
  1 -19 
  1 -17 
  1 -12 
  1 -10 
  1 -9 
  1 -2 
  2 -12 
  2 -1 
  2 1 
  2 4 
  2 7 
  2 8 
  2 19 
  2 20 
  3 -19 
  3 -10 
  3 -8 
  3 1 
  3 6 
  3 14 
  4 -22 
  4 -21 
  4 -13 
  4 -12 
  4 -4 
  4 -1 
  4 6 
  4 9 
  4 18 
  4 19 
  5 -21 
  5 -10 
  5 -8 
  5 7 
  5 16 
  5 20 
  6 -21 
  6 -20 
  6 -9 
  6 -6 
  6 -4 
  6 4 
  6 15 
  7 -21 
  7 -17 
  7 -14 
  7 -8 
  7 -5 
  7 -1 
  8 -12 
  8 2 
  8 9 
  8 10 
  9 -17 
  9 -12 
  9 -11 
  9 -1 
  9 4 
  9 10 
  9 17 
  10 -15 
  10 1 
  10 4 
  10 11 
  10 18 
  11 -17 
  11 -1 
  11 3 
  11 4 
  12 -18 
  12 -17 
  12 -5 
  13 -11 
  13 6 
  14 2 
  14 4 
  14 7 
  15 -14 
  15 -11 
  15 -7 
  15 -4 
  15 2 
  15 4 
  15 8 
  15 9 
  15 10 
  16 -9 
  16 10 
  17 -5 
  17 -1 
  17 3 
  17 6 
  17 7 
  18 -4 
  19 -4 
  19 -3 
  -17 -4 
  -17 -2 
  -17 4 
  -16 -7 
  -16 6 
  -15 -2 
  -13 -14 
  -13 -7 
  -13 2 
  -13 6 
  -13 13 
  -12 -7 
  -12 -3 
  -12 0 
  -12 6 
  -12 7 
  -12 9 
  -11 -10 
  -11 -4 
  -11 1 
  -11 3 
  -11 5 
  -11 8 
  -10 -8 
  -10 -7 
  -10 -6 
  -10 -2 
  -9 1 
  -9 2 
  -9 11 
  -9 15 
  -9 16 
  -9 17 
  -8 -12 
  -8 -11 
  -8 8 
  -7 -19 
  -7 -15 
  -7 -10 
  -7 2 
  -7 16 
  -7 17 
  -6 -20 
  -6 3 
  -6 6 
  -6 7 
  -6 17 
  -5 -21 
  -5 -20 
  -5 -15 
  -5 -1 
  -5 1 
  -5 14 
  -4 -22 
  -4 -20 
  -4 -19 
  -4 -18 
  -4 -12 
  -4 -7 
  -4 -6 
  -4 -5 
  -4 -3 
  -4 -1 
  -4 5 
  -3 -22 
  -3 -18 
  -3 -16 
  -3 -14 
  -3 -9 
  -3 -5 
  -3 7 
  -3 12 
  -2 -14 
  -2 -13 
  -2 -8 
  -2 5 
  -2 9 
  -2 12 
  -2 20 
  -1 -13 
  -1 -1 
  -1 5 
  -1 16 
  0 -7 
  0 7 
  0 8 
  1 -16 
  1 -11 
  1 -4 
  1 3 
  1 14 
  2 -23 
  2 -22 
  2 -14 
  2 -2 
  2 3 
  2 9 
  2 18 
  3 -13 
  3 -1 
  3 0 
  3 2 
  3 8 
  3 17 
  4 -16 
  4 0 
  4 4 
  4 5 
  5 13 
  6 -19 
  6 -13 
  6 -3 
  6 5 
  7 -10 
  7 -7 
  7 -2 
  7 3 
  7 4 
  7 16 
  8 -21 
  8 -11 
  8 -6 
  8 4 
  8 5 
  8 8 
  8 12 
  8 17 
  9 -14 
  9 -6 
  9 0 
  9 1 
  9 8 
  10 -14 
  10 -12 
  10 -1 
  10 3 
  10 7 
  10 9 
  11 -12 
  11 -9 
  11 -6 
  11 11 
  12 -8 
  12 2 
  12 5 
  12 6 
  12 8 
  13 -15 
  13 -10 
  13 -6 
  14 -2 
  14 0 
  14 5 
  14 9 
  15 -12 
  15 3 
  15 7 
  16 -4 
  16 1 
  16 2 
  18 -2 
  19 1 ;
AreaPerTest 2.3364899116e+10;
DefectRecordSpec 12 DEFECTID XREL YREL XINDEX YINDEX XSIZE YSIZE DEFECTAREA DSIZE CLASSNUMBER TEST IMAGECOUNT ;
DefectList
 1 4789.335 3338.005 10 18 0.780 0.779 0.309579 0.780 0 1 0
 2 4381.589 3390.655 10 18 1.170 0.779 0.638245 1.170 78 1 0
 3 4802.595 3636.211 3 17 2.340 1.559 1.685684 2.340 0 1 0
 4 4797.135 3634.846 3 17 1.560 0.389 0.749193 1.560 77 1 0
 5 4756.380 3619.831 3 17 3.510 2.339 0.811824 3.510 0 1 0
 6 4755.405 3624.316 3 17 1.560 1.169 0.615579 1.560 0 1 0
 7 4749.360 3618.661 3 17 6.630 3.899 2.254736 6.630 0 1 0
 8 4733.955 3607.546 3 17 10.920 3.509 2.473648 10.920 0 1 0
 9 4738.635 3570.691 3 17 1.560 0.779 0.476596 1.560 0 1 0
 10 4726.545 3586.681 3 17 3.900 0.779 0.911438 3.900 0 1 0
 11 1259.208 3135.926 4 17 1.560 1.169 0.268421 1.560 100 1 0
 12 1297.233 3180.776 4 17 1.170 0.389 0.367438 1.170 100 1 0
 13 1330.968 3277.495 4 17 1.560 1.169 0.372807 1.560 100 1 0
 14 1557.948 3164.786 4 17 14.820 4.289 4.563156 14.820 100 1 0
 15 1562.628 3108.626 4 17 0.780 1.169 0.561895 1.169 100 1 0
 16 1570.233 3101.996 4 17 9.750 6.629 4.971156 9.750 100 1 0
 17 1567.503 3109.601 4 17 3.510 3.119 1.408315 3.510 100 1 0
 18 1574.328 3172.781 4 17 1.560 0.779 0.437228 1.560 100 1 0
 19 1579.788 3174.536 4 17 0.780 0.389 0.220105 0.780 100 1 0
 20 1589.148 3177.851 4 17 1.560 0.779 0.424702 1.560 100 1 0
 21 1592.073 3172.781 4 17 1.950 0.779 0.504035 1.950 100 1 0
 22 1614.304 3179.801 4 17 2.730 0.779 2.057298 2.730 100 1 0
 23 1614.109 3185.651 4 17 1.560 0.779 1.201333 1.560 100 1 0
 24 1617.814 3186.626 4 17 0.390 0.389 0.481368 0.390 100 1 0
 25 1621.129 3062.996 4 17 0.780 0.389 0.278561 0.780 100 1 0
 26 1623.859 3181.751 4 17 1.560 0.779 0.594702 1.560 100 1 0
 27 1638.289 3184.286 4 17 10.920 1.949 5.560489 10.920 100 1 0
 28 1635.364 3189.746 4 17 0.390 0.389 0.554737 0.390 100 1 0
 29 1638.874 3190.136 4 17 1.950 0.389 1.328982 1.950 100 1 0
 30 1649.599 3050.711 4 17 3.900 1.559 2.414596 3.900 100 1 0
 31 1720.774 3173.951 4 17 2.730 1.559 0.930526 2.730 100 1 0
 32 1753.144 3153.866 4 17 11.310 9.749 6.544103 11.310 100 1 0
 33 1790.389 3146.261 4 17 5.460 0.779 2.226701 5.460 100 1 0
 34 1803.064 3148.601 4 17 1.950 0.779 0.443193 1.950 100 1 0
 35 1807.549 3146.651 4 17 3.120 2.339 0.773052 3.120 100 1 0
 36 1807.744 3021.656 4 17 1.950 1.949 0.307193 1.950 100 1 0
 37 1808.719 3025.946 4 17 1.560 1.169 0.501052 1.560 100 1 0
 38 1814.374 3138.266 4 17 6.630 1.949 1.712526 6.630 100 1 0
 39 1811.644 3027.311 4 17 0.390 0.779 0.211158 0.779 100 1 0
 40 1819.054 3026.531 4 17 10.530 3.119 3.407157 10.530 100 1 0
 41 1829.194 3026.726 4 17 0.390 0.389 0.104386 0.390 100 1 0
 42 1834.264 3027.506 4 17 0.390 0.389 0.134807 0.390 100 1 0
 43 1843.819 3100.826 4 17 4.680 4.289 1.921298 4.680 100 1 0
 44 1844.794 3032.381 4 17 1.170 0.779 0.600666 1.170 100 1 0
 45 1863.904 3050.516 4 17 1.950 2.729 1.368350 2.729 100 1 0
 46 1867.024 3062.996 4 17 0.390 0.389 0.167614 0.390 100 1 0
 47 2010.350 3037.061 4 17 9.360 1.559 5.345753 9.360 100 1 0
 48 2076.650 3062.606 4 17 7.800 2.729 1.394596 7.800 100 1 0
 49 2103.365 2926.691 4 17 4.290 1.559 1.379684 4.290 100 1 0
 50 2105.705 3068.066 4 17 1.170 0.389 0.370421 1.170 100 1 0
 51 2113.895 2923.766 4 17 1.950 0.389 0.529088 1.950 100 1 0
 52 2116.430 3068.846 4 17 0.780 0.389 0.224281 0.780 100 1 0
 53 2125.010 2925.716 4 17 14.820 4.289 0.546386 14.820 100 1 0
 54 2127.155 3068.456 4 17 1.170 0.389 0.262456 1.170 100 1 0
 55 2138.465 2923.766 4 17 2.730 0.389 0.542807 2.730 100 1 0
 56 2150.360 3064.946 4 17 0.780 0.389 0.204000 0.780 100 1 0
 57 2156.795 3063.386 4 17 2.730 1.169 0.771859 2.730 100 1 0
 58 2161.865 3061.826 4 17 1.170 0.389 0.527298 1.170 100 1 0
 59 2172.785 3062.996 4 17 0.390 0.389 0.193860 0.390 100 1 0
 60 2178.635 2921.426 4 17 8.189 0.389 2.038210 8.189 100 1 0
 61 2197.550 2923.766 4 17 3.120 0.389 0.928140 3.120 100 1 0
 62 2203.205 2920.841 4 17 8.970 1.559 2.269052 8.970 100 1 0
 63 2203.790 3038.426 4 17 2.340 1.949 0.322105 2.340 100 1 0
 64 2205.350 3035.306 4 17 0.780 0.389 0.229649 0.780 100 1 0
 65 2217.635 2925.716 4 17 24.570 4.289 1.079052 24.570 100 1 0
 66 2218.610 3019.511 4 17 1.560 1.559 0.773052 1.560 100 1 0
 67 2223.485 3021.071 4 17 1.170 1.559 0.456316 1.559 100 1 0
 68 2223.485 3014.831 4 17 1.170 2.339 0.684175 2.339 100 1 0
 69 2233.040 2928.446 4 17 0.780 0.389 0.314947 0.780 100 1 0
 70 2236.160 2927.861 4 17 1.560 0.779 0.735473 1.560 100 1 0
 71 2256.440 2953.016 4 17 0.780 1.169 0.314351 1.169 100 1 0
 72 2258.975 2960.426 4 17 2.730 6.629 1.779333 6.629 100 1 0
 73 2260.145 2969.786 4 17 0.390 4.289 1.065333 4.289 100 1 0
 74 2389.041 2914.796 4 17 0.780 0.389 0.250526 0.780 100 1 0
 75 2393.136 2920.841 4 17 5.070 1.559 1.951719 5.070 100 1 0
 76 2392.356 2914.796 4 17 1.170 0.389 0.347158 1.170 100 1 0
 77 2393.916 2893.542 4 17 1.170 2.339 0.121684 2.339 100 1 0
 78 2398.596 2926.691 4 17 8.189 6.239 5.433437 8.189 100 1 0
 79 2410.686 2869.947 4 17 1.950 2.729 0.674631 2.729 100 1 0
 80 2416.926 2863.512 4 17 6.630 2.339 0.897719 6.630 100 1 0
 81 2432.916 2957.696 4 17 3.510 1.169 0.687158 3.510 100 1 0
 82 2432.721 2952.431 4 17 3.120 1.559 0.575017 3.120 100 1 0
 83 2443.056 2957.696 4 17 5.850 1.169 1.559824 5.850 100 1 0
 84 2450.271 2960.231 4 17 0.780 1.559 0.634666 1.559 100 1 0
 85 2450.466 2964.521 4 17 0.390 0.779 0.338210 0.779 100 1 0
 86 2455.731 2837.382 4 17 3.120 0.779 0.446772 3.120 100 1 0
 87 2456.316 2961.206 4 17 3.510 1.169 1.290210 3.510 100 1 0
 88 2464.506 2963.741 4 17 1.170 1.559 0.805263 1.559 100 1 0
 89 2464.896 2968.226 4 17 0.390 0.389 0.277965 0.390 100 1 0
 90 2467.041 2836.017 4 17 0.780 1.949 0.190877 1.949 100 1 0
 91 2469.381 2963.936 4 17 0.780 0.389 0.341193 0.780 100 1 0
 92 2477.376 2831.922 4 17 1.950 0.779 0.236210 1.950 100 1 0
 93 2487.906 2829.777 4 17 1.170 2.729 0.427088 2.729 100 1 0
 94 2510.136 2827.437 4 17 1.170 0.389 0.177158 1.170 100 1 0
 95 2523.786 2828.802 4 17 1.170 0.779 0.122877 1.170 100 1 0
 96 2526.906 2957.696 4 17 2.730 1.169 0.761123 2.730 100 1 0
 97 2527.296 2826.267 4 17 0.390 0.389 0.094246 0.390 100 1 0
 98 2533.731 2954.381 4 17 1.560 0.779 0.510596 1.560 100 1 0
 99 2541.141 2950.286 4 17 0.780 0.389 0.502245 0.780 100 1 0
 100 2552.646 2832.117 4 17 0.390 0.389 0.106772 0.390 100 1 0
 101 2572.731 2925.716 4 17 3.120 4.289 2.688982 4.289 100 1 0
 102 2578.191 2920.841 4 17 5.460 1.559 1.325403 5.460 100 1 0
 103 2582.481 2911.871 4 17 7.020 6.239 3.653508 7.020 100 1 0
 104 2590.281 2896.467 4 17 1.560 2.729 0.357895 2.729 100 1 0
 105 2725.416 2802.282 4 17 1.170 1.559 0.300631 1.559 100 1 0
 106 2732.826 2790.777 4 17 1.170 1.169 0.230246 1.170 100 1 0
 107 2735.556 2787.462 4 17 1.170 0.779 0.164632 1.170 100 1 0
 108 2737.701 2784.342 4 17 0.780 0.779 0.131825 0.780 100 1 0
 109 2743.941 2855.127 4 17 0.780 0.389 0.135403 0.780 100 1 0
 110 2748.231 2855.322 4 17 1.560 0.779 0.402631 1.560 100 1 0
 111 2754.276 2858.442 4 17 1.950 1.559 0.334035 1.950 100 1 0
 112 2758.371 2860.782 4 17 2.340 3.899 0.320316 3.899 100 1 0
 113 2767.926 2759.772 4 17 1.950 2.339 0.408596 2.339 100 1 0
 114 2786.842 2867.412 4 17 0.780 0.779 0.127053 0.780 100 1 0
 115 2824.282 2860.977 4 17 1.560 0.389 0.201614 1.560 100 1 0
 116 2830.912 2859.222 4 17 3.120 1.559 0.716982 3.120 100 1 0
 117 2834.227 2785.512 4 17 3.510 4.679 0.762912 4.679 100 1 0
 118 2838.322 2794.287 4 17 1.560 0.389 0.191474 1.560 100 1 0
 119 2855.092 2838.747 4 17 0.780 0.389 0.094246 0.780 100 1 0
 120 2965.267 2739.297 4 17 0.390 0.389 0.057860 0.390 100 1 0
 121 2966.632 2766.792 4 17 0.780 1.559 0.133017 1.559 100 1 0
 122 2984.572 2783.952 4 17 0.780 0.779 0.131228 0.780 100 1 0
 123 2987.887 2710.827 4 17 1.170 0.389 0.169403 1.170 100 1 0
 124 2995.882 2789.802 4 17 5.460 3.119 1.154807 5.460 100 1 0
 125 3007.192 2793.312 4 17 0.780 0.779 0.120491 0.780 100 1 0
 126 3011.872 2793.117 4 17 0.780 0.389 0.205789 0.780 100 1 0
 127 3029.812 2792.727 4 17 1.560 0.389 0.187298 1.560 100 1 0
 128 3052.627 2700.687 4 17 1.170 0.389 0.137789 1.170 100 1 0
 129 3061.597 2777.322 4 17 1.170 0.779 0.150316 1.170 100 1 0
 130 3071.347 2766.792 4 17 1.950 3.899 0.267824 3.899 100 1 0
 131 3074.467 2749.437 4 17 0.390 1.949 0.167017 1.949 100 1 0
 132 3075.832 2742.807 4 17 0.780 1.169 0.133614 1.169 100 1 0
 133 4195.331 3068.134 -4 14 1.170 2.729 1.030140 2.729 100 1 0
 134 4208.396 3077.689 -4 14 0.780 2.339 0.978245 2.339 100 1 0
 135 4365.957 3142.624 -4 14 0.780 0.389 0.377579 0.780 100 1 0
 136 4366.152 3128.584 -4 14 1.170 1.169 0.655544 1.170 100 1 0
 137 4371.222 3142.234 -4 14 1.170 0.389 0.644210 1.170 100 1 0
 138 4372.587 3127.999 -4 14 3.900 0.779 1.614701 3.900 100 1 0
 139 4381.557 3141.064 -4 14 1.560 0.389 0.281544 1.560 100 1 0
 140 4386.822 3128.194 -4 14 1.170 0.389 0.293474 1.170 100 1 0
 141 4426.797 3123.514 -4 14 0.780 0.389 0.517754 0.780 100 1 0
 142 4432.062 3137.749 -4 14 4.290 0.779 3.122631 4.290 100 1 0
 143 4457.997 3134.824 -4 14 1.560 0.389 0.966315 1.560 100 1 0
 144 4504.797 3127.219 -4 14 21.840 4.679 12.928943 21.840 100 1 0
 145 4522.542 3123.709 -4 14 0.390 0.779 0.493298 0.779 100 1 0
 146 4526.832 3122.539 -4 14 0.390 0.779 0.518947 0.779 100 1 0
 147 4531.317 3121.564 -4 14 0.780 0.389 0.482561 0.780 100 1 0
 148 4535.607 3120.394 -4 14 0.780 0.389 0.492105 0.780 100 1 0
 149 4540.092 3119.224 -4 14 0.390 0.389 0.346561 0.390 100 1 0
 150 4549.842 3115.714 -4 14 9.750 1.949 6.693226 9.750 100 1 0
 151 4570.512 3100.504 -4 14 8.189 0.389 1.427403 8.189 100 1 0
 152 2864.876 484.602 6 14 5.070 4.289 3.782350 5.070 100 1 0
 153 2848.106 500.202 6 14 5.850 7.409 5.141753 7.409 100 1 0
 154 2827.241 521.067 6 14 1.560 1.559 0.635263 1.560 100 1 0
 155 2822.951 521.262 6 14 0.780 1.169 0.523123 1.169 100 1 0
 156 2809.301 536.082 6 14 1.560 1.169 0.539228 1.560 100 1 0
 157 2798.966 541.152 6 14 14.430 6.629 3.042104 14.430 100 1 0
 158 2805.401 535.692 6 14 1.560 0.389 0.357298 1.560 100 1 0
 159 2783.561 550.902 6 14 2.340 1.949 1.492421 2.340 100 1 0
 160 2774.591 560.262 6 14 3.120 0.389 0.518351 3.120 100 1 0
 161 2773.811 563.187 6 14 3.120 1.559 0.943052 3.120 100 1 0
 162 2764.256 564.162 6 14 8.189 5.069 4.912104 8.189 100 1 0
 163 2742.611 577.227 6 14 1.560 2.339 1.260386 2.339 100 1 0
 164 2738.906 461.982 6 14 8.189 1.949 5.766279 8.189 100 1 0
 165 2742.026 582.102 6 14 0.390 0.389 0.368631 0.390 100 1 0
 166 2729.741 582.492 6 14 1.560 0.389 0.719368 1.560 100 1 0
 167 2729.936 467.442 6 14 1.170 2.729 1.651684 2.729 100 1 0
 168 2724.671 584.637 6 14 2.340 0.779 0.913228 2.340 100 1 0
 169 2725.061 469.782 6 14 1.560 1.169 1.000315 1.560 100 1 0
 170 2719.991 473.487 6 14 2.340 1.559 0.647193 2.340 100 1 0
 171 2712.191 476.607 6 14 1.560 0.779 1.038491 1.560 100 1 0
 172 2711.606 593.412 6 14 0.390 0.389 0.465859 0.390 100 1 0
 173 2707.706 594.972 6 14 0.390 0.389 0.442596 0.390 100 1 0
 174 2707.316 590.292 6 14 1.170 0.389 0.690140 1.170 100 1 0
 175 2707.316 480.117 6 14 1.170 0.779 0.762912 1.170 100 1 0
 176 2685.670 492.597 6 14 1.560 2.339 1.528807 2.339 100 1 0
 177 2686.255 488.112 6 14 0.390 0.389 0.262456 0.390 100 1 0
 178 2680.600 495.327 6 14 0.780 0.779 0.805859 0.780 100 1 0
 179 2676.505 499.032 6 14 1.950 2.729 1.325403 2.729 100 1 0
 180 2676.505 495.327 6 14 1.170 0.779 0.912035 1.170 100 1 0
 181 2669.680 595.752 6 14 1.560 0.389 0.841052 1.560 100 1 0
 182 2637.700 533.547 6 14 0.780 0.779 0.406807 0.780 100 1 0
 183 2629.900 596.337 6 14 5.460 2.339 5.666068 5.460 100 1 0
 184 2626.195 553.047 6 14 12.870 25.739 14.449995 25.739 100 1 0
 185 642.650 1542.591 6 8 1.170 1.559 0.347158 1.559 77 1 0
 186 1586.842 3438.660 2 4 0.390 0.389 0.147930 0.390 78 1 0
 187 4773.117 2696.442 -5 4 1.560 1.559 0.350140 1.560 78 1 0
 188 480.375 3575.150 13 3 3.900 5.459 5.129226 5.459 100 1 0
 189 480.375 3610.834 13 3 3.120 1.949 1.639754 3.120 100 1 0
 190 499.875 3515.090 13 3 0.780 0.779 0.442596 0.780 100 1 0
 191 505.140 3509.435 13 3 3.510 1.169 3.027192 3.510 100 1 0
 192 511.771 3501.830 13 3 4.290 0.779 1.387438 4.290 100 1 0
 193 521.911 3493.250 13 3 5.850 0.779 1.870596 5.850 100 1 0
 194 581.581 3493.250 13 3 6.630 0.779 1.931438 6.630 100 1 0
 195 590.746 3500.660 13 3 3.120 3.119 1.475719 3.120 100 1 0
 196 596.011 3611.224 13 3 1.950 1.169 0.881614 1.950 100 1 0
 197 597.766 3509.435 13 3 4.680 1.949 3.521087 4.680 100 1 0
 198 599.911 3610.444 13 3 0.390 0.389 0.464070 0.390 100 1 0
 199 604.591 3517.820 13 3 1.170 0.779 0.419930 1.170 100 1 0
 200 605.956 3594.259 13 3 3.120 2.339 0.758737 3.120 100 1 0
 201 605.956 3522.695 13 3 2.340 0.389 0.294070 2.340 100 1 0
 202 608.101 3587.434 13 3 2.730 1.169 0.443193 2.730 100 1 0
 203 607.711 3527.570 13 3 1.170 1.559 0.453930 1.559 100 1 0
 204 608.881 3531.470 13 3 2.730 2.339 0.773649 2.730 100 1 0
 205 610.831 3575.150 13 3 5.070 5.459 5.691121 5.459 100 1 0
 206 4453.935 2793.260 19 2 0.780 0.389 0.164035 0.780 78 1 0
 207 3540.944 2626.146 -17 2 2.340 3.119 0.239193 3.119 0 1 0
 208 3537.239 2579.931 -17 2 1.170 2.729 0.323298 2.729 0 1 0
 209 3506.234 2620.296 -17 2 0.780 0.779 0.166421 0.780 1 1 0
 210 3484.979 2548.146 -17 2 1.170 6.239 0.918596 6.239 0 1 0
 211 3513.219 2492.596 -17 2 0.390 0.389 0.114526 0.390 0 1 0
 212 3484.749 2535.106 -17 2 0.390 1.169 0.249930 1.169 0 1 0
 213 3527.259 2530.816 -17 2 0.390 0.389 0.104982 0.390 0 1 0
 214 4438.495 2364.119 2 1 26.520 0.779 5.475788 26.520 0 1 0
 215 4483.380 1479.282 2 1 1.170 1.949 0.657930 1.949 78 1 0
 216 2936.601 3222.570 2 0 1.560 0.779 0.112140 1.560 78 1 0
 217 1200.707 2755.936 1 0 0.780 0.389 0.210561 0.780 0 1 0
 218 1201.292 2759.056 1 0 0.390 0.389 0.156877 0.390 78 1 0
 219 2221.569 2799.039 17 -1 3.120 1.949 0.321509 3.120 78 1 0
 220 2938.001 3222.382 7 -1 0.780 0.779 0.140772 0.780 78 1 0
 221 4484.356 1478.262 -3 -1 2.340 2.729 0.884596 2.729 78 1 0
 222 4638.212 1952.442 -11 -4 1.170 0.389 0.148526 1.170 78 1 0
 223 4483.541 1478.882 -8 -4 2.730 3.509 0.676421 3.509 78 1 0
 224 1503.544 3468.123 -7 -5 1.170 0.779 0.613789 1.170 77 1 0
 225 3672.762 1590.827 18 -5 0.780 0.779 0.133614 0.780 78 1 0
 226 3128.906 620.440 9 -6 0.390 0.779 0.194456 0.779 77 1 0
 227 4773.897 2698.047 -9 -10 1.560 2.339 1.007473 2.339 78 1 0
 228 4773.507 2698.632 -1 -10 1.560 3.509 0.913824 3.509 78 1 0
 229 4773.506 2698.437 3 -10 1.560 3.119 1.132140 3.119 78 1 0
 230 3659.860 345.153 -3 -11 0.390 0.389 0.088877 0.390 77 1 0
 231 4773.898 2696.192 -4 -12 0.780 2.729 0.229053 2.729 78 1 0
 232 1194.858 1252.464 -15 -12 0.780 0.389 0.249930 0.780 100 1 0
 233 1195.248 1269.234 -15 -12 0.780 0.389 0.864315 0.780 100 1 0
 234 1195.638 1244.274 -15 -12 0.780 1.169 0.306000 1.169 100 1 0
 235 1197.003 1230.624 -15 -12 1.170 5.849 3.889718 5.849 100 1 0
 236 1197.978 1221.264 -15 -12 0.780 0.389 0.267228 0.780 100 1 0
 237 1208.508 1192.209 -15 -12 18.720 38.219 9.940523 38.219 100 1 0
 238 1205.583 1230.234 -15 -12 1.170 3.509 2.647227 3.509 100 1 0
 239 1210.848 1161.399 -15 -12 2.340 6.239 6.391401 6.239 100 1 0
 240 1215.138 1146.774 -15 -12 0.780 1.949 0.764701 1.949 100 1 0
 241 1220.013 1132.929 -15 -12 8.189 21.059 15.666837 21.059 100 1 0
 242 1227.228 1115.380 -15 -12 0.780 0.779 0.896526 0.780 100 1 0
 243 1231.713 1136.634 -15 -12 5.070 12.869 7.605261 12.869 100 1 0
 244 1234.638 1099.975 -15 -12 1.560 2.729 1.129754 2.729 100 1 0
 245 1238.148 1093.735 -15 -12 3.120 5.069 5.268209 5.069 100 1 0
 246 1241.073 1098.415 -15 -12 0.390 0.389 0.141368 0.390 100 1 0
 247 1245.753 1081.450 -15 -12 4.290 6.239 4.897191 6.239 100 1 0
 248 1247.313 1102.900 -15 -12 5.070 8.579 7.034419 8.579 100 1 0
 249 1255.113 1089.445 -15 -12 1.170 1.169 0.996737 1.170 100 1 0
 250 1257.843 1085.155 -15 -12 1.950 2.729 2.342420 2.729 100 1 0
 251 1259.013 1066.045 -15 -12 0.390 0.389 0.096035 0.390 100 1 0
 252 1259.208 1063.315 -15 -12 0.780 0.389 0.768280 0.780 100 1 0
 253 1266.228 1068.385 -15 -12 0.780 0.389 0.147333 0.780 100 1 0
 254 1277.538 1206.054 -15 -12 0.780 1.169 1.111859 1.169 100 1 0
 255 1288.653 1187.919 -15 -12 17.550 38.999 85.787344 38.999 100 1 0
 256 1290.603 1032.115 -15 -12 2.730 1.169 2.626350 2.730 100 1 0
 257 1294.698 1032.115 -15 -12 1.560 1.169 2.137227 1.560 100 1 0
 258 1299.573 1164.519 -15 -12 1.950 1.559 2.573262 1.950 100 1 0
 259 1301.328 1160.034 -15 -12 1.560 1.169 1.805578 1.560 100 1 0
 260 1304.643 1152.234 -15 -12 5.070 7.409 14.907504 7.409 100 1 0
 261 1307.958 1143.654 -15 -12 3.120 1.949 4.316806 3.120 100 1 0
 262 1312.443 1134.489 -15 -12 1.170 2.339 2.177789 2.339 100 1 0
 263 1314.783 1124.545 -15 -12 3.510 1.169 3.692876 3.510 100 1 0
 264 1322.973 1101.145 -15 -12 6.630 22.229 22.815782 22.229 100 1 0
 265 1327.263 1085.935 -15 -12 4.290 3.509 5.175156 4.290 100 1 0
 266 1328.628 1075.405 -15 -12 0.780 1.169 0.855368 1.169 100 1 0
 267 2561.455 1449.389 16 -13 1.950 0.389 0.198632 1.950 78 1 0
 268 2105.545 515.020 -4 -14 0.390 0.389 0.118702 0.390 78 1 0
 269 1511.572 2875.205 3 -15 0.390 0.779 0.094842 0.779 77 1 0
 270 4151.649 2099.972 4 -15 6.630 3.509 4.153367 6.630 100 1 0
 271 4151.260 2045.372 4 -15 0.390 0.389 0.264246 0.390 100 1 0
 272 4177.000 2113.816 4 -15 4.290 2.339 1.583087 4.290 100 1 0
 273 4182.850 2042.642 4 -15 1.950 0.389 0.493895 1.950 100 1 0
 274 4195.135 2123.956 4 -15 5.460 2.339 1.909368 5.460 100 1 0
 275 4206.640 2043.227 4 -15 1.170 0.779 0.711017 1.170 100 1 0
 276 4237.450 2141.311 4 -15 4.290 1.949 2.861367 4.290 100 1 0
 277 4239.205 2145.601 4 -15 0.780 0.389 0.277368 0.780 100 1 0
 278 4252.075 2039.717 4 -15 15.600 0.779 5.932103 15.600 100 1 0
 279 4256.950 2043.422 4 -15 5.850 1.169 4.803542 5.850 100 1 0
 280 4294.780 2044.202 4 -15 62.792 1.949 61.298400 62.792 100 1 0
 281 4263.580 2039.327 4 -15 0.390 0.779 0.515965 0.779 100 1 0
 282 4333.390 2184.601 4 -15 5.070 1.949 3.055227 5.070 100 1 0
 283 4336.315 2180.116 4 -15 6.240 2.339 3.478139 6.240 100 1 0
 284 4339.435 2186.551 4 -15 3.120 1.169 0.669859 3.120 100 1 0
 285 4344.506 2182.651 4 -15 0.780 0.389 0.259474 0.780 100 1 0
 286 4347.626 2184.016 4 -15 0.780 0.779 0.344175 0.780 100 1 0
 287 4354.451 2186.161 4 -15 5.070 1.949 1.037298 5.070 100 1 0
 288 4355.036 2192.011 4 -15 3.900 1.169 0.950807 3.900 100 1 0
 289 4362.056 2193.961 4 -15 3.120 1.169 1.644526 3.120 100 1 0
 290 4363.811 2189.086 4 -15 6.630 2.339 3.258630 6.630 100 1 0
 291 4373.561 2042.837 4 -15 10.530 1.559 5.376174 10.530 100 1 0
 292 4375.901 2192.791 4 -15 0.390 0.389 0.189684 0.390 100 1 0
 293 4377.656 2198.446 4 -15 1.560 0.779 0.635859 1.560 100 1 0
 294 4384.286 2050.246 4 -15 14.040 2.339 9.582628 14.040 100 1 0
 295 4385.846 2200.591 4 -15 1.560 0.389 0.661509 1.560 100 1 0
 296 4395.986 2051.222 4 -15 1.560 0.389 0.745017 1.560 100 1 0
 297 4398.716 2046.347 4 -15 3.120 0.779 1.237122 3.120 100 1 0
 298 4400.276 2203.906 4 -15 4.680 1.559 2.430701 4.680 100 1 0
 299 4399.301 2198.836 4 -15 1.170 0.779 0.864315 1.170 100 1 0
 300 4406.126 2200.396 4 -15 1.560 0.779 1.191193 1.560 100 1 0
 301 4414.121 2049.272 4 -15 1.170 0.389 0.733087 1.170 100 1 0
 302 4415.876 2203.321 4 -15 2.340 2.729 1.882526 2.729 100 1 0
 303 4421.336 2051.222 4 -15 1.560 0.389 0.703263 1.560 100 1 0
 304 4426.991 2204.101 4 -15 5.850 1.169 2.450385 5.850 100 1 0
 305 4459.361 2069.357 4 -15 11.310 4.679 4.860209 11.310 100 1 0
 306 4476.131 2076.766 4 -15 11.310 5.459 4.777893 11.310 100 1 0
 307 4490.951 2077.351 4 -15 1.950 1.169 0.936491 1.950 100 1 0
 308 3922.754 1082.733 -6 -15 16.379 14.429 18.708940 16.379 100 1 0
 309 3912.029 1089.168 -6 -15 1.170 4.679 2.020315 4.679 100 1 0
 310 3906.374 1091.898 -6 -15 5.460 6.239 11.256382 6.239 100 1 0
 311 3842.999 1082.148 -6 -15 0.390 2.339 0.224877 2.339 100 1 0
 312 3824.474 1055.628 -6 -15 0.780 2.339 0.252912 2.339 100 1 0
 313 3678.029 1196.028 -6 -15 6.630 5.459 10.829891 6.630 100 1 0
 314 3674.324 1202.853 -6 -15 5.460 4.289 3.234174 5.460 100 1 0
 315 3668.474 1139.283 -6 -15 0.780 1.169 0.274982 1.169 100 1 0
 316 3662.234 1219.038 -6 -15 5.460 3.899 3.544350 5.460 100 1 0
 317 3658.334 1223.913 -6 -15 1.560 0.389 0.293474 1.560 100 1 0
 318 3648.974 1132.263 -6 -15 0.780 1.949 0.212351 1.949 100 1 0
 319 3643.124 1235.418 -6 -15 3.900 0.779 0.522526 3.900 100 1 0
 320 3632.593 1241.853 -6 -15 15.600 8.189 9.734734 15.600 100 1 0
 321 3630.643 1128.558 -6 -15 7.800 3.899 0.920386 7.800 100 1 0
 322 3622.648 1126.803 -6 -15 0.390 0.389 0.085298 0.390 100 1 0
 323 3617.383 1247.703 -6 -15 1.560 1.169 0.487333 1.560 100 1 0
 324 3607.633 1250.043 -6 -15 1.560 1.169 0.508210 1.560 100 1 0
 325 3572.533 1245.558 -6 -15 0.780 0.779 0.339403 0.780 100 1 0
 326 3566.878 1241.658 -6 -15 5.070 2.339 3.932665 5.070 100 1 0
 327 3568.048 1149.423 -6 -15 0.390 0.389 0.141965 0.390 100 1 0
 328 3562.198 1152.348 -6 -15 5.070 10.139 16.985082 10.139 100 1 0
 329 3556.738 1158.393 -6 -15 1.170 7.409 2.782631 7.409 100 1 0
 330 3555.763 1232.883 -6 -15 2.340 3.509 1.988105 3.509 100 1 0
 331 3550.693 1167.753 -6 -15 7.020 16.769 17.339994 16.769 100 1 0
 332 3548.743 1221.573 -6 -15 3.120 7.409 3.992314 7.409 100 1 0
 333 3543.088 1190.178 -6 -15 0.390 0.779 0.320316 0.779 100 1 0
 334 159.990 372.445 -5 -15 3.510 3.899 2.740280 3.899 100 1 0
 335 4142.290 834.984 -6 -15 1.170 1.559 1.034315 1.559 100 1 0
 336 4149.895 827.184 -6 -15 0.780 0.779 0.467052 0.780 100 1 0
 337 4158.475 865.794 -6 -15 8.580 5.459 8.515506 8.580 100 1 0
 338 4161.399 815.094 -6 -15 10.530 12.479 13.511118 12.479 100 1 0
 339 4164.910 877.689 -6 -15 2.730 1.949 0.982421 2.730 100 1 0
 340 4167.250 898.748 -6 -15 0.390 1.169 1.072491 1.169 100 1 0
 341 4168.810 892.508 -6 -15 0.390 0.389 0.273789 0.390 100 1 0
 342 4171.149 892.508 -6 -15 0.390 0.389 0.245754 0.390 100 1 0
 343 4172.710 803.589 -6 -15 1.170 0.389 0.452737 1.170 100 1 0
 344 4186.555 795.594 -6 -15 20.280 10.139 1.127965 20.280 100 1 0
 345 4203.325 790.524 -6 -15 8.580 4.679 5.601647 8.580 100 1 0
 346 4222.826 912.593 -6 -15 9.360 4.679 6.426594 9.360 100 1 0
 347 4221.851 784.674 -6 -15 2.730 3.119 0.493298 3.119 100 1 0
 348 4225.556 783.894 -6 -15 0.780 0.779 0.198035 0.780 100 1 0
 349 4235.501 782.139 -6 -15 0.390 0.389 0.156877 0.390 100 1 0
 350 4250.906 784.089 -6 -15 4.680 2.729 0.359088 4.680 100 1 0
 351 4256.561 787.209 -6 -15 0.390 0.389 0.270807 0.390 100 1 0
 352 4259.096 890.168 -6 -15 0.780 0.389 0.602456 0.780 100 1 0
 353 4271.381 790.134 -6 -15 24.570 5.459 9.430523 24.570 100 1 0
 354 4284.251 869.889 -6 -15 5.850 7.409 5.169788 7.409 100 1 0
 355 4290.881 858.969 -6 -15 8.970 7.409 9.813470 8.970 100 1 0
 356 4291.466 799.884 -6 -15 3.120 1.559 2.005403 3.120 100 1 0
 357 4298.291 799.884 -6 -15 1.170 0.779 1.011052 1.170 100 1 0
 358 4303.166 838.884 -6 -15 3.120 0.779 1.279473 3.120 100 1 0
 359 4310.186 824.454 -6 -15 2.340 3.119 1.467964 3.119 100 1 0
 360 4587.281 643.104 -6 -15 1.170 1.559 0.254702 1.559 100 1 0
 361 4587.281 647.199 -6 -15 0.390 0.389 0.063825 0.390 100 1 0
 362 4587.281 588.309 -6 -15 0.390 0.389 0.070982 0.390 100 1 0
 363 4589.816 579.924 -6 -15 0.780 1.559 0.176561 1.559 100 1 0
 364 4590.011 647.979 -6 -15 0.390 0.389 0.065614 0.390 100 1 0
 365 4590.011 569.589 -6 -15 0.390 0.389 0.070982 0.390 100 1 0
 366 4613.607 664.554 -6 -15 3.120 3.119 0.440210 3.120 100 1 0
 367 4639.932 665.919 -6 -15 0.390 0.389 0.094842 0.390 100 1 0
 368 4639.932 515.380 -6 -15 0.390 0.389 0.106772 0.390 100 1 0
 369 4662.552 667.869 -6 -15 0.390 0.389 0.127053 0.390 100 1 0
 370 4737.822 506.410 -6 -15 0.390 0.389 0.088877 0.390 100 1 0
 371 3860.824 973.386 -6 -15 2.340 2.339 0.451544 2.340 100 1 0
 372 3929.660 970.508 -6 -15 2.730 5.069 1.456035 5.069 100 1 0
 373 3910.435 967.193 -6 -15 19.500 6.239 9.225330 19.500 100 1 0
 374 273.090 1898.580 -5 -17 0.390 0.779 0.357298 0.779 63 1 0
 375 477.060 1796.595 9 -17 0.390 0.389 0.158667 0.390 77 1 0
 376 3729.118 3470.700 5 -18 1.170 0.779 0.507017 1.170 77 1 0
 377 4177.230 3897.554 -1 -18 1.170 1.169 0.319719 1.170 77 1 0
 378 206.010 2109.863 5 -19 0.390 0.389 0.115123 0.390 77 1 0
 379 935.151 2352.195 2 -22 1.170 1.949 0.507614 1.949 0 1 0
 380 452.295 1615.734 2 -22 0.780 0.779 0.149719 0.780 78 1 0
 381 1019.356 3457.573 2 -23 1.560 0.779 0.257684 1.560 77 1 0;
DieOrigin 0.0000000000e+00 0.0000000000e+00;
WaferID "@14";
Slot 14;
SampleCenterLocation 5.1854660000e+03 -1.9998830000e+03;
OrientationInstructions "";
InspectionTest 1;
AreaPerTest 2.3364899116e+10;
DefectRecordSpec 12 DEFECTID XREL YREL XINDEX YINDEX XSIZE YSIZE DEFECTAREA DSIZE CLASSNUMBER TEST IMAGECOUNT ;
DefectList
 1 1572.573 3086.131 5 19 0.390 0.389 0.130035 0.390 78 1 0
 2 3361.348 1892.329 -11 16 1.170 1.949 0.184316 1.949 78 1 0
 3 3983.755 2711.170 -13 14 3.120 11.699 10.500628 11.699 100 1 0
 4 3991.165 2724.625 -13 14 1.560 2.729 1.045052 2.729 100 1 0
 5 3995.260 2731.645 -13 14 2.730 4.289 4.245227 4.289 100 1 0
 6 4020.415 2762.650 -13 14 1.560 1.559 1.235333 1.560 100 1 0
 7 4025.680 2767.915 -13 14 0.390 0.389 0.379965 0.390 100 1 0
 8 4050.445 2770.840 -13 14 0.780 0.779 0.549368 0.780 100 1 0
 9 4050.640 2688.355 -13 14 0.390 0.389 0.432456 0.390 100 1 0
 10 4055.710 2767.330 -13 14 1.170 0.779 1.038491 1.170 100 1 0
 11 4055.905 2770.255 -13 14 0.780 0.389 0.704456 0.780 100 1 0
 12 4064.095 2764.600 -13 14 2.340 0.779 1.756070 2.340 100 1 0
 13 4063.900 2767.330 -13 14 1.170 0.779 0.892947 1.170 100 1 0
 14 4117.915 2692.840 -13 14 0.780 0.779 0.632877 0.780 100 1 0
 15 4275.476 2991.385 -13 14 0.780 1.949 1.337929 1.949 100 1 0
 16 4300.631 2946.535 -13 14 0.390 0.389 0.227860 0.390 100 1 0
 17 4357.571 2916.895 -13 14 2.730 1.949 1.073684 2.730 100 1 0
 18 4362.056 2919.430 -13 14 0.780 1.559 0.420526 1.559 100 1 0
 19 4365.956 2922.745 -13 14 0.780 2.729 0.524316 2.729 100 1 0
 20 4376.486 2930.740 -13 14 3.120 1.559 2.115754 3.120 100 1 0
 21 4381.946 2982.415 -13 14 3.120 1.949 2.571473 3.120 100 1 0
 22 4384.481 2938.540 -13 14 2.730 1.559 1.640350 2.730 100 1 0
 23 4485.881 3148.360 -13 14 1.170 4.679 3.599823 4.679 100 1 0
 24 4491.341 3176.830 -13 14 1.170 2.339 1.955894 2.339 100 1 0
 25 4496.021 3178.585 -13 14 3.510 6.629 5.589121 6.629 100 1 0
 26 4497.191 3112.285 -13 14 5.070 2.729 7.484769 5.070 100 1 0
 27 4511.036 3203.740 -13 14 0.780 0.779 0.864912 0.780 100 1 0
 28 4513.766 3113.650 -13 14 4.680 0.779 3.525262 4.680 100 1 0
 29 4513.766 3110.920 -13 14 3.900 0.779 2.602490 3.900 100 1 0
 30 4515.521 3209.005 -13 14 2.730 2.729 2.320350 2.730 100 1 0
 31 4529.561 3219.145 -13 14 9.750 5.069 6.860243 9.750 100 1 0
 32 4528.196 3116.575 -13 14 3.900 1.169 2.595929 3.900 100 1 0
 33 4593.131 3152.650 -13 14 1.170 1.559 1.494807 1.559 100 1 0
 34 4595.081 3157.330 -13 14 0.390 0.779 0.319123 0.779 100 1 0
 35 3714.689 2355.584 -13 14 0.390 0.389 0.114526 0.390 100 1 0
 36 3712.154 2364.164 -13 14 0.780 1.169 0.229649 1.169 100 1 0
 37 3591.058 2301.569 -13 14 1.170 2.339 0.265439 2.339 100 1 0
 38 3585.598 2292.404 -13 14 2.730 3.509 0.299438 3.509 100 1 0
 39 3290.953 1867.889 -13 14 1.560 1.559 0.330456 1.560 100 1 0
 40 2564.736 1258.548 -13 14 2.730 5.459 0.925754 5.459 100 1 0
 41 2569.416 1282.143 -13 14 0.390 1.169 0.246351 1.169 100 1 0
 42 2573.706 1293.453 -13 14 1.170 1.949 0.223684 1.949 100 1 0
 43 2580.921 1242.168 -13 14 2.340 1.559 0.836280 2.340 100 1 0
 44 2585.406 1320.753 -13 14 1.170 1.949 0.402035 1.949 100 1 0
 45 2585.796 1314.513 -13 14 1.950 2.729 0.817193 2.729 100 1 0
 46 2588.721 1318.608 -13 14 1.560 1.559 0.687754 1.560 100 1 0
 47 2589.111 1243.923 -13 14 0.780 0.389 0.305403 0.780 100 1 0
 48 2598.081 1330.113 -13 14 1.560 1.949 0.597088 1.949 100 1 0
 49 2602.566 1340.643 -13 14 0.390 0.389 0.195649 0.390 100 1 0
 50 2602.761 1246.458 -13 14 0.780 0.779 0.450947 0.780 100 1 0
 51 2605.686 1338.303 -13 14 0.390 0.389 0.232632 0.390 100 1 0
 52 2613.096 1345.323 -13 14 0.390 0.389 0.198035 0.390 100 1 0
 53 2616.411 1251.333 -13 14 0.780 0.389 0.301228 0.780 100 1 0
 54 2626.551 1256.013 -13 14 0.780 0.389 0.238000 0.780 100 1 0
 55 2631.426 1259.133 -13 14 1.170 1.169 0.366245 1.170 100 1 0
 56 2634.546 1260.693 -13 14 0.390 0.389 0.229053 0.390 100 1 0
 57 2640.396 1361.313 -13 14 1.170 0.389 0.438421 1.170 100 1 0
 58 2644.491 1362.873 -13 14 1.560 0.389 0.419930 1.560 100 1 0
 59 2645.076 1268.103 -13 14 0.390 0.389 0.204596 0.390 100 1 0
 60 2653.461 1270.638 -13 14 0.780 0.779 0.199228 0.780 100 1 0
 61 2657.947 1279.218 -13 14 3.510 3.899 1.047438 3.899 100 1 0
 62 2667.307 1362.093 -13 14 5.070 1.949 1.054000 5.070 100 1 0
 63 2679.397 1354.098 -13 14 3.510 3.899 1.481087 3.899 100 1 0
 64 2684.077 1345.908 -13 14 1.170 1.559 0.394877 1.559 100 1 0
 65 2686.027 1327.968 -13 14 0.390 1.559 0.465263 1.559 100 1 0
 66 1996.929 641.478 -13 14 2.340 9.749 6.814910 9.749 100 1 0
 67 1994.394 630.948 -13 14 0.390 0.389 0.445579 0.390 100 1 0
 68 1972.749 595.458 -13 14 10.140 9.749 6.421226 10.140 100 1 0
 69 1962.414 582.978 -13 14 8.970 8.189 10.602032 8.970 100 1 0
 70 1956.369 659.613 -13 14 3.120 3.119 2.065052 3.120 100 1 0
 71 1954.809 577.128 -13 14 2.340 2.729 1.866420 2.729 100 1 0
 72 1916.199 627.048 -13 14 0.780 0.389 0.309579 0.780 100 1 0
 73 1912.884 627.048 -13 14 0.390 0.389 0.219509 0.390 100 1 0
 74 1901.574 599.163 -13 14 1.170 3.119 0.755158 3.119 100 1 0
 75 1899.624 591.558 -13 14 0.390 1.949 1.181649 1.949 100 1 0
 76 3776.859 1924.154 7 13 0.390 0.779 0.133614 0.779 78 1 0
 77 4483.771 1485.107 -1 13 2.730 15.209 4.106841 15.209 0 1 0
 78 4482.601 1504.997 -1 13 0.390 12.089 1.991684 12.089 78 1 0
 79 1347.544 3400.501 -2 11 0.390 0.389 0.229649 0.390 0 1 0
 80 1802.090 3443.401 -2 11 0.780 0.389 0.201017 0.780 0 1 0
 81 1802.285 3458.221 -2 11 0.390 0.389 0.220105 0.390 0 1 0
 82 1809.695 3443.401 -2 11 0.390 0.389 0.185509 0.390 0 1 0
 83 1812.230 3443.401 -2 11 0.780 0.389 0.212947 0.780 0 1 0
 84 1820.810 3445.741 -2 11 3.120 0.389 0.412175 3.120 78 1 0
 85 3400.348 1612.378 -13 11 0.390 0.389 0.127649 0.390 78 1 0
 86 572.221 654.322 -15 11 0.390 0.389 0.158667 0.390 78 1 0
 87 1780.869 3441.096 -3 10 0.780 0.389 0.158070 0.780 0 1 0
 88 1778.334 3441.096 -3 10 0.390 0.389 0.112737 0.390 78 1 0
 89 1775.994 3441.096 -3 10 0.390 0.389 0.107965 0.390 0 1 0
 90 2122.281 3284.492 -1 10 0.780 0.779 0.415754 0.780 77 1 0
 91 2968.972 2977.953 7 10 3.120 0.779 0.467052 3.120 0 1 0
 92 2969.167 2964.498 7 10 1.170 0.389 0.351333 1.170 77 1 0
 93 2976.772 2970.543 7 10 6.240 21.059 13.233153 21.059 0 1 0
 94 2988.667 2967.618 7 10 6.630 22.229 13.537364 22.229 0 1 0
 95 362.824 783.986 9 10 0.780 0.389 0.142561 0.780 77 1 0
 96 4591.021 3356.146 -8 7 13.650 8.579 18.708940 13.650 0 1 0
 97 1565.977 1551.773 18 5 0.780 0.779 0.306000 0.780 78 1 0
 98 1234.638 598.665 -1 5 0.780 0.779 0.121684 0.780 78 1 0
 99 1324.762 1224.328 16 3 0.390 0.389 0.104982 0.390 77 1 0
 100 4021.229 3089.100 16 2 2.730 3.119 4.162911 3.119 63 1 0
 101 4391.697 2363.616 -4 1 1.560 0.389 0.125860 1.560 78 1 0
 102 4763.951 1991.947 7 1 4.290 7.409 11.527786 7.409 0 1 0
 103 4777.211 1976.542 7 1 4.290 16.379 25.553676 16.379 78 1 0
 104 3566.098 1020.758 19 1 0.390 0.389 0.286912 0.390 78 1 0
 105 4743.282 2702.776 -7 0 61.232 15.599 388.324608 61.232 78 1 0
 106 293.761 2815.291 -2 0 0.390 0.389 0.138386 0.390 78 1 0
 107 4771.948 2653.051 -3 0 0.780 0.389 0.238596 0.780 78 1 0
 108 1658.568 2853.316 10 0 1.560 0.779 0.298246 1.560 78 1 0
 109 2338.570 842.494 -15 0 1.560 2.339 2.496315 2.339 0 1 0
 110 2338.570 828.259 -15 0 1.560 5.849 6.723647 5.849 77 1 0
 111 2335.450 791.209 -15 0 0.780 1.169 0.397263 1.169 0 1 0
 112 2333.305 777.364 -15 0 0.390 0.779 0.274982 0.779 0 1 0
 113 2332.525 770.734 -15 0 1.950 3.899 1.639157 3.899 0 1 0
 114 2273.635 839.569 -15 0 2.730 7.409 4.915683 7.409 0 1 0
 115 2938.392 3222.095 -7 -1 1.560 0.779 0.174772 1.560 0 1 0
 116 1585.673 1096.497 -7 -1 7.410 10.919 35.232936 10.919 13 1 0
 117 315.796 1161.919 -18 -2 0.780 0.779 0.273789 0.780 0 1 0
 118 322.036 1273.653 -18 -2 0.780 0.389 0.202807 0.780 0 1 0
 119 347.581 1210.279 -18 -2 0.390 0.779 0.288702 0.779 0 1 0
 120 351.091 1209.694 -18 -2 0.390 0.389 0.230246 0.390 0 1 0
 121 783.602 1188.244 -18 -2 0.390 0.389 0.133017 0.390 78 1 0
 122 785.942 1188.244 -18 -2 0.390 0.389 0.139579 0.390 0 1 0
 123 842.103 1210.474 -18 -2 0.390 0.389 0.167017 0.390 0 1 0
 124 2938.587 3216.249 -7 -3 0.390 0.779 0.098421 0.779 0 1 0
 125 2933.907 3222.099 -7 -3 0.390 0.779 0.100807 0.779 0 1 0
 126 2929.422 3222.099 -7 -3 0.780 0.779 0.431263 0.780 0 1 0
 127 2924.937 3222.099 -7 -3 1.170 0.779 0.175965 1.170 78 1 0
 128 2563.210 1363.970 19 -3 14.040 0.389 2.889999 14.040 0 1 0
 129 2541.760 1363.970 19 -3 21.840 0.389 4.411051 21.840 0 1 0
 130 2525.575 1363.970 19 -3 1.170 0.389 0.317333 1.170 78 1 0
 131 204.839 2416.748 10 -5 0.390 5.459 0.333438 5.459 78 1 0
 132 4773.507 2698.579 -5 -8 1.560 4.679 0.889965 4.679 0 1 0
 133 4773.117 2697.994 4 -8 1.560 3.509 1.161368 3.509 78 1 0
 134 4451.790 2387.344 -5 -8 3.510 1.949 2.455754 3.510 78 1 0
 135 2787.232 1452.368 -17 -8 19.500 0.389 4.563156 19.500 78 1 0
 136 1875.604 1052.424 16 -8 0.390 0.779 0.743228 0.779 100 1 0
 137 1898.224 1089.084 16 -8 5.070 1.559 2.255929 5.070 100 1 0
 138 1902.514 1054.764 16 -8 4.290 3.119 1.289614 4.290 100 1 0
 139 1902.904 1092.399 16 -8 1.950 1.169 0.229053 1.950 100 1 0
 140 1913.629 1093.569 16 -8 0.780 0.389 0.409193 0.780 100 1 0
 141 1919.284 1092.984 16 -8 2.730 0.779 0.622737 2.730 100 1 0
 142 1919.284 1054.764 16 -8 2.730 1.559 1.255017 2.730 100 1 0
 143 1926.499 1053.399 16 -8 0.780 0.389 0.169403 0.780 100 1 0
 144 1932.934 1093.179 16 -8 1.950 1.169 0.718772 1.950 100 1 0
 145 1932.934 1054.374 16 -8 1.950 0.779 0.832701 1.950 100 1 0
 146 4774.515 2698.851 2 -9 1.560 4.679 1.464385 4.679 78 1 0
 147 2142.754 3290.058 2 -10 0.390 0.779 0.180140 0.779 0 1 0
 148 2142.754 3278.163 2 -10 0.390 0.389 0.165825 0.390 78 1 0
 149 2142.754 3265.683 2 -10 0.390 0.389 0.176561 0.390 0 1 0
 150 2147.434 3305.463 2 -10 0.390 0.389 0.202210 0.390 0 1 0
 151 4772.532 2708.959 11 -10 1.170 4.679 1.555649 4.679 78 1 0
 152 4772.726 2699.014 10 -10 1.560 5.849 1.867017 5.849 0 1 0
 153 4452.569 2387.005 10 -10 1.170 2.339 0.773052 2.339 78 1 0
 154 4451.596 2386.810 -1 -10 3.900 1.949 0.876245 3.900 78 1 0
 155 1427.333 1843.346 -14 -10 0.390 0.779 0.293474 0.779 77 1 0
 156 4453.156 2387.200 -9 -10 1.560 1.949 0.458105 1.949 78 1 0
 157 4404.957 1925.867 -11 -11 5.460 9.359 4.972946 9.359 100 1 0
 158 4407.882 1935.812 -11 -11 1.170 1.169 0.585754 1.170 100 1 0
 159 4412.172 1892.522 -11 -11 0.390 0.389 0.277368 0.390 100 1 0
 160 4414.512 1892.522 -11 -11 0.390 0.389 0.272000 0.390 100 1 0
 161 4451.757 1864.442 -11 -11 0.780 0.389 0.360877 0.780 100 1 0
 162 4453.122 1930.352 -11 -11 0.390 0.389 0.292877 0.390 100 1 0
 163 4450.195 2386.847 1 -11 3.120 2.339 1.244877 3.120 78 1 0
 164 4750.142 1530.914 -11 -11 0.390 0.389 0.236807 0.390 100 1 0
 165 4711.532 1465.004 -11 -11 5.070 2.729 3.747157 5.070 100 1 0
 166 4696.712 1597.994 -11 -11 32.371 5.069 14.906311 32.371 100 1 0
 167 4702.952 1464.809 -11 -11 4.290 3.119 2.382385 4.290 100 1 0
 168 4702.952 1471.244 -11 -11 0.390 0.389 0.447965 0.390 100 1 0
 169 4669.997 1506.344 -11 -11 1.560 1.949 1.661228 1.949 100 1 0
 170 4604.477 1718.894 -11 -11 0.780 2.729 0.547579 2.729 100 1 0
 171 4602.722 1705.634 -11 -11 0.390 4.289 3.010490 4.289 100 1 0
 172 4601.942 1731.374 -11 -11 1.170 2.729 2.014947 2.729 100 1 0
 173 4598.822 1731.374 -11 -11 1.170 3.509 2.894174 3.509 100 1 0
 174 4566.257 1679.894 -11 -11 0.780 0.389 0.164632 0.780 100 1 0
 175 4539.151 1704.659 -11 -11 1.950 2.339 2.152736 2.339 100 1 0
 176 4533.301 1705.049 -11 -11 3.510 4.679 2.479613 4.679 100 1 0
 177 4524.331 1717.919 -11 -11 0.390 0.779 0.335228 0.779 100 1 0
 178 4518.871 1730.789 -11 -11 5.850 6.239 5.020665 6.239 100 1 0
 179 1659.934 474.347 -14 -11 0.390 0.389 0.174175 0.390 78 1 0
 180 214.591 758.656 -10 -11 8.970 4.289 9.545049 8.970 100 1 0
 181 216.346 681.046 -10 -11 0.780 1.949 1.619473 1.949 100 1 0
 182 217.126 675.976 -10 -11 0.780 3.509 2.361508 3.509 100 1 0
 183 217.906 671.101 -10 -11 0.780 1.559 0.353719 1.559 100 1 0
 184 219.466 665.056 -10 -11 1.560 4.289 1.907578 4.289 100 1 0
 185 221.221 681.046 -10 -11 1.170 1.949 2.269052 1.949 100 1 0
 186 222.391 676.171 -10 -11 1.170 3.899 3.433999 3.899 100 1 0
 187 223.366 671.101 -10 -11 1.560 1.559 1.400561 1.560 100 1 0
 188 229.216 653.551 -10 -11 5.460 14.819 12.928943 14.819 100 1 0
 189 232.141 758.266 -10 -11 5.850 3.509 4.520805 5.850 100 1 0
 190 236.236 618.646 -10 -11 0.780 1.169 0.362667 1.169 100 1 0
 191 242.476 759.241 -10 -11 1.560 0.779 1.389824 1.560 100 1 0
 192 243.841 618.841 -10 -11 1.950 1.559 1.816315 1.950 100 1 0
 193 246.571 614.161 -10 -11 1.950 3.119 3.421473 3.119 100 1 0
 194 258.076 579.841 -10 -11 2.340 0.779 0.480175 2.340 100 1 0
 195 264.121 583.546 -10 -11 1.950 1.169 0.475403 1.950 100 1 0
 196 272.506 765.286 -10 -11 2.340 5.069 2.959788 5.069 100 1 0
 197 273.676 754.756 -10 -11 4.680 9.749 8.707576 9.749 100 1 0
 198 276.406 565.801 -10 -11 2.340 1.559 2.063262 2.340 100 1 0
 199 288.496 548.446 -10 -11 0.780 0.389 0.350140 0.780 100 1 0
 200 289.666 776.791 -10 -11 1.560 0.779 0.736666 1.560 100 1 0
 201 292.786 542.986 -10 -11 0.780 1.169 0.248737 1.169 100 1 0
 202 302.146 766.066 -10 -11 7.020 6.629 6.655647 7.020 100 1 0
 203 306.241 529.531 -10 -11 8.970 10.139 11.987084 10.139 100 1 0
 204 307.801 758.071 -10 -11 4.290 3.119 4.164104 4.290 100 1 0
 205 332.176 572.041 -10 -11 3.120 0.779 0.838070 3.120 100 1 0
 206 337.636 565.801 -10 -11 3.900 1.559 2.944876 3.900 100 1 0
 207 345.826 677.926 -10 -11 8.580 8.189 11.465154 8.580 100 1 0
 208 358.306 656.476 -10 -11 21.840 30.809 20.686308 30.809 100 1 0
 209 363.961 482.537 -10 -11 12.870 8.969 12.168417 12.870 100 1 0
 210 401.596 589.981 -10 -11 3.120 4.679 2.282175 4.679 100 1 0
 211 405.496 590.176 -10 -11 0.780 0.389 0.456316 0.780 100 1 0
 212 407.251 471.617 -10 -11 1.170 1.169 1.478701 1.170 100 1 0
 213 413.101 469.667 -10 -11 1.170 0.389 0.297649 1.170 100 1 0
 214 418.561 565.216 -10 -11 10.530 23.789 18.708940 23.789 100 1 0
 215 417.976 466.742 -10 -11 0.780 2.339 0.326877 2.339 100 1 0
 216 422.656 549.811 -10 -11 0.780 0.779 0.418737 0.780 100 1 0
 217 429.286 463.817 -10 -11 5.460 1.169 3.476946 5.460 100 1 0
 218 431.236 503.207 -10 -11 0.780 4.289 3.603999 4.289 100 1 0
 219 433.576 459.917 -10 -11 4.680 2.729 3.381508 4.680 100 1 0
 220 432.796 489.557 -10 -11 0.780 0.389 0.292877 0.780 100 1 0
 221 435.331 503.792 -10 -11 0.390 3.119 1.644526 3.119 100 1 0
 222 435.331 497.357 -10 -11 0.390 0.389 0.393684 0.390 100 1 0
 223 435.331 479.807 -10 -11 0.390 1.169 0.520737 1.169 100 1 0
 224 435.331 467.327 -10 -11 0.390 0.389 0.320912 0.390 100 1 0
 225 473.942 326.147 -10 -11 3.510 1.949 2.347192 3.510 100 1 0
 226 474.332 329.462 -10 -11 1.950 0.779 1.223403 1.950 100 1 0
 227 474.527 296.117 -10 -11 2.340 3.509 3.657683 3.509 100 1 0
 228 481.742 327.707 -10 -11 1.950 0.389 0.912631 1.950 100 1 0
 229 487.787 271.547 -10 -11 3.120 3.509 3.159613 3.509 100 1 0
 230 488.762 327.317 -10 -11 3.510 4.289 4.776104 4.289 100 1 0
 231 488.567 277.202 -10 -11 3.120 3.119 3.667227 3.120 100 1 0
 232 493.637 271.352 -10 -11 3.900 3.899 4.548244 3.900 100 1 0
 233 501.242 324.002 -10 -11 2.730 1.559 2.209403 2.730 100 1 0
 234 502.022 318.347 -10 -11 1.950 1.949 2.009578 1.950 100 1 0
 235 512.746 251.072 -10 -11 0.780 0.779 0.623930 0.780 100 1 0
 236 515.282 319.712 -10 -11 1.170 3.119 2.880455 3.119 100 1 0
 237 515.282 311.717 -10 -11 1.170 1.169 1.609929 1.170 100 1 0
 238 528.152 325.757 -10 -11 3.510 1.169 2.754596 3.510 100 1 0
 239 528.542 348.767 -10 -11 2.730 5.849 6.311472 5.849 100 1 0
 240 528.932 321.272 -10 -11 1.950 0.779 1.514491 1.950 100 1 0
 241 535.757 336.677 -10 -11 1.560 1.949 1.182245 1.949 100 1 0
 242 542.387 323.417 -10 -11 1.560 1.949 2.344210 1.949 100 1 0
 243 555.257 316.007 -10 -11 2.340 1.949 2.173613 2.340 100 1 0
 244 555.647 311.522 -10 -11 1.560 0.779 1.491228 1.560 100 1 0
 245 569.882 315.617 -10 -11 2.730 1.169 2.097262 2.730 100 1 0
 246 582.557 313.277 -10 -11 1.560 1.169 1.768596 1.560 100 1 0
 247 596.987 306.257 -10 -11 3.120 7.409 4.956840 7.409 100 1 0
 248 601.862 296.702 -10 -11 1.170 0.779 0.349544 1.170 100 1 0
 249 604.982 297.482 -10 -11 1.170 1.559 0.478982 1.559 100 1 0
 250 613.172 280.712 -10 -11 14.430 22.619 11.559996 22.619 100 1 0
 251 618.827 265.112 -10 -11 0.780 1.559 0.410386 1.559 100 1 0
 252 622.337 265.307 -10 -11 0.780 1.169 0.301228 1.169 100 1 0
 253 625.652 252.437 -10 -11 1.170 0.389 0.382947 1.170 100 1 0
 254 629.162 252.047 -10 -11 1.170 1.169 0.491509 1.170 100 1 0
 255 632.867 238.397 -10 -11 0.780 1.169 0.382351 1.169 100 1 0
 256 633.257 243.662 -10 -11 0.780 0.779 0.271403 0.780 100 1 0
 257 1498.704 3346.030 -10 -12 1.170 0.389 0.359088 1.170 100 1 0
 258 1461.068 3346.030 -10 -12 2.340 0.389 0.651965 2.340 100 1 0
 259 1446.638 3346.030 -10 -12 1.560 0.389 0.471228 1.560 100 1 0
 260 1428.308 3359.875 -10 -12 3.900 2.339 2.686596 3.900 100 1 0
 261 1417.973 3359.680 -10 -12 1.950 0.389 0.259474 1.950 100 1 0
 262 1387.748 3531.280 -10 -12 9.360 11.309 9.908312 11.309 100 1 0
 263 1374.878 3541.225 -10 -12 1.560 1.559 1.574140 1.560 100 1 0
 264 1368.053 3548.635 -10 -12 8.189 5.459 6.598384 8.189 100 1 0
 265 1363.958 3554.680 -10 -12 0.780 0.389 0.407403 0.780 100 1 0
 266 1353.818 3560.335 -10 -12 2.340 1.559 0.913824 2.340 100 1 0
 267 1334.513 3462.250 -10 -12 6.630 10.529 7.945260 10.529 100 1 0
 268 1327.493 3473.950 -10 -12 1.170 0.389 0.515368 1.170 100 1 0
 269 1309.748 3560.920 -10 -12 2.340 0.389 0.878631 2.340 100 1 0
 270 1305.653 3518.020 -10 -12 1.950 2.729 0.603649 2.729 100 1 0
 271 1301.168 3560.920 -10 -12 0.780 0.389 0.428877 0.780 100 1 0
 272 1136.783 3830.410 -10 -12 3.510 1.949 1.402947 3.510 100 1 0
 273 1125.863 3839.575 -10 -12 1.950 0.779 0.603052 1.950 100 1 0
 274 1122.548 3811.885 -10 -12 0.780 0.779 0.657930 0.780 100 1 0
 275 1118.843 3811.885 -10 -12 1.170 0.779 0.401438 1.170 100 1 0
 276 1116.113 3865.120 -10 -12 1.950 2.729 0.426491 2.729 100 1 0
 277 1115.918 3828.850 -10 -12 2.340 1.169 0.614982 2.340 100 1 0
 278 1111.433 3877.990 -10 -12 1.170 0.389 0.392491 1.170 100 1 0
 279 1107.728 3890.080 -10 -12 0.780 0.389 0.232632 0.780 100 1 0
 280 1102.658 3829.825 -10 -12 3.900 3.119 2.508841 3.900 100 1 0
 281 1096.223 3829.825 -10 -12 3.510 3.119 2.116947 3.510 100 1 0
 282 1058.392 3976.075 -10 -12 5.850 3.119 4.162314 5.850 100 1 0
 283 1052.152 3985.630 -10 -12 1.170 1.169 0.363263 1.170 100 1 0
 284 1047.665 3985.825 -10 -12 2.340 2.339 2.515999 2.340 100 1 0
 285 1042.790 3996.550 -10 -12 1.170 1.169 0.887579 1.170 100 1 0
 286 1038.697 3996.550 -10 -12 1.560 1.169 1.148245 1.560 100 1 0
 287 1036.552 3867.070 -10 -12 3.510 1.949 1.220421 3.510 100 1 0
 288 972.397 3912.895 -10 -12 0.780 0.779 0.189684 0.780 100 1 0
 289 967.717 3927.715 -10 -12 0.780 0.779 0.278561 0.780 100 1 0
 290 964.402 3922.060 -10 -12 0.390 0.389 0.326281 0.390 100 1 0
 291 955.822 3943.120 -10 -12 4.290 6.629 1.701192 6.629 100 1 0
 292 953.872 4057.195 -10 -12 0.390 0.779 0.323298 0.779 100 1 0
 293 953.872 4051.540 -10 -12 0.390 1.169 0.441403 1.169 100 1 0
 294 953.872 3934.540 -10 -12 0.390 1.169 0.505228 1.169 100 1 0
 295 923.062 3986.995 -10 -12 0.390 2.339 0.805263 2.339 100 1 0
 296 920.917 3981.535 -10 -12 1.560 2.339 0.953789 2.339 100 1 0
 297 917.992 3994.990 -10 -12 0.390 0.389 0.178947 0.390 100 1 0
 298 914.677 3992.845 -10 -12 0.780 0.779 0.266035 0.780 100 1 0
 299 911.362 4000.060 -10 -12 0.390 0.389 0.189088 0.390 100 1 0
 300 910.192 4006.300 -10 -12 1.950 3.509 0.372807 3.509 100 1 0
 301 1490.399 3323.215 -10 -12 6.240 3.119 5.939261 6.240 100 1 0
 302 4761.647 2349.769 -9 -12 1.560 1.949 0.456316 1.949 0 1 0
 303 4755.992 2496.604 -9 -12 1.170 0.779 0.753965 1.170 0 1 0
 304 4753.262 2376.874 -9 -12 2.730 3.119 0.839263 3.119 0 1 0
 305 4753.067 2362.444 -9 -12 1.560 2.339 0.518947 2.339 77 1 0
 306 4743.902 2376.484 -9 -12 2.730 3.899 0.878035 3.899 0 1 0
 307 4679.162 2496.019 -9 -12 1.170 1.949 1.451859 1.949 0 1 0
 308 1560.907 3814.650 15 -14 2.340 1.169 0.617368 2.340 2 1 0
 309 4773.312 2696.709 -2 -14 1.170 2.339 0.867894 2.339 78 1 0
 310 4479.676 1012.000 0 -15 0.780 0.389 0.331053 0.780 78 1 0
 311 3641.562 2168.257 10 -18 1.560 1.949 0.319719 1.949 0 1 0
 312 3637.467 2180.347 10 -18 0.390 0.389 0.083509 0.390 77 1 0
 313 3630.837 2178.202 10 -18 1.170 1.559 0.326877 1.559 0 1 0
 314 3904.584 1226.143 5 -18 0.780 1.169 0.233228 1.169 100 1 0
 315 3904.974 1231.408 5 -18 0.780 0.779 0.106772 0.780 100 1 0
 316 3907.119 1239.988 5 -18 2.730 2.339 1.521052 2.730 100 1 0
 317 3914.139 1207.813 5 -18 4.290 5.069 2.604280 5.069 100 1 0
 318 3919.209 1204.108 5 -18 1.170 2.339 0.347754 2.339 100 1 0
 319 3929.154 1200.403 5 -18 2.340 2.729 0.709228 2.729 100 1 0
 320 3968.739 1340.608 5 -18 0.390 1.559 0.464667 1.559 100 1 0
 321 3975.174 1342.168 5 -18 0.780 1.559 0.541017 1.559 100 1 0
 322 3983.364 1343.338 5 -18 0.780 1.559 0.822561 1.559 100 1 0
 323 3989.214 1343.728 5 -18 1.560 1.559 0.929930 1.560 100 1 0
 324 3995.844 1343.728 5 -18 3.120 1.559 1.649894 3.120 100 1 0
 325 4000.329 1228.093 5 -18 1.170 1.949 1.259789 1.949 100 1 0
 326 4004.620 1342.948 5 -18 1.950 1.559 0.896526 1.950 100 1 0
 327 4008.325 1279.378 5 -18 3.900 15.599 6.692629 15.599 100 1 0
 328 4007.935 1240.378 5 -18 3.120 9.359 4.485613 9.359 100 1 0
 329 4014.565 1341.388 5 -18 10.140 3.119 4.623402 10.140 100 1 0
 330 4611.461 1463.458 5 -18 8.189 2.339 5.846209 8.189 100 1 0
 331 4632.716 1471.453 5 -18 4.680 2.729 1.122596 4.680 100 1 0
 332 4643.051 1475.158 5 -18 4.290 3.119 2.473648 4.290 100 1 0
 333 4694.531 1489.588 5 -18 1.950 0.779 0.317930 1.950 100 1 0
 334 4730.606 1499.533 5 -18 23.400 7.409 2.585789 23.400 100 1 0
 335 4754.786 1506.943 5 -18 2.340 1.169 1.211473 2.340 100 1 0
 336 955.626 2105.947 2 -22 0.780 0.779 0.362070 0.780 77 1 0;
EndOfFile;
