FileVersion 1 2;
FileTimestamp 06-06-19 18:19:55;
InspectionStationID "NONE" "2365 WITH 10.4 SW" "IPS205";
SampleType WAFER;
ResultTimestamp 03-31-18 07:43:20;
LotID "182M54";
SampleSize 1 200;
DeviceID "MA65";
SetupID "MA65_M2CWCMP" 03-31-18 05:19:42;
StepID "M2CWCMP";
SampleOrientationMarkType NOTCH;
OrientationMarkLocation DOWN;
DiePitch 5.0438820000e+03 4.2533320000e+03;
DieOrigin 0.0000000000e+00 0.0000000000e+00;
WaferID "@03";
Slot 3;
SampleCenterLocation 5.1854660000e+03 -1.9998830000e+03;
ClassLookup 74
  0 "Uncategorized"
  1 "Small PT"
  2 "Medium PT"
  3 "Large PT"
  4 "Polymer"
  5 "Flake PT"
  6 "Scratch"
  9 "Other Defect"
  10 "Other Residue"
  11 "Wet Residue"
  13 "W Residue"
  14 "PR Residue"
  15 "Liquid Mark"
  16 "Thread Defect"
  20 "Pits"
  22 "Pattern Deformed"
  23 "Defocus"
  24 "PR BUBBLE"
  25 "Crown Defect"
  27 "Bead Defect"
  30 "CMP Scratch"
  31 "Minor CMP Scratch"
  35 "Rip Out"
  40 "Protrusion"
  42 "Top Blocked"
  43 "Bottom Blocked"
  44 "Line broken"
  45 "Metal Corrosion"
  46 "Galvanic Corrosion"
  51 "PR Popping"
  52 "Salicide Bad"
  53 "STI Dimple"
  59 "W Void"
  60 "AA Dep PT"
  61 "GC Dep PT"
  62 "CVD Dep PT"
  63 "Metal Dep PT"
  73 "Cone Defect"
  74 "Metal Depression"
  77 "Underlayer"
  78 "NUISANCE/FALSE"
  79 "Metal Grain"
  80 "Don't Care/Minor"
  95 "Missing AI"
  99 "test2"
  100 "Cluster"
  101 "CU CMP Scratch"
  102 "CU Void"
  103 "2_PO Missing"
  104 "CU Pattern Open"
  105 "CU Remain"
  106 "Circle CU Remain"
  107 "CU CVD PT"
  108 "CU Eclips"
  109 "CU CMP Residue"
  110 "Minor CU CMP Scratch"
  111 "CMP PT"
  112 "CU SEAM PT"
  113 "CU Ox"
  114 "CU Pattern Open(Minor)"
  116 "1_PO Missing"
  117 "PAD Abnormality"
  150 "Guard Ring Circle Defect"
  151 "EBR Circle Defect"
  152 "PAD Hillock"
  153 "PAD Residue"
  154 "PAD Hole"
  155 "Color PR Residue"
  201 "Bin 1"
  202 "Bin 2"
  203 "Bin 3"
  204 "Bin 4"
  205 "Bin 5"
  206 "Bin 6"  ;
OrientationInstructions "";
InspectionTest 1;
SampleTestPlan 1298
  -18 -1 
  -17 -8 
  -17 1 
  -17 5 
  -16 -9 
  -16 1 
  -16 4 
  -15 -5 
  -15 -3 
  -15 -1 
  -14 -10 
  -14 -5 
  -14 2 
  -14 3 
  -13 -11 
  -13 8 
  -12 -11 
  -12 -10 
  -12 5 
  -12 12 
  -11 -13 
  -11 0 
  -11 12 
  -10 -10 
  -10 17 
  -9 -17 
  -9 3 
  -9 5 
  -9 12 
  -9 14 
  -8 -20 
  -8 -19 
  -8 -18 
  -8 -17 
  -8 -14 
  -8 -4 
  -8 5 
  -7 -16 
  -7 -8 
  -7 -5 
  -7 4 
  -7 12 
  -7 14 
  -6 -13 
  -6 -5 
  -6 1 
  -6 4 
  -6 13 
  -6 15 
  -6 18 
  -5 -17 
  -5 -8 
  -5 -6 
  -5 -2 
  -5 0 
  -5 11 
  -5 16 
  -4 -10 
  -4 -4 
  -4 11 
  -3 -11 
  -3 -10 
  -3 -6 
  -2 -19 
  -2 -5 
  -2 -3 
  -2 0 
  -2 6 
  -2 15 
  -1 -20 
  -1 -12 
  -1 -10 
  -1 4 
  -1 11 
  -1 17 
  0 -23 
  0 -20 
  0 -19 
  0 -17 
  0 -10 
  0 -5 
  0 5 
  0 15 
  0 17 
  0 19 
  0 20 
  1 -13 
  1 -5 
  1 -1 
  1 11 
  1 15 
  1 18 
  2 -19 
  2 -17 
  2 -5 
  3 -7 
  3 16 
  3 20 
  4 -18 
  4 -14 
  4 17 
  5 -13 
  5 -12 
  5 -9 
  5 0 
  5 9 
  6 7 
  7 -16 
  7 -12 
  7 0 
  7 9 
  7 13 
  8 -20 
  8 -17 
  8 -16 
  8 -9 
  8 11 
  8 14 
  9 -9 
  9 13 
  10 -9 
  10 -3 
  10 0 
  10 6 
  10 8 
  10 12 
  11 -3 
  11 0 
  11 1 
  11 5 
  11 14 
  12 -7 
  12 14 
  13 -4 
  13 11 
  14 -16 
  14 -10 
  14 6 
  14 8 
  14 11 
  16 -12 
  17 -7 
  17 1 
  17 8 
  18 0 
  18 6 
  -17 -1 
  -17 3 
  -16 -1 
  -15 -4 
  -15 3 
  -15 5 
  -15 11 
  -14 -13 
  -14 -12 
  -14 -3 
  -14 -1 
  -14 7 
  -14 9 
  -13 -16 
  -13 -10 
  -13 1 
  -13 7 
  -13 10 
  -12 -17 
  -12 -8 
  -12 4 
  -12 14 
  -11 -18 
  -11 -17 
  -11 -8 
  -11 -3 
  -10 -16 
  -10 -12 
  -10 -11 
  -10 -5 
  -10 -4 
  -10 7 
  -10 8 
  -9 -13 
  -9 -11 
  -9 -8 
  -9 4 
  -9 8 
  -8 -7 
  -8 0 
  -8 9 
  -7 -21 
  -7 -20 
  -7 -13 
  -7 -9 
  -7 8 
  -6 -11 
  -6 -4 
  -6 8 
  -6 10 
  -6 11 
  -6 16 
  -6 19 
  -5 -18 
  -5 -16 
  -5 -14 
  -5 6 
  -5 7 
  -5 10 
  -5 13 
  -5 18 
  -4 -21 
  -4 -2 
  -4 2 
  -4 13 
  -3 -7 
  -3 1 
  -3 3 
  -3 5 
  -3 14 
  -2 -17 
  -2 17 
  -1 -23 
  -1 -9 
  -1 -4 
  -1 -3 
  -1 1 
  -1 2 
  -1 19 
  0 -6 
  0 4 
  0 6 
  0 10 
  0 16 
  1 -23 
  1 -18 
  1 -8 
  1 0 
  1 7 
  1 17 
  1 19 
  1 20 
  2 -13 
  2 -11 
  2 -10 
  2 0 
  2 6 
  2 11 
  3 -23 
  3 -22 
  3 -2 
  3 7 
  4 -6 
  4 1 
  4 2 
  4 10 
  4 20 
  5 -20 
  5 -19 
  5 -15 
  5 -14 
  5 -4 
  5 14 
  5 18 
  6 -10 
  6 -1 
  6 20 
  7 -20 
  7 -19 
  7 -13 
  7 -11 
  7 1 
  7 5 
  7 7 
  7 17 
  8 -7 
  8 -4 
  8 -1 
  8 1 
  8 3 
  8 16 
  8 18 
  9 -5 
  9 9 
  9 15 
  10 -18 
  10 -10 
  10 -7 
  10 -6 
  11 -19 
  11 -14 
  11 -11 
  11 -5 
  11 -4 
  11 7 
  11 16 
  11 17 
  12 -9 
  12 -6 
  12 -3 
  12 0 
  12 11 
  13 -9 
  13 -7 
  13 3 
  13 5 
  13 12 
  14 -9 
  14 -7 
  14 -5 
  14 -4 
  14 -1 
  14 3 
  15 -5 
  15 0 
  15 12 
  16 -11 
  16 -10 
  16 -8 
  16 4 
  16 5 
  16 7 
  17 4 
  17 9 
  18 2 
  18 3 
  18 4 
  19 -1 
  -17 -3 
  -16 -10 
  -16 -5 
  -16 -4 
  -16 3 
  -16 8 
  -15 -9 
  -15 7 
  -15 9 
  -14 -8 
  -14 0 
  -14 1 
  -13 -4 
  -13 4 
  -12 -13 
  -12 -2 
  -12 13 
  -11 -14 
  -11 -9 
  -11 -6 
  -11 -2 
  -11 15 
  -10 -17 
  -10 -1 
  -10 0 
  -10 1 
  -10 9 
  -10 13 
  -9 -16 
  -9 -9 
  -9 9 
  -9 10 
  -8 -16 
  -8 -10 
  -8 -6 
  -8 7 
  -8 11 
  -8 16 
  -7 -18 
  -7 -17 
  -7 -14 
  -7 -11 
  -7 -3 
  -6 -16 
  -6 -8 
  -6 -6 
  -6 -1 
  -6 9 
  -5 -10 
  -5 3 
  -5 12 
  -4 -15 
  -4 -13 
  -4 -9 
  -4 6 
  -4 18 
  -3 -15 
  -3 10 
  -3 11 
  -3 17 
  -3 18 
  -3 20 
  -2 -22 
  -2 -20 
  -2 -10 
  -2 -9 
  -2 14 
  -2 19 
  -1 -17 
  -1 7 
  -1 8 
  0 -21 
  0 -4 
  0 0 
  0 13 
  1 -3 
  1 10 
  1 16 
  2 -15 
  2 -6 
  2 2 
  2 13 
  2 14 
  3 -20 
  3 -5 
  3 11 
  3 15 
  3 18 
  3 19 
  4 -9 
  4 -7 
  4 -3 
  4 12 
  4 14 
  4 15 
  5 -22 
  5 -7 
  5 -6 
  5 -3 
  5 17 
  5 19 
  6 -17 
  6 -16 
  6 -8 
  6 -2 
  6 8 
  6 14 
  6 16 
  6 17 
  7 -18 
  7 -6 
  7 12 
  7 14 
  7 18 
  7 19 
  8 -19 
  8 -15 
  8 -8 
  8 0 
  8 6 
  9 -20 
  9 -18 
  9 -10 
  9 -8 
  9 -2 
  9 3 
  10 -17 
  10 -8 
  10 -2 
  10 15 
  11 -13 
  11 -10 
  11 12 
  12 -14 
  12 -13 
  12 9 
  12 10 
  12 15 
  13 -17 
  13 -13 
  13 -5 
  13 -3 
  13 2 
  13 4 
  13 8 
  14 -13 
  14 1 
  14 10 
  14 14 
  15 -2 
  15 -1 
  16 -6 
  16 -5 
  16 11 
  17 -6 
  18 -5 
  -18 -2 
  -17 2 
  -17 6 
  -16 7 
  -16 9 
  -15 -8 
  -15 4 
  -14 -4 
  -14 4 
  -13 -15 
  -13 -12 
  -13 -8 
  -13 -2 
  -13 5 
  -13 12 
  -12 -16 
  -12 -4 
  -12 8 
  -12 11 
  -11 -12 
  -11 4 
  -11 6 
  -11 7 
  -11 9 
  -10 -15 
  -10 -14 
  -10 5 
  -10 10 
  -10 11 
  -10 16 
  -9 -15 
  -9 -5 
  -8 -8 
  -8 -1 
  -8 17 
  -7 -7 
  -7 -4 
  -7 -1 
  -7 3 
  -7 11 
  -7 18 
  -6 -21 
  -6 -17 
  -6 -15 
  -6 -10 
  -6 -3 
  -5 -4 
  -5 -3 
  -5 15 
  -4 -17 
  -4 -11 
  -4 1 
  -4 3 
  -4 4 
  -4 7 
  -3 -21 
  -3 -1 
  -3 0 
  -3 2 
  -3 4 
  -3 6 
  -3 15 
  -2 -16 
  -2 -7 
  -2 1 
  -2 7 
  -2 13 
  -2 16 
  -1 -6 
  -1 3 
  -1 6 
  -1 9 
  0 -14 
  0 -11 
  0 -9 
  0 -8 
  0 1 
  0 3 
  0 11 
  1 -15 
  1 -7 
  1 -6 
  2 -18 
  2 -16 
  2 -9 
  2 -3 
  2 5 
  2 10 
  2 12 
  3 -21 
  3 -16 
  3 -15 
  3 -14 
  3 -11 
  3 -9 
  3 -3 
  3 3 
  3 5 
  3 9 
  4 -19 
  4 -15 
  4 3 
  4 7 
  4 11 
  5 -18 
  5 -17 
  5 -16 
  5 -1 
  5 5 
  5 8 
  5 12 
  6 -15 
  6 -14 
  6 -12 
  6 -11 
  6 3 
  6 6 
  6 11 
  7 -4 
  7 -3 
  7 2 
  7 10 
  7 11 
  7 15 
  8 -13 
  8 -5 
  8 -2 
  8 13 
  9 -13 
  9 14 
  9 18 
  10 -11 
  10 5 
  10 10 
  10 17 
  11 -8 
  11 6 
  11 8 
  11 10 
  11 13 
  12 -2 
  12 3 
  13 -16 
  13 0 
  13 1 
  13 7 
  13 9 
  14 -14 
  14 -12 
  14 -11 
  14 -3 
  15 -6 
  16 -13 
  16 -7 
  16 8 
  17 -10 
  17 -8 
  17 -2 
  17 0 
  17 5 
  18 -7 
  18 1 
  19 -2 
  19 0 
  -17 -7 
  -17 0 
  -15 -13 
  -15 -12 
  -15 -11 
  -15 -10 
  -15 -7 
  -15 0 
  -15 1 
  -14 -14 
  -14 -9 
  -14 -2 
  -14 12 
  -13 -6 
  -12 -9 
  -12 -6 
  -12 -1 
  -12 3 
  -12 15 
  -11 -16 
  -11 -15 
  -11 -1 
  -10 4 
  -10 14 
  -9 -10 
  -9 -7 
  -9 -2 
  -8 -15 
  -8 -3 
  -8 1 
  -8 4 
  -8 10 
  -8 14 
  -7 9 
  -7 15 
  -6 -14 
  -6 -12 
  -6 0 
  -6 2 
  -6 14 
  -5 -12 
  -5 8 
  -5 9 
  -4 -14 
  -4 10 
  -4 14 
  -4 15 
  -4 19 
  -4 20 
  -3 -13 
  -3 -8 
  -3 13 
  -2 -21 
  -2 -18 
  -2 -11 
  -2 -6 
  -2 -2 
  -2 -1 
  -1 -16 
  -1 -14 
  -1 -7 
  -1 -5 
  -1 -2 
  -1 12 
  -1 13 
  -1 14 
  -1 18 
  -1 20 
  0 -16 
  0 -12 
  0 -2 
  0 -1 
  1 -14 
  1 2 
  1 4 
  1 5 
  1 8 
  2 -21 
  2 -8 
  2 -7 
  2 -4 
  2 15 
  3 -17 
  3 -12 
  3 -6 
  3 10 
  4 -20 
  4 -17 
  4 -11 
  4 -8 
  4 8 
  4 16 
  5 -11 
  5 1 
  5 2 
  5 4 
  5 11 
  6 -22 
  6 -7 
  6 -5 
  6 0 
  6 9 
  6 10 
  6 12 
  6 13 
  7 -15 
  7 6 
  8 -10 
  8 -3 
  8 7 
  8 15 
  9 -7 
  9 -4 
  9 -3 
  9 2 
  9 6 
  9 7 
  10 -13 
  10 -5 
  10 2 
  10 13 
  11 2 
  11 15 
  12 -15 
  12 -12 
  12 -10 
  12 -1 
  12 1 
  12 4 
  12 7 
  12 12 
  12 13 
  12 16 
  13 -14 
  13 -2 
  13 -1 
  13 13 
  13 14 
  13 15 
  14 -15 
  14 -8 
  14 -6 
  15 -10 
  15 -9 
  15 1 
  16 -3 
  16 -1 
  16 3 
  16 6 
  17 -4 
  18 -6 
  18 -3 
  18 5 
  -18 -3 
  -18 1 
  -17 -6 
  -17 -5 
  -16 -11 
  -16 -6 
  -15 -6 
  -15 6 
  -15 8 
  -14 -11 
  -14 -7 
  -14 -6 
  -14 8 
  -14 10 
  -13 -13 
  -13 -3 
  -13 0 
  -13 9 
  -13 11 
  -12 -15 
  -12 1 
  -11 -7 
  -11 13 
  -11 14 
  -11 16 
  -10 2 
  -10 3 
  -10 6 
  -10 15 
  -9 -19 
  -9 -18 
  -9 -12 
  -9 -3 
  -9 0 
  -9 6 
  -9 7 
  -9 13 
  -8 -13 
  -8 -5 
  -8 2 
  -8 15 
  -7 -12 
  -7 -2 
  -7 5 
  -7 6 
  -7 7 
  -7 13 
  -7 19 
  -6 -2 
  -6 5 
  -5 -22 
  -5 -19 
  -5 -11 
  -5 -9 
  -5 -5 
  -5 2 
  -5 4 
  -5 17 
  -5 19 
  -5 20 
  -4 -8 
  -4 17 
  -3 -20 
  -3 -19 
  -3 -17 
  -3 -12 
  -3 -2 
  -3 8 
  -3 16 
  -3 19 
  -2 -12 
  -2 -4 
  -2 2 
  -2 3 
  -2 4 
  -2 10 
  -2 11 
  -2 18 
  -1 -18 
  -1 -11 
  -1 0 
  -1 10 
  0 -15 
  1 -22 
  1 -21 
  1 1 
  1 6 
  1 9 
  1 12 
  1 13 
  2 -20 
  2 16 
  2 17 
  3 -18 
  3 -4 
  3 4 
  3 12 
  3 13 
  4 -10 
  4 -5 
  4 -2 
  4 13 
  5 -5 
  5 -2 
  5 3 
  5 6 
  5 10 
  5 15 
  6 -18 
  6 1 
  6 2 
  6 18 
  6 19 
  7 -9 
  7 8 
  8 -18 
  8 -14 
  8 19 
  9 -19 
  9 -16 
  9 -15 
  9 5 
  9 11 
  9 12 
  9 16 
  10 -19 
  10 -16 
  10 -4 
  10 14 
  10 16 
  11 -18 
  11 -16 
  11 -15 
  11 -7 
  11 -2 
  11 9 
  12 -16 
  12 -11 
  12 -4 
  13 -12 
  13 -8 
  13 10 
  14 12 
  14 13 
  15 -13 
  15 -8 
  15 -3 
  15 5 
  15 6 
  15 11 
  16 -2 
  16 0 
  16 9 
  17 -11 
  17 -9 
  17 -3 
  17 2 
  18 -8 
  18 -1 
  19 2 
  -18 0 
  -16 -8 
  -16 -3 
  -16 -2 
  -16 0 
  -16 2 
  -16 5 
  -15 2 
  -15 10 
  -14 5 
  -14 6 
  -14 11 
  -13 -9 
  -13 -5 
  -13 -1 
  -13 3 
  -13 14 
  -12 -14 
  -12 -12 
  -12 -5 
  -12 2 
  -12 10 
  -11 -11 
  -11 -5 
  -11 2 
  -11 10 
  -11 11 
  -10 -19 
  -10 -18 
  -10 -13 
  -10 -9 
  -10 -3 
  -10 12 
  -9 -14 
  -9 -6 
  -9 -4 
  -9 -1 
  -8 -9 
  -8 -2 
  -8 3 
  -8 6 
  -8 12 
  -8 13 
  -8 18 
  -7 -6 
  -7 0 
  -7 1 
  -7 10 
  -6 -19 
  -6 -18 
  -6 -9 
  -6 -7 
  -6 12 
  -5 -13 
  -5 -7 
  -5 5 
  -4 -16 
  -4 0 
  -4 8 
  -4 9 
  -4 12 
  -4 16 
  -3 -4 
  -3 -3 
  -3 9 
  -2 -15 
  -2 8 
  -1 -22 
  -1 -21 
  -1 -19 
  -1 -15 
  -1 -8 
  -1 15 
  0 -22 
  0 -18 
  0 -13 
  0 -3 
  0 2 
  0 9 
  0 12 
  0 14 
  0 18 
  1 -20 
  1 -19 
  1 -17 
  1 -12 
  1 -10 
  1 -9 
  1 -2 
  2 -12 
  2 -1 
  2 1 
  2 4 
  2 7 
  2 8 
  2 19 
  2 20 
  3 -19 
  3 -10 
  3 -8 
  3 1 
  3 6 
  3 14 
  4 -22 
  4 -21 
  4 -13 
  4 -12 
  4 -4 
  4 -1 
  4 6 
  4 9 
  4 18 
  4 19 
  5 -21 
  5 -10 
  5 -8 
  5 7 
  5 16 
  5 20 
  6 -21 
  6 -20 
  6 -9 
  6 -6 
  6 -4 
  6 4 
  6 15 
  7 -21 
  7 -17 
  7 -14 
  7 -8 
  7 -5 
  7 -1 
  8 -12 
  8 2 
  8 9 
  8 10 
  9 -17 
  9 -12 
  9 -11 
  9 -1 
  9 4 
  9 10 
  9 17 
  10 -15 
  10 1 
  10 4 
  10 11 
  10 18 
  11 -17 
  11 -1 
  11 3 
  11 4 
  12 -18 
  12 -17 
  12 -5 
  13 -11 
  13 6 
  14 2 
  14 4 
  14 7 
  15 -14 
  15 -11 
  15 -7 
  15 -4 
  15 2 
  15 4 
  15 8 
  15 9 
  15 10 
  16 -9 
  16 10 
  17 -5 
  17 -1 
  17 3 
  17 6 
  17 7 
  18 -4 
  19 -4 
  19 -3 
  -17 -4 
  -17 -2 
  -17 4 
  -16 -7 
  -16 6 
  -15 -2 
  -13 -14 
  -13 -7 
  -13 2 
  -13 6 
  -13 13 
  -12 -7 
  -12 -3 
  -12 0 
  -12 6 
  -12 7 
  -12 9 
  -11 -10 
  -11 -4 
  -11 1 
  -11 3 
  -11 5 
  -11 8 
  -10 -8 
  -10 -7 
  -10 -6 
  -10 -2 
  -9 1 
  -9 2 
  -9 11 
  -9 15 
  -9 16 
  -9 17 
  -8 -12 
  -8 -11 
  -8 8 
  -7 -19 
  -7 -15 
  -7 -10 
  -7 2 
  -7 16 
  -7 17 
  -6 -20 
  -6 3 
  -6 6 
  -6 7 
  -6 17 
  -5 -21 
  -5 -20 
  -5 -15 
  -5 -1 
  -5 1 
  -5 14 
  -4 -22 
  -4 -20 
  -4 -19 
  -4 -18 
  -4 -12 
  -4 -7 
  -4 -6 
  -4 -5 
  -4 -3 
  -4 -1 
  -4 5 
  -3 -22 
  -3 -18 
  -3 -16 
  -3 -14 
  -3 -9 
  -3 -5 
  -3 7 
  -3 12 
  -2 -14 
  -2 -13 
  -2 -8 
  -2 5 
  -2 9 
  -2 12 
  -2 20 
  -1 -13 
  -1 -1 
  -1 5 
  -1 16 
  0 -7 
  0 7 
  0 8 
  1 -16 
  1 -11 
  1 -4 
  1 3 
  1 14 
  2 -23 
  2 -22 
  2 -14 
  2 -2 
  2 3 
  2 9 
  2 18 
  3 -13 
  3 -1 
  3 0 
  3 2 
  3 8 
  3 17 
  4 -16 
  4 0 
  4 4 
  4 5 
  5 13 
  6 -19 
  6 -13 
  6 -3 
  6 5 
  7 -10 
  7 -7 
  7 -2 
  7 3 
  7 4 
  7 16 
  8 -21 
  8 -11 
  8 -6 
  8 4 
  8 5 
  8 8 
  8 12 
  8 17 
  9 -14 
  9 -6 
  9 0 
  9 1 
  9 8 
  10 -14 
  10 -12 
  10 -1 
  10 3 
  10 7 
  10 9 
  11 -12 
  11 -9 
  11 -6 
  11 11 
  12 -8 
  12 2 
  12 5 
  12 6 
  12 8 
  13 -15 
  13 -10 
  13 -6 
  14 -2 
  14 0 
  14 5 
  14 9 
  15 -12 
  15 3 
  15 7 
  16 -4 
  16 1 
  16 2 
  18 -2 
  19 1 ;
AreaPerTest 1.6740699383e+09;
DefectRecordSpec 12 DEFECTID XREL YREL XINDEX YINDEX XSIZE YSIZE DEFECTAREA DSIZE CLASSNUMBER TEST IMAGECOUNT ;
DefectList
 1 1125.082 3770.560 5 20 0.390 0.389 0.100807 0.390 0 1 0
 2 4277.460 2030.380 6 20 2.730 2.339 1.569368 2.730 0 1 0
 3 4729.081 402.320 5 20 0.390 0.389 0.078737 0.390 0 1 0
 4 583.760 338.360 5 20 0.390 0.389 0.042947 0.390 0 1 0
 5 773.302 303.260 -2 20 0.390 0.389 0.100210 0.390 0 1 0
 6 529.940 416.360 -5 20 0.390 0.389 0.051298 0.390 0 1 0
 7 735.080 3796.599 3 19 0.390 0.389 0.053684 0.390 0 1 0
 8 1819.089 3804.204 4 19 0.780 0.779 0.100807 0.780 0 1 0
 9 3388.258 3776.709 -2 19 0.390 0.389 0.070982 0.390 0 1 0
 10 3197.548 3780.609 -2 19 0.390 0.389 0.050702 0.390 0 1 0
 11 3156.793 3746.094 -2 19 0.780 0.779 0.079333 0.780 0 1 0
 12 2108.665 3629.289 -1 19 0.390 0.389 0.231439 0.390 0 1 0
 13 4331.671 3810.054 -3 19 0.390 0.779 0.111544 0.779 0 1 0
 14 2588.756 3702.219 -3 19 0.390 0.389 0.066807 0.390 0 1 0
 15 1178.513 3711.969 -3 19 0.390 0.389 0.085298 0.390 0 1 0
 16 971.811 3415.179 1 19 0.390 0.389 0.063228 0.390 0 1 0
 17 1036.161 3800.109 2 19 0.390 0.389 0.053684 0.390 0 1 0
 18 2713.751 3706.704 -6 19 0.780 0.779 0.079333 0.780 0 1 0
 19 1315.988 3735.369 -6 19 0.780 0.389 0.085895 0.780 0 1 0
 20 3290.367 3605.499 -5 19 0.390 0.389 0.110351 0.390 0 1 0
 21 4105.274 3840.279 -4 19 0.780 0.389 0.082316 0.780 0 1 0
 22 3668.084 3679.599 -4 19 0.780 0.389 0.063825 0.780 0 1 0
 23 3316.888 3690.519 -4 19 0.390 0.389 0.044737 0.390 0 1 0
 24 1837.225 3841.449 -4 19 0.390 0.389 0.087684 0.390 0 1 0
 25 1184.913 2748.136 -6 19 0.390 0.389 0.060842 0.390 0 1 0
 26 2627.366 1915.559 4 19 0.390 0.389 0.056667 0.390 0 1 0
 27 2958.086 2299.709 6 19 0.390 0.389 0.051895 0.390 0 1 0
 28 2211.039 2010.719 6 19 0.780 0.389 0.056070 0.780 0 1 0
 29 2673.775 2191.289 7 19 0.390 0.389 0.038175 0.390 0 1 0
 30 2564.965 2318.819 7 19 0.390 0.389 0.038772 0.390 0 1 0
 31 2077.465 1963.139 -2 19 0.390 0.389 0.044737 0.390 0 1 0
 32 4518.091 2150.729 -6 19 0.390 0.389 0.072175 0.390 0 1 0
 33 2750.606 1802.069 -6 19 0.390 0.389 0.070982 0.390 0 1 0
 34 2404.675 2264.219 -6 19 0.390 0.389 0.069193 0.390 0 1 0
 35 2860.746 1500.845 2 19 0.390 0.389 0.051895 0.390 0 1 0
 36 4721.051 1377.216 7 19 0.390 0.389 0.072175 0.390 0 1 0
 37 3376.557 565.904 3 19 0.390 0.389 0.051298 0.390 0 1 0
 38 593.511 516.374 -2 19 0.390 0.389 0.050105 0.390 0 1 0
 39 610.671 356.474 -3 19 0.390 0.389 0.078140 0.390 0 1 0
 40 502.641 337.754 -7 19 0.390 0.389 0.050105 0.390 0 1 0
 41 675.216 376.364 -6 19 0.780 0.389 0.123474 0.780 0 1 0
 42 2576.080 3796.277 5 18 0.780 0.389 0.064421 0.780 0 1 0
 43 1903.329 3722.957 5 18 0.780 0.389 0.061439 0.780 0 1 0
 44 2405.844 3697.607 9 18 0.390 0.389 0.064421 0.390 0 1 0
 45 1806.413 3836.057 9 18 0.390 0.389 0.064421 0.390 0 1 0
 46 3357.838 3710.672 0 18 0.390 0.779 0.084105 0.779 0 1 0
 47 1850.094 3701.117 0 18 0.390 0.389 0.102000 0.390 0 1 0
 48 1570.463 3786.137 0 18 0.390 0.389 0.107965 0.390 0 1 0
 49 2939.951 3733.097 1 18 0.780 0.389 0.079333 0.780 0 1 0
 50 1811.873 3768.587 1 18 0.390 0.389 0.070982 0.390 0 1 0
 51 1322.422 3795.887 1 18 0.390 0.389 0.078140 0.390 0 1 0
 52 1072.041 3778.922 1 18 0.390 0.779 0.107965 0.779 0 1 0
 53 2679.625 3918.737 2 18 0.390 0.389 0.107368 0.390 0 1 0
 54 1675.762 3675.767 2 18 0.390 0.389 0.056667 0.390 0 1 0
 55 3637.077 3806.807 3 18 0.390 0.389 0.081123 0.390 0 1 0
 56 1944.083 3780.677 3 18 0.390 0.389 0.087088 0.390 0 1 0
 57 1516.838 3827.282 4 18 0.780 0.779 0.100807 0.780 0 1 0
 58 1285.373 3709.307 -1 18 0.390 0.389 0.073368 0.390 0 1 0
 59 650.451 3754.547 -1 18 0.390 0.389 0.078140 0.390 0 1 0
 60 2696.006 3706.967 -8 18 0.390 0.389 0.063825 0.390 0 1 0
 61 2959.257 3769.952 -6 18 0.390 0.779 0.132421 0.779 0 1 0
 62 2781.806 3674.987 -6 18 0.390 0.389 0.062632 0.390 0 1 0
 63 2513.096 3714.767 -6 18 0.390 0.389 0.054281 0.390 0 1 0
 64 2192.710 3692.927 -6 18 0.780 0.389 0.087088 0.780 0 1 0
 65 3351.208 3627.407 -5 18 0.390 0.389 0.085895 0.390 0 1 0
 66 3241.032 3684.347 -5 18 0.780 0.389 0.061439 0.780 0 1 0
 67 3187.602 3705.017 -5 18 0.780 0.389 0.054877 0.780 0 1 0
 68 1552.523 3694.097 -5 18 0.390 0.389 0.080526 0.390 0 1 0
 69 1445.663 3699.947 -5 18 0.390 0.389 0.073368 0.390 0 1 0
 70 1979.575 3724.907 -4 18 0.390 0.389 0.055474 0.390 0 1 0
 71 1049.423 3737.777 -4 18 0.390 0.389 0.058456 0.390 0 1 0
 72 3294.268 3679.667 -3 18 0.390 0.389 0.060842 0.390 0 1 0
 73 2696.007 3746.357 -3 18 0.390 0.389 0.066211 0.390 0 1 0
 74 2477.375 2891.139 1 18 5.850 5.459 10.291260 5.850 0 1 0
 75 3431.547 2055.121 8 18 0.390 0.389 0.049509 0.390 0 1 0
 76 2646.085 1807.862 9 18 0.390 0.389 0.053088 0.390 0 1 0
 77 3534.897 2311.352 10 18 0.390 0.389 0.036982 0.390 0 1 0
 78 2450.696 1774.712 -8 18 0.390 0.389 0.070982 0.390 0 1 0
 79 2139.475 2360.102 -8 18 0.390 0.389 0.072175 0.390 0 1 0
 80 2791.556 2342.162 -7 18 0.390 0.389 0.039368 0.390 0 1 0
 81 2494.766 2091.002 -7 18 0.390 0.389 0.043544 0.390 0 1 0
 82 2302.300 1985.312 -7 18 0.780 0.389 0.058456 0.780 0 1 0
 83 2370.125 1418.358 6 18 0.390 0.389 0.078140 0.390 0 1 0
 84 3827.559 1157.059 6 18 0.390 0.389 0.047719 0.390 0 1 0
 85 827.121 419.457 5 18 0.390 0.389 0.067403 0.390 0 1 0
 86 292.819 352.377 5 18 0.390 0.389 0.054877 0.390 0 1 0
 87 835.702 302.847 0 18 0.390 0.389 0.088281 0.390 0 1 0
 88 4722.840 660.087 1 18 0.390 0.389 0.087684 0.390 0 1 0
 89 540.080 404.637 1 18 0.390 0.389 0.066807 0.390 0 1 0
 90 637.580 405.027 2 18 0.390 0.389 0.054877 0.390 0 1 0
 91 540.081 414.777 -1 18 0.390 0.389 0.063228 0.390 0 1 0
 92 1061.902 344.577 -7 18 0.390 0.389 0.104982 0.390 0 1 0
 93 637.971 416.727 -7 18 0.390 0.389 0.056070 0.390 0 1 0
 94 3263.652 3711.089 6 17 0.780 0.389 0.080526 0.780 0 1 0
 95 1819.478 3777.779 6 17 0.780 0.389 0.091860 0.780 0 1 0
 96 3548.547 3838.229 9 17 0.390 0.389 0.054877 0.390 0 1 0
 97 1315.986 3811.319 10 17 0.780 0.389 0.054281 0.780 0 1 0
 98 2642.575 3711.089 1 17 0.390 0.389 0.076351 0.390 0 1 0
 99 1486.417 3709.529 1 17 0.780 0.389 0.063228 0.780 0 1 0
 100 2192.709 3810.344 2 17 0.780 0.779 0.107368 0.780 0 1 0
 101 2523.039 3711.479 3 17 0.780 0.389 0.071579 0.780 0 1 0
 102 2789.996 3825.359 4 17 0.390 0.389 0.098421 0.390 0 1 0
 103 2802.671 3726.884 5 17 0.780 0.779 0.113333 0.780 0 1 0
 104 1623.893 3824.189 5 17 0.390 0.389 0.073368 0.390 0 1 0
 105 1049.226 3771.539 5 17 0.780 0.389 0.080526 0.780 0 1 0
 106 3548.743 3808.589 0 17 0.780 0.389 0.075158 0.780 0 1 0
 107 3230.698 3721.619 0 17 0.390 0.389 0.081719 0.390 0 1 0
 108 3187.798 3699.389 0 17 0.390 0.389 0.066211 0.390 0 1 0
 109 2790.387 3761.399 0 17 0.390 0.389 0.070386 0.390 0 1 0
 110 1944.084 3789.869 0 17 0.390 0.389 0.061439 0.390 0 1 0
 111 1659.384 3701.339 0 17 0.390 0.389 0.063228 0.390 0 1 0
 112 3477.568 3679.889 -6 17 0.390 0.389 0.068000 0.390 0 1 0
 113 1530.098 3679.889 -6 17 0.780 0.389 0.043544 0.780 0 1 0
 114 1345.043 3458.759 -5 17 0.390 0.389 0.054281 0.390 0 1 0
 115 2215.526 3680.279 -4 17 0.390 0.389 0.072772 0.390 0 1 0
 116 3411.659 3806.639 -3 17 0.390 0.389 0.078140 0.390 0 1 0
 117 3187.798 3810.539 -3 17 1.170 0.389 0.144351 1.170 0 1 0
 118 1605.954 3679.499 -3 17 0.390 0.389 0.065018 0.390 0 1 0
 119 3476.984 3328.499 -2 17 0.780 0.389 0.083509 0.780 0 1 0
 120 3317.278 3705.629 -2 17 0.390 0.389 0.084702 0.390 0 1 0
 121 2566.526 3698.414 -1 17 0.390 0.779 0.087088 0.779 0 1 0
 122 2192.710 3727.859 -1 17 0.780 0.389 0.088877 0.780 0 1 0
 123 217.160 3698.609 -1 17 0.390 0.389 0.049509 0.390 0 1 0
 124 2927.862 3826.919 -9 17 0.780 0.389 0.081123 0.780 0 1 0
 125 2625.611 3676.574 -9 17 0.780 0.779 0.087088 0.780 0 1 0
 126 2790.387 3712.649 -8 17 0.390 0.389 0.067403 0.390 0 1 0
 127 1819.869 3736.829 -8 17 0.780 0.389 0.084702 0.780 0 1 0
 128 3558.492 2011.134 10 17 0.780 0.389 0.090070 0.780 0 1 0
 129 3250.197 2084.454 11 17 0.390 0.389 0.038772 0.390 0 1 0
 130 3359.787 2322.744 1 17 0.390 0.389 0.059649 0.390 0 1 0
 131 3261.116 2347.704 2 17 0.390 0.389 0.087088 0.390 0 1 0
 132 2474.484 1772.454 3 17 0.390 0.389 0.065614 0.390 0 1 0
 133 2838.746 1934.694 4 17 0.390 0.389 0.056667 0.390 0 1 0
 134 2073.954 1953.609 5 17 0.390 0.779 0.071579 0.779 0 1 0
 135 2603.186 1944.834 -1 17 0.390 0.389 0.063825 0.390 0 1 0
 136 540.471 436.184 0 17 0.390 0.389 0.059053 0.390 0 1 0
 137 530.331 415.904 -10 17 0.390 0.389 0.048316 0.390 0 1 0
 138 3464.307 3751.732 7 16 0.390 0.389 0.074561 0.390 0 1 0
 139 2833.091 3764.212 8 16 0.780 0.389 0.064421 0.780 0 1 0
 140 2299.374 3772.792 8 16 0.390 0.389 0.067403 0.390 0 1 0
 141 1837.223 3824.662 8 16 0.390 0.389 0.070386 0.390 0 1 0
 142 3281.787 3840.067 2 16 0.390 0.779 0.069789 0.779 0 1 0
 143 3477.177 3745.882 3 16 0.390 0.389 0.066211 0.390 0 1 0
 144 1956.953 3703.762 3 16 0.390 0.389 0.053088 0.390 0 1 0
 145 1659.382 3749.392 3 16 0.390 0.389 0.056070 0.390 0 1 0
 146 3399.177 3838.312 5 16 0.390 0.389 0.220702 0.390 0 1 0
 147 2446.795 3994.701 5 16 0.390 0.389 0.068596 0.390 0 1 0
 148 1357.132 3730.282 5 16 0.390 0.389 0.087088 0.390 0 1 0
 149 3744.328 3721.897 1 16 0.390 0.779 0.088877 0.779 0 1 0
 150 1476.472 3696.742 1 16 0.390 0.389 0.057860 0.390 0 1 0
 151 3317.278 3701.032 -5 16 0.390 0.389 0.056667 0.390 0 1 0
 152 3228.553 3744.322 -4 16 0.780 0.389 0.076947 0.780 0 1 0
 153 3016.393 3705.322 -4 16 0.780 0.389 0.062632 0.780 0 1 0
 154 2962.963 3730.282 -4 16 0.780 0.389 0.069789 0.780 0 1 0
 155 2726.817 3749.002 -4 16 0.390 0.389 0.066807 0.390 0 1 0
 156 2610.207 3762.652 -4 16 0.390 0.389 0.126456 0.390 0 1 0
 157 3669.059 3622.252 -3 16 0.390 0.389 0.094842 0.390 0 1 0
 158 659.032 3752.122 -3 16 0.390 0.389 0.083509 0.390 0 1 0
 159 3263.848 3692.062 -2 16 0.390 0.389 0.078140 0.390 0 1 0
 160 3160.108 3668.272 -2 16 0.390 0.389 0.157474 0.390 0 1 0
 161 2673.191 3706.492 -1 16 0.780 0.389 0.068000 0.780 0 1 0
 162 2535.716 3778.642 -1 16 0.390 0.389 0.084105 0.390 0 1 0
 163 2393.561 3828.172 -1 16 0.780 0.389 0.072772 0.780 0 1 0
 164 1873.104 3734.182 -1 16 0.390 0.389 0.059649 0.390 0 1 0
 165 1659.384 3686.212 -1 16 0.390 0.389 0.062035 0.390 0 1 0
 166 3317.278 3687.382 0 16 0.390 0.389 0.045333 0.390 0 1 0
 167 3134.367 3700.642 0 16 0.390 0.389 0.045333 0.390 0 1 0
 168 2660.711 3791.902 -9 16 0.780 0.389 0.096035 0.780 0 1 0
 169 2607.476 3830.512 -9 16 0.390 0.389 0.085298 0.390 0 1 0
 170 1766.439 3717.802 -9 16 0.780 0.389 0.082316 0.780 0 1 0
 171 1049.617 3705.712 -9 16 0.780 0.389 0.066807 0.780 0 1 0
 172 2375.816 3681.142 -8 16 0.390 0.389 0.070386 0.390 0 1 0
 173 2309.710 3812.572 -8 16 0.780 0.389 0.076351 0.780 0 1 0
 174 3571.948 3800.872 -7 16 0.390 0.389 0.073965 0.390 0 1 0
 175 3134.562 3699.082 -7 16 0.780 0.389 0.079930 0.780 0 1 0
 176 2523.431 3833.632 -11 16 0.780 0.389 0.065018 0.780 0 1 0
 177 2139.865 3769.087 -10 16 0.390 0.779 0.150912 0.779 0 1 0
 178 2126.995 3820.567 -10 16 0.390 0.779 0.110351 0.779 0 1 0
 179 1873.300 3700.642 -10 16 0.780 0.389 0.060842 0.780 0 1 0
 180 2343.444 2016.552 8 16 0.390 0.389 0.047719 0.390 0 1 0
 181 2750.800 1823.502 9 16 0.780 0.389 0.058456 0.780 0 1 0
 182 3069.626 2458.031 10 16 0.390 0.389 0.048316 0.390 0 1 0
 183 3477.179 2069.202 -4 16 0.390 0.389 0.059053 0.390 0 1 0
 184 3292.318 2125.752 -4 16 0.390 0.389 0.053684 0.390 0 1 0
 185 3176.488 2262.642 -4 16 0.390 0.389 0.056070 0.390 0 1 0
 186 3398.398 1798.152 -2 16 0.390 0.389 0.060246 0.390 0 1 0
 187 2593.826 1915.932 -2 16 0.390 0.389 0.065018 0.390 0 1 0
 188 3699.089 2039.952 -8 16 0.390 0.389 0.039368 0.390 0 1 0
 189 3476.009 2441.651 -11 16 0.390 0.389 0.069193 0.390 0 1 0
 190 4754.432 2153.442 -10 16 0.390 0.389 0.075754 0.390 0 1 0
 191 1797.604 1259.618 -5 16 0.390 0.389 0.053088 0.390 0 1 0
 192 4793.007 1190.978 -5 16 0.780 0.389 0.099614 0.780 0 1 0
 193 664.880 359.437 8 16 0.390 0.389 0.037579 0.390 0 1 0
 194 664.881 368.017 4 16 0.390 0.389 0.051895 0.390 0 1 0
 195 4692.031 626.587 6 16 0.390 0.389 0.078737 0.390 0 1 0
 196 567.185 319.267 6 16 0.780 0.389 0.081123 0.780 0 1 0
 197 665.076 338.377 -5 16 0.780 0.389 0.078140 0.780 0 1 0
 198 611.061 445.042 -5 16 0.390 0.779 0.068596 0.779 0 1 0
 199 540.471 406.627 -4 16 0.390 0.389 0.059053 0.390 0 1 0
 200 584.151 279.877 -3 16 0.390 0.389 0.096632 0.390 0 1 0
 201 475.926 367.237 -2 16 0.780 0.389 0.063825 0.780 0 1 0
 202 594.291 330.187 -1 16 0.390 0.389 0.042947 0.390 0 1 0
 203 793.971 353.197 -7 16 0.390 0.389 0.082912 0.390 0 1 0;
EndOfFile;
