FileVersion 1 2;
FileTimestamp 06-06-19 18:19:48;
InspectionStationID "NONE" "AIT" "ILS202";
SampleType WAFER;
ResultTimestamp 03-26-18 11:42:25;
LotID "182M54";
SampleSize 1 200;
DeviceID "MA65";
SetupID "MA65" 03-21-18 09:44:47;
StepID "M3CREMOVE";
SampleOrientationMarkType NOTCH;
OrientationMarkLocation DOWN;
DiePitch 5.0442450000e+03 4.2534670000e+03;
DieOrigin 0.0000000000e+00 0.0000000000e+00;
WaferID "@07";
Slot 7;
SampleCenterLocation 5.2280000000e+03 -6.0240000000e+03;
ClassLookup 74
  0 "Uncategorized"
  1 "Small PT"
  2 "Medium PT"
  3 "Large PT"
  4 "Polymer"
  5 "Flake PT"
  6 "Scratch"
  9 "Other Defect"
  10 "Other Residue"
  11 "Wet Residue"
  13 "W Residue"
  14 "PR Residue"
  15 "Liquid Mark"
  16 "Thread Defect"
  20 "Pits"
  22 "Pattern Deformed"
  23 "Defocus"
  24 "PR BUBBLE"
  25 "Crown Defect"
  27 "Bead Defect"
  30 "CMP Scratch"
  31 "Minor CMP Scratch"
  35 "Rip Out"
  40 "Protrusion"
  42 "Top Blocked"
  43 "Bottom Blocked"
  44 "Line broken"
  45 "Metal Corrosion"
  46 "Galvanic Corrosion"
  51 "PR Popping"
  52 "Salicide Bad"
  53 "STI Dimple"
  59 "W Void"
  60 "AA Dep PT"
  61 "GC Dep PT"
  62 "CVD Dep PT"
  63 "Metal Dep PT"
  73 "Cone Defect"
  74 "Metal Depression"
  77 "Underlayer"
  78 "NUISANCE/FALSE"
  79 "Metal Grain"
  80 "Don't Care/Minor"
  95 "Missing AI"
  99 "test2"
  100 "Cluster"
  101 "CU CMP Scratch"
  102 "CU Void"
  103 "2_PO Missing"
  104 "CU Pattern Open"
  105 "CU Remain"
  106 "Circle CU Remain"
  107 "CU CVD PT"
  108 "CU Eclips"
  109 "CU CMP Residue"
  110 "Minor CU CMP Scratch"
  111 "CMP PT"
  112 "CU SEAM PT"
  113 "CU Ox"
  114 "CU Pattern Open(Minor)"
  116 "1_PO Missing"
  117 "PAD Abnormality"
  150 "Guard Ring Circle Defect"
  151 "EBR Circle Defect"
  152 "PAD Hillock"
  153 "PAD Residue"
  154 "PAD Hole"
  155 "Color PR Residue"
  201 "Bin 1"
  202 "Bin 2"
  203 "Bin 3"
  204 "Bin 4"
  205 "Bin 5"
  206 "Bin 6"  ;
OrientationInstructions "";
InspectionTest 1;
SampleTestPlan 1289
  -18 -2 
  -17 0 
  -17 4 
  -16 -10 
  -16 0 
  -16 3 
  -15 -6 
  -15 -4 
  -15 -2 
  -14 -11 
  -14 -6 
  -14 1 
  -14 2 
  -13 -12 
  -13 7 
  -12 -12 
  -12 -11 
  -12 4 
  -12 11 
  -11 -14 
  -11 -1 
  -11 11 
  -10 -11 
  -9 -18 
  -9 2 
  -9 4 
  -9 11 
  -9 13 
  -8 -21 
  -8 -20 
  -8 -19 
  -8 -18 
  -8 -15 
  -8 -5 
  -8 4 
  -7 -17 
  -7 -9 
  -7 -6 
  -7 3 
  -7 11 
  -7 13 
  -6 -14 
  -6 -6 
  -6 0 
  -6 3 
  -6 12 
  -6 14 
  -6 17 
  -5 -18 
  -5 -9 
  -5 -7 
  -5 -3 
  -5 -1 
  -5 10 
  -5 15 
  -4 -11 
  -4 -5 
  -4 10 
  -3 -12 
  -3 -11 
  -3 -7 
  -2 -20 
  -2 -6 
  -2 -4 
  -2 -1 
  -2 5 
  -2 14 
  -1 -21 
  -1 -13 
  -1 -11 
  -1 3 
  -1 10 
  -1 16 
  0 -24 
  0 -21 
  0 -20 
  0 -18 
  0 -11 
  0 -6 
  0 4 
  0 14 
  0 16 
  0 18 
  0 19 
  1 -14 
  1 -6 
  1 -2 
  1 10 
  1 14 
  1 17 
  2 -20 
  2 -18 
  2 -6 
  3 -8 
  3 15 
  3 19 
  4 -19 
  4 -15 
  4 16 
  5 -14 
  5 -13 
  5 -10 
  5 -1 
  5 8 
  6 6 
  7 -17 
  7 -13 
  7 -1 
  7 8 
  7 12 
  8 -21 
  8 -18 
  8 -17 
  8 -10 
  8 10 
  8 13 
  9 -10 
  9 12 
  10 -10 
  10 -4 
  10 -1 
  10 5 
  10 7 
  10 11 
  11 -4 
  11 -1 
  11 0 
  11 4 
  11 13 
  12 -8 
  12 13 
  13 -5 
  13 10 
  14 -17 
  14 -11 
  14 5 
  14 7 
  14 10 
  16 -13 
  17 -8 
  17 0 
  17 7 
  18 -1 
  18 5 
  -17 -2 
  -17 2 
  -16 -2 
  -15 -5 
  -15 2 
  -15 4 
  -14 -14 
  -14 -13 
  -14 -4 
  -14 -2 
  -14 6 
  -14 8 
  -13 -11 
  -13 0 
  -13 6 
  -13 9 
  -12 -18 
  -12 -9 
  -12 3 
  -12 13 
  -11 -19 
  -11 -18 
  -11 -9 
  -11 -4 
  -10 -17 
  -10 -13 
  -10 -12 
  -10 -6 
  -10 -5 
  -10 6 
  -10 7 
  -9 -14 
  -9 -12 
  -9 -9 
  -9 3 
  -9 7 
  -8 -8 
  -8 -1 
  -8 8 
  -7 -22 
  -7 -21 
  -7 -14 
  -7 -10 
  -7 7 
  -6 -12 
  -6 -5 
  -6 7 
  -6 9 
  -6 10 
  -6 15 
  -6 18 
  -5 -19 
  -5 -17 
  -5 -15 
  -5 5 
  -5 6 
  -5 9 
  -5 12 
  -5 17 
  -4 -22 
  -4 -3 
  -4 1 
  -4 12 
  -3 -8 
  -3 0 
  -3 2 
  -3 4 
  -3 13 
  -2 -18 
  -2 16 
  -1 -24 
  -1 -10 
  -1 -5 
  -1 -4 
  -1 0 
  -1 1 
  -1 18 
  0 -7 
  0 3 
  0 5 
  0 9 
  0 15 
  1 -24 
  1 -19 
  1 -9 
  1 -1 
  1 6 
  1 16 
  1 18 
  1 19 
  2 -14 
  2 -12 
  2 -11 
  2 -1 
  2 5 
  2 10 
  2 20 
  3 -23 
  3 -3 
  3 6 
  4 -7 
  4 0 
  4 1 
  4 9 
  4 19 
  5 -21 
  5 -20 
  5 -16 
  5 -15 
  5 -5 
  5 13 
  5 17 
  6 -11 
  6 -2 
  6 19 
  7 -21 
  7 -20 
  7 -14 
  7 -12 
  7 0 
  7 4 
  7 6 
  7 16 
  8 -8 
  8 -5 
  8 -2 
  8 0 
  8 2 
  8 15 
  8 17 
  9 -6 
  9 8 
  9 14 
  10 -19 
  10 -11 
  10 -8 
  10 -7 
  11 -20 
  11 -15 
  11 -12 
  11 -6 
  11 -5 
  11 6 
  11 15 
  11 16 
  12 -10 
  12 -7 
  12 -4 
  12 -1 
  12 10 
  13 -10 
  13 -8 
  13 2 
  13 4 
  13 11 
  14 -10 
  14 -8 
  14 -6 
  14 -5 
  14 -2 
  14 2 
  15 -6 
  15 -1 
  15 11 
  16 -12 
  16 -11 
  16 -9 
  16 3 
  16 4 
  16 6 
  17 3 
  17 8 
  18 1 
  18 2 
  18 3 
  19 -2 
  -17 -4 
  -16 -11 
  -16 -6 
  -16 -5 
  -16 2 
  -16 7 
  -15 -10 
  -15 6 
  -15 8 
  -14 -9 
  -14 -1 
  -14 0 
  -13 -5 
  -13 3 
  -12 -14 
  -12 -3 
  -12 12 
  -11 -15 
  -11 -10 
  -11 -7 
  -11 -3 
  -11 14 
  -10 -18 
  -10 -2 
  -10 -1 
  -10 0 
  -10 8 
  -10 12 
  -9 -17 
  -9 -10 
  -9 8 
  -9 9 
  -8 -17 
  -8 -11 
  -8 -7 
  -8 6 
  -8 10 
  -8 15 
  -7 -19 
  -7 -18 
  -7 -15 
  -7 -12 
  -7 -4 
  -6 -17 
  -6 -9 
  -6 -7 
  -6 -2 
  -6 8 
  -5 -11 
  -5 2 
  -5 11 
  -4 -16 
  -4 -14 
  -4 -10 
  -4 5 
  -4 17 
  -3 -16 
  -3 9 
  -3 10 
  -3 16 
  -3 17 
  -3 19 
  -2 -23 
  -2 -21 
  -2 -11 
  -2 -10 
  -2 13 
  -2 18 
  -1 -18 
  -1 6 
  -1 7 
  0 -22 
  0 -5 
  0 -1 
  0 12 
  0 20 
  1 -4 
  1 9 
  1 15 
  2 -16 
  2 -7 
  2 1 
  2 12 
  2 13 
  3 -21 
  3 -6 
  3 10 
  3 14 
  3 17 
  3 18 
  4 -10 
  4 -8 
  4 -4 
  4 11 
  4 13 
  4 14 
  5 -23 
  5 -8 
  5 -7 
  5 -4 
  5 16 
  5 18 
  6 -18 
  6 -17 
  6 -9 
  6 -3 
  6 7 
  6 13 
  6 15 
  6 16 
  7 -19 
  7 -7 
  7 11 
  7 13 
  7 17 
  7 18 
  8 -20 
  8 -16 
  8 -9 
  8 -1 
  8 5 
  9 -21 
  9 -19 
  9 -11 
  9 -9 
  9 -3 
  9 2 
  10 -18 
  10 -9 
  10 -3 
  10 14 
  11 -14 
  11 -11 
  11 11 
  12 -15 
  12 -14 
  12 8 
  12 9 
  12 14 
  13 -18 
  13 -14 
  13 -6 
  13 -4 
  13 1 
  13 3 
  13 7 
  14 -14 
  14 0 
  14 9 
  14 13 
  15 -3 
  15 -2 
  16 -7 
  16 -6 
  16 10 
  17 -7 
  18 -6 
  -17 1 
  -16 6 
  -15 -9 
  -15 3 
  -14 -5 
  -14 3 
  -13 -16 
  -13 -13 
  -13 -9 
  -13 -3 
  -13 4 
  -13 11 
  -12 -17 
  -12 -5 
  -12 7 
  -12 10 
  -11 -13 
  -11 3 
  -11 5 
  -11 6 
  -11 8 
  -10 -16 
  -10 -15 
  -10 4 
  -10 9 
  -10 10 
  -10 15 
  -9 -16 
  -9 -6 
  -8 -9 
  -8 -2 
  -8 16 
  -7 -8 
  -7 -5 
  -7 -2 
  -7 2 
  -7 10 
  -7 17 
  -6 -22 
  -6 -18 
  -6 -16 
  -6 -11 
  -6 -4 
  -5 -5 
  -5 -4 
  -5 14 
  -4 -18 
  -4 -12 
  -4 0 
  -4 2 
  -4 3 
  -4 6 
  -3 -22 
  -3 -2 
  -3 -1 
  -3 1 
  -3 3 
  -3 5 
  -3 14 
  -2 -17 
  -2 -8 
  -2 0 
  -2 6 
  -2 12 
  -2 15 
  -1 -7 
  -1 2 
  -1 5 
  -1 8 
  -1 20 
  0 -15 
  0 -12 
  0 -10 
  0 -9 
  0 0 
  0 2 
  0 10 
  1 -16 
  1 -8 
  1 -7 
  2 -19 
  2 -17 
  2 -10 
  2 -4 
  2 4 
  2 9 
  2 11 
  3 -22 
  3 -17 
  3 -16 
  3 -15 
  3 -12 
  3 -10 
  3 -4 
  3 2 
  3 4 
  3 8 
  4 -20 
  4 -16 
  4 2 
  4 6 
  4 10 
  5 -19 
  5 -18 
  5 -17 
  5 -2 
  5 4 
  5 7 
  5 11 
  6 -16 
  6 -15 
  6 -13 
  6 -12 
  6 2 
  6 5 
  6 10 
  7 -5 
  7 -4 
  7 1 
  7 9 
  7 10 
  7 14 
  8 -14 
  8 -6 
  8 -3 
  8 12 
  9 -14 
  9 13 
  9 17 
  10 -12 
  10 4 
  10 9 
  10 16 
  11 -9 
  11 5 
  11 7 
  11 9 
  11 12 
  12 -3 
  12 2 
  13 -17 
  13 -1 
  13 0 
  13 6 
  13 8 
  14 -15 
  14 -13 
  14 -12 
  14 -4 
  15 -7 
  16 -14 
  16 -8 
  16 7 
  17 -11 
  17 -9 
  17 -3 
  17 -1 
  17 4 
  18 -8 
  18 0 
  19 -3 
  19 -1 
  -17 -8 
  -17 -1 
  -15 -13 
  -15 -12 
  -15 -11 
  -15 -8 
  -15 -1 
  -15 0 
  -14 -15 
  -14 -10 
  -14 -3 
  -14 11 
  -13 -7 
  -12 -10 
  -12 -7 
  -12 -2 
  -12 2 
  -12 14 
  -11 -17 
  -11 -16 
  -11 -2 
  -10 3 
  -10 13 
  -9 -11 
  -9 -8 
  -9 -3 
  -8 -16 
  -8 -4 
  -8 0 
  -8 3 
  -8 9 
  -8 13 
  -7 8 
  -7 14 
  -6 -15 
  -6 -13 
  -6 -1 
  -6 1 
  -6 13 
  -5 -13 
  -5 7 
  -5 8 
  -4 -15 
  -4 9 
  -4 13 
  -4 14 
  -4 18 
  -4 19 
  -3 -14 
  -3 -9 
  -3 12 
  -2 -22 
  -2 -19 
  -2 -12 
  -2 -7 
  -2 -3 
  -2 -2 
  -1 -17 
  -1 -15 
  -1 -8 
  -1 -6 
  -1 -3 
  -1 11 
  -1 12 
  -1 13 
  -1 17 
  -1 19 
  0 -17 
  0 -13 
  0 -3 
  0 -2 
  1 -15 
  1 1 
  1 3 
  1 4 
  1 7 
  2 -22 
  2 -9 
  2 -8 
  2 -5 
  2 14 
  3 -18 
  3 -13 
  3 -7 
  3 9 
  4 -21 
  4 -18 
  4 -12 
  4 -9 
  4 7 
  4 15 
  5 -12 
  5 0 
  5 1 
  5 3 
  5 10 
  6 -23 
  6 -8 
  6 -6 
  6 -1 
  6 8 
  6 9 
  6 11 
  6 12 
  7 -16 
  7 5 
  8 -11 
  8 -4 
  8 6 
  8 14 
  9 -8 
  9 -5 
  9 -4 
  9 1 
  9 5 
  9 6 
  10 -14 
  10 -6 
  10 1 
  10 12 
  11 1 
  11 14 
  12 -16 
  12 -13 
  12 -11 
  12 -2 
  12 0 
  12 3 
  12 6 
  12 11 
  12 12 
  12 15 
  13 -15 
  13 -3 
  13 -2 
  13 12 
  13 13 
  13 14 
  14 -16 
  14 -9 
  14 -7 
  15 -11 
  15 -10 
  15 0 
  16 -4 
  16 -2 
  16 2 
  16 5 
  17 -5 
  18 -7 
  18 -4 
  18 4 
  -17 -7 
  -17 -6 
  -16 -7 
  -15 -7 
  -15 5 
  -15 7 
  -14 -12 
  -14 -8 
  -14 -7 
  -14 7 
  -14 9 
  -13 -14 
  -13 -4 
  -13 -1 
  -13 8 
  -13 10 
  -12 -16 
  -12 0 
  -11 -8 
  -11 12 
  -11 13 
  -11 15 
  -10 1 
  -10 2 
  -10 5 
  -10 14 
  -9 -20 
  -9 -19 
  -9 -13 
  -9 -4 
  -9 -1 
  -9 5 
  -9 6 
  -9 12 
  -8 -14 
  -8 -6 
  -8 1 
  -8 14 
  -7 -13 
  -7 -3 
  -7 4 
  -7 5 
  -7 6 
  -7 12 
  -7 18 
  -6 -3 
  -6 4 
  -5 -23 
  -5 -20 
  -5 -12 
  -5 -10 
  -5 -6 
  -5 1 
  -5 3 
  -5 16 
  -5 18 
  -5 19 
  -4 -9 
  -4 16 
  -3 -21 
  -3 -20 
  -3 -18 
  -3 -13 
  -3 -3 
  -3 7 
  -3 15 
  -3 18 
  -2 -13 
  -2 -5 
  -2 1 
  -2 2 
  -2 3 
  -2 9 
  -2 10 
  -2 17 
  -1 -19 
  -1 -12 
  -1 -1 
  -1 9 
  0 -16 
  1 -23 
  1 -22 
  1 0 
  1 5 
  1 8 
  1 11 
  1 12 
  2 -21 
  2 15 
  2 16 
  3 -19 
  3 -5 
  3 3 
  3 11 
  3 12 
  3 20 
  4 -11 
  4 -6 
  4 -3 
  4 12 
  5 -6 
  5 -3 
  5 2 
  5 5 
  5 9 
  5 14 
  6 -19 
  6 0 
  6 1 
  6 17 
  6 18 
  7 -10 
  7 7 
  8 -19 
  8 -15 
  8 18 
  9 -20 
  9 -17 
  9 -16 
  9 4 
  9 10 
  9 11 
  9 15 
  10 -20 
  10 -17 
  10 -5 
  10 13 
  10 15 
  11 -19 
  11 -17 
  11 -16 
  11 -8 
  11 -3 
  11 8 
  12 -17 
  12 -12 
  12 -5 
  13 -13 
  13 -9 
  13 9 
  14 11 
  14 12 
  15 -14 
  15 -9 
  15 -4 
  15 4 
  15 5 
  15 10 
  16 -3 
  16 -1 
  16 8 
  17 -12 
  17 -10 
  17 -4 
  17 1 
  18 -9 
  18 -2 
  19 1 
  -16 -9 
  -16 -4 
  -16 -3 
  -16 -1 
  -16 1 
  -16 4 
  -15 1 
  -15 9 
  -14 4 
  -14 5 
  -14 10 
  -13 -10 
  -13 -6 
  -13 -2 
  -13 2 
  -12 -15 
  -12 -13 
  -12 -6 
  -12 1 
  -12 9 
  -11 -12 
  -11 -6 
  -11 1 
  -11 9 
  -11 10 
  -10 -20 
  -10 -19 
  -10 -14 
  -10 -10 
  -10 -4 
  -10 11 
  -9 -15 
  -9 -7 
  -9 -5 
  -9 -2 
  -8 -10 
  -8 -3 
  -8 2 
  -8 5 
  -8 11 
  -8 12 
  -8 17 
  -7 -7 
  -7 -1 
  -7 0 
  -7 9 
  -6 -20 
  -6 -19 
  -6 -10 
  -6 -8 
  -6 11 
  -5 -14 
  -5 -8 
  -5 4 
  -4 -17 
  -4 -1 
  -4 7 
  -4 8 
  -4 11 
  -4 15 
  -3 -5 
  -3 -4 
  -3 8 
  -2 -16 
  -2 7 
  -1 -23 
  -1 -22 
  -1 -20 
  -1 -16 
  -1 -9 
  -1 14 
  0 -23 
  0 -19 
  0 -14 
  0 -4 
  0 1 
  0 8 
  0 11 
  0 13 
  0 17 
  1 -21 
  1 -20 
  1 -18 
  1 -13 
  1 -11 
  1 -10 
  1 -3 
  1 20 
  2 -13 
  2 -2 
  2 0 
  2 3 
  2 6 
  2 7 
  2 18 
  2 19 
  3 -20 
  3 -11 
  3 -9 
  3 0 
  3 5 
  3 13 
  4 -23 
  4 -22 
  4 -14 
  4 -13 
  4 -5 
  4 -2 
  4 5 
  4 8 
  4 17 
  4 18 
  5 -22 
  5 -11 
  5 -9 
  5 6 
  5 15 
  5 19 
  6 -22 
  6 -21 
  6 -10 
  6 -7 
  6 -5 
  6 3 
  6 14 
  7 -22 
  7 -18 
  7 -15 
  7 -9 
  7 -6 
  7 -2 
  8 -13 
  8 1 
  8 8 
  8 9 
  9 -18 
  9 -13 
  9 -12 
  9 -2 
  9 3 
  9 9 
  9 16 
  10 -16 
  10 0 
  10 3 
  10 10 
  10 17 
  11 -18 
  11 -2 
  11 2 
  11 3 
  12 -19 
  12 -18 
  12 -6 
  13 -12 
  13 5 
  14 1 
  14 3 
  14 6 
  15 -15 
  15 -12 
  15 -8 
  15 -5 
  15 1 
  15 3 
  15 7 
  15 8 
  15 9 
  16 -10 
  16 9 
  17 -6 
  17 -2 
  17 2 
  17 5 
  17 6 
  18 -5 
  19 -5 
  19 -4 
  -17 -5 
  -17 -3 
  -17 3 
  -16 -8 
  -16 5 
  -15 -3 
  -13 -15 
  -13 -8 
  -13 1 
  -13 5 
  -13 12 
  -12 -8 
  -12 -4 
  -12 -1 
  -12 5 
  -12 6 
  -12 8 
  -11 -11 
  -11 -5 
  -11 0 
  -11 2 
  -11 4 
  -11 7 
  -10 -9 
  -10 -8 
  -10 -7 
  -10 -3 
  -9 0 
  -9 1 
  -9 10 
  -9 14 
  -9 15 
  -9 16 
  -8 -13 
  -8 -12 
  -8 7 
  -7 -20 
  -7 -16 
  -7 -11 
  -7 1 
  -7 15 
  -7 16 
  -6 -21 
  -6 2 
  -6 5 
  -6 6 
  -6 16 
  -5 -22 
  -5 -21 
  -5 -16 
  -5 -2 
  -5 0 
  -5 13 
  -4 -23 
  -4 -21 
  -4 -20 
  -4 -19 
  -4 -13 
  -4 -8 
  -4 -7 
  -4 -6 
  -4 -4 
  -4 -2 
  -4 4 
  -3 -23 
  -3 -19 
  -3 -17 
  -3 -15 
  -3 -10 
  -3 -6 
  -3 6 
  -3 11 
  -2 -15 
  -2 -14 
  -2 -9 
  -2 4 
  -2 8 
  -2 11 
  -2 19 
  -1 -14 
  -1 -2 
  -1 4 
  -1 15 
  0 -8 
  0 6 
  0 7 
  1 -17 
  1 -12 
  1 -5 
  1 2 
  1 13 
  2 -24 
  2 -23 
  2 -15 
  2 -3 
  2 2 
  2 8 
  2 17 
  3 -14 
  3 -2 
  3 -1 
  3 1 
  3 7 
  3 16 
  4 -17 
  4 -1 
  4 3 
  4 4 
  5 12 
  6 -20 
  6 -14 
  6 -4 
  6 4 
  7 -11 
  7 -8 
  7 -3 
  7 2 
  7 3 
  7 15 
  8 -22 
  8 -12 
  8 -7 
  8 3 
  8 4 
  8 7 
  8 11 
  8 16 
  9 -15 
  9 -7 
  9 -1 
  9 0 
  9 7 
  10 -15 
  10 -13 
  10 -2 
  10 2 
  10 6 
  10 8 
  11 -13 
  11 -10 
  11 -7 
  11 10 
  12 -9 
  12 1 
  12 4 
  12 5 
  12 7 
  13 -16 
  13 -11 
  13 -7 
  14 -3 
  14 -1 
  14 4 
  14 8 
  15 -13 
  15 2 
  15 6 
  16 -5 
  16 0 
  16 1 
  18 -3 
  19 0 ;
AreaPerTest 2.3427000048e+10;
DefectRecordSpec 12 DEFECTID XREL YREL XINDEX YINDEX XSIZE YSIZE DEFECTAREA DSIZE CLASSNUMBER TEST IMAGECOUNT ;
DefectList
 26 2761.400 512.000 -7 -20 8.000 2.700 21.000000 181.000 0 1 0
 27 3678.400 1161.000 -7 -20 4.000 1.400 5.000000 124.000 1 1 0
 28 1140.800 2250.000 6 -20 8.000 2.700 21.000000 168.000 1 1 0
 29 2898.600 530.600 7 -19 16.000 19.000 238.000000 462.000 0 1 0
 30 4871.200 2425.600 4 -19 8.000 2.700 21.000000 246.000 0 1 0
 31 4847.200 2421.600 4 -19 8.000 4.100 27.000000 281.000 0 1 0
 32 4815.200 2484.600 4 -19 8.000 4.100 27.000000 323.000 0 1 0
 33 4815.200 2419.600 4 -19 8.000 4.100 32.000000 298.000 77 1 0
 34 273.000 1913.200 -5 -18 12.000 5.400 37.000000 346.000 0 1 0
 42 935.400 585.200 13 -18 8.000 5.400 21.000000 394.000 100 1 0
 43 969.400 580.200 13 -18 12.000 10.900 81.000000 742.000 100 1 0
 44 969.400 570.200 13 -18 4.000 2.700 10.000000 322.000 100 1 0
 45 1007.400 599.200 13 -18 16.000 6.800 65.000000 617.000 100 1 0
 46 1009.400 585.200 13 -18 12.000 17.600 97.000000 510.000 100 1 0
 47 1033.400 569.200 13 -18 12.000 4.100 32.000000 511.000 100 1 0
 48 1035.400 589.200 13 -18 8.000 2.700 21.000000 380.000 100 1 0
 49 1049.400 605.200 13 -18 20.000 8.100 75.000000 397.000 100 1 0
 52 1097.400 603.200 13 -18 4.000 6.800 27.000000 471.000 100 1 0
 53 1097.400 569.200 13 -18 4.000 1.400 5.000000 334.000 100 1 0
 54 2790.000 888.800 5 -17 8.000 4.100 32.000000 234.000 77 1 0
 55 1169.800 3139.400 -9 -16 4.000 4.100 16.000000 211.000 0 1 0
 56 2317.800 3124.400 -9 -16 4.000 1.400 5.000000 182.000 0 1 0
 57 2317.800 3137.400 -9 -16 4.000 2.700 10.000000 209.000 78 1 0
 59 3558.200 1254.400 -6 -16 8.000 4.100 27.000000 221.000 0 1 0
 60 3921.200 1093.400 -6 -16 8.000 4.100 27.000000 191.000 77 1 0
 61 4155.200 881.400 -6 -16 4.000 1.400 5.000000 123.000 0 1 0
 62 4163.200 911.400 -6 -16 12.000 5.400 43.000000 624.000 0 1 0
 63 4183.200 808.400 -6 -16 12.000 4.100 32.000000 218.000 0 1 0
 65 4221.200 925.400 -6 -16 16.000 6.800 54.000000 278.000 0 1 0
 66 4247.200 907.400 -6 -16 12.000 5.400 43.000000 295.000 0 1 0
 67 4267.200 806.400 -6 -16 28.000 5.400 81.000000 482.000 0 1 0
 68 4287.200 811.400 -6 -16 20.000 5.400 70.000000 566.000 0 1 0
 69 4449.800 2835.400 -4 -16 4.000 4.100 16.000000 195.000 0 1 0
 70 4449.800 2846.400 -4 -16 4.000 2.700 10.000000 201.000 78 1 0
 72 185.600 3150.400 -3 -16 4.000 1.400 5.000000 160.000 0 1 0
 73 217.600 3151.400 -3 -16 12.000 4.100 43.000000 188.000 0 1 0
 74 217.600 3142.400 -3 -16 12.000 2.700 27.000000 169.000 0 1 0
 78 2055.000 554.400 0 -16 4.000 1.400 5.000000 117.000 0 1 0
 79 4189.200 2136.400 4 -16 8.000 4.100 27.000000 180.000 0 1 0
 80 4291.200 2056.400 4 -16 52.000 2.700 124.000000 198.000 0 1 0
 81 4329.200 2196.400 4 -16 8.000 5.400 27.000000 238.000 77 1 0
 82 4357.200 2207.400 4 -16 8.000 4.100 27.000000 203.000 0 1 0
 83 4393.200 2216.400 4 -16 8.000 4.100 27.000000 176.000 0 1 0
 87 295.800 3153.000 6 -15 4.000 2.700 10.000000 191.000 0 1 0
 88 283.800 3153.000 6 -15 4.000 1.400 5.000000 200.000 0 1 0
 89 281.800 3141.000 6 -15 8.000 1.400 10.000000 194.000 77 1 0
 90 4936.000 3298.000 5 -15 4.000 1.400 5.000000 194.000 78 1 0
 98 2074.199 578.000 4 -15 4.000 10.900 43.000000 158.000 0 1 0
 99 2040.200 367.000 4 -15 8.000 2.700 16.000000 145.000 78 1 0
 101 295.600 3143.000 2 -15 4.000 2.700 10.000000 201.000 0 1 0
 102 287.600 3153.000 2 -15 20.000 2.700 32.000000 213.000 0 1 0
 103 281.600 3142.000 2 -15 8.000 2.700 16.000000 221.000 0 1 0
 109 4912.800 3582.000 1 -15 4.000 1.400 5.000000 121.000 0 1 0
 110 4910.800 3597.000 1 -15 8.000 2.700 16.000000 138.000 0 1 0
 112 397.200 3215.000 -1 -15 4.000 4.100 16.000000 147.000 0 1 0
 121 427.400 3183.000 -2 -15 16.000 4.100 54.000000 180.000 0 1 0
 123 297.400 3142.000 -2 -15 4.000 1.400 5.000000 178.000 78 1 0
 124 283.400 3153.000 -2 -15 8.000 1.400 10.000000 203.000 0 1 0
 125 281.400 3141.000 -2 -15 4.000 1.400 5.000000 174.000 0 1 0
 134 2061.800 394.000 -4 -15 8.000 4.100 27.000000 296.000 0 1 0
 142 2632.800 1025.000 -9 -15 8.000 12.200 65.000000 308.000 0 1 0
 143 2632.800 1047.000 -9 -15 8.000 14.900 86.000000 271.000 78 1 0
 150 175.600 3150.600 -3 -14 4.000 2.700 10.000000 167.000 0 1 0
 153 4505.600 3269.600 2 -14 4.000 4.100 16.000000 200.000 78 1 0
 154 299.200 1401.200 14 -13 8.000 5.400 37.000000 312.000 0 1 0
 160 1290.000 1046.200 -15 -13 12.000 5.400 37.000000 322.000 0 1 0
 161 1287.000 1200.200 -15 -13 16.000 17.600 157.000000 450.000 0 1 0
 162 1272.000 1061.200 -15 -13 8.000 4.100 27.000000 288.000 0 1 0
 163 1221.000 1148.200 -15 -13 12.000 4.100 43.000000 591.000 0 1 0
 164 1207.000 1200.200 -15 -13 16.000 31.200 308.000000 642.000 0 1 0
 165 1199.000 1242.200 -15 -13 8.000 4.100 32.000000 352.000 0 1 0
 166 282.400 3142.400 8 -11 8.000 4.100 21.000000 160.000 0 1 0
 167 282.400 3150.400 8 -11 8.000 4.100 27.000000 158.000 0 1 0
 168 252.400 3151.400 8 -11 20.000 5.400 86.000000 216.000 0 1 0
 169 246.400 3142.400 8 -11 32.000 5.400 119.000000 205.000 0 1 0
 170 214.400 3142.400 8 -11 16.000 5.400 70.000000 220.000 0 1 0
 171 212.400 3151.400 8 -11 12.000 5.400 59.000000 233.000 0 1 0
 172 182.400 3142.400 8 -11 8.000 4.100 21.000000 183.000 0 1 0
 173 178.400 3151.400 8 -11 8.000 5.400 32.000000 200.000 0 1 0
 176 428.200 3183.400 4 -11 20.000 2.700 48.000000 170.000 100 1 0
 177 292.200 3142.400 4 -11 28.000 5.400 108.000000 209.000 100 1 0
 178 292.200 3151.400 4 -11 28.000 5.400 81.000000 214.000 100 1 0
 179 256.200 3141.400 4 -11 4.000 2.700 10.000000 200.000 100 1 0
 180 244.200 3139.400 4 -11 4.000 1.400 5.000000 189.000 100 1 0
 181 180.200 3142.400 4 -11 12.000 4.100 32.000000 206.000 100 1 0
 182 178.200 3151.400 4 -11 8.000 4.100 21.000000 218.000 100 1 0
 183 4943.400 3105.400 3 -11 8.000 2.700 16.000000 179.000 100 1 0
 184 4942.400 2731.400 3 -11 8.000 2.700 16.000000 198.000 100 1 0
 185 4940.400 2540.400 3 -11 4.000 2.700 10.000000 204.000 100 1 0
 186 4940.400 3043.400 3 -11 4.000 2.700 10.000000 207.000 100 1 0
 187 4940.400 2924.400 3 -11 12.000 4.100 37.000000 236.000 100 1 0
 188 4940.400 2852.400 3 -11 12.000 2.700 21.000000 209.000 100 1 0
 189 4940.400 2515.400 3 -11 12.000 4.100 43.000000 267.000 100 1 0
 190 4938.400 2787.400 3 -11 8.000 2.700 21.000000 238.000 100 1 0
 191 4938.400 2987.400 3 -11 8.000 4.100 21.000000 225.000 100 1 0
 193 456.000 3181.400 0 -11 8.000 5.400 27.000000 153.000 100 1 0
 194 430.000 3183.400 0 -11 20.000 4.100 65.000000 194.000 100 1 0
 195 294.000 3142.400 0 -11 28.000 5.400 146.000000 240.000 100 1 0
 196 294.000 3151.400 0 -11 28.000 5.400 135.000000 243.000 100 1 0
 197 244.000 3141.400 0 -11 40.000 2.700 65.000000 243.000 100 1 0
 198 212.000 3139.400 0 -11 8.000 1.400 10.000000 220.000 100 1 0
 199 184.000 3142.400 0 -11 16.000 4.100 54.000000 245.000 100 1 0
 200 178.000 3151.400 0 -11 4.000 5.400 16.000000 221.000 100 1 0
 201 4942.200 2987.400 -1 -11 4.000 2.700 10.000000 234.000 100 1 0
 202 4942.200 2924.400 -1 -11 4.000 2.700 10.000000 243.000 100 1 0
 203 4942.200 2914.400 -1 -11 4.000 1.400 5.000000 204.000 100 1 0
 204 4942.200 2852.400 -1 -11 4.000 1.400 5.000000 211.000 100 1 0
 205 4942.200 2787.400 -1 -11 4.000 2.700 10.000000 230.000 100 1 0
 206 4942.200 2540.400 -1 -11 4.000 2.700 10.000000 212.000 100 1 0
 207 4942.200 2731.400 -1 -11 4.000 2.700 10.000000 202.000 100 1 0
 208 4940.200 2515.400 -1 -11 8.000 4.100 27.000000 263.000 100 1 0
 214 285.600 3150.400 -8 -11 4.000 2.700 10.000000 180.000 0 1 0
 215 255.600 3142.400 -8 -11 16.000 4.100 43.000000 200.000 0 1 0
 216 253.600 3151.400 -8 -11 20.000 5.400 70.000000 221.000 0 1 0
 217 217.600 3142.400 -8 -11 12.000 4.100 48.000000 213.000 0 1 0
 218 217.600 3151.400 -8 -11 12.000 5.400 59.000000 226.000 0 1 0
 219 183.600 3142.400 -8 -11 8.000 2.700 16.000000 181.000 0 1 0
 220 183.600 3150.400 -8 -11 8.000 4.100 32.000000 215.000 0 1 0
 223 1810.200 3462.000 -11 -10 4.000 5.400 21.000000 302.000 0 1 0
 224 3487.000 1696.000 -10 -10 12.000 5.400 43.000000 460.000 0 1 0
 229 1829.400 856.000 3 -10 4.000 1.400 5.000000 135.000 0 1 0
 231 1952.400 507.000 3 -10 8.000 1.400 10.000000 160.000 0 1 0
 236 457.400 790.600 13 -9 8.000 2.700 21.000000 202.000 0 1 0
 244 179.000 3152.200 -10 -8 12.000 5.400 54.000000 222.000 0 1 0
 245 181.000 3143.200 -10 -8 8.000 4.100 32.000000 183.000 0 1 0
 246 213.000 3143.200 -10 -8 16.000 5.400 65.000000 229.000 0 1 0
 247 213.000 3152.200 -10 -8 16.000 5.400 65.000000 255.000 0 1 0
 248 249.000 3143.200 -10 -8 24.000 4.100 81.000000 203.000 78 1 0
 249 251.000 3152.200 -10 -8 20.000 4.100 75.000000 235.000 0 1 0
 250 281.000 3144.200 -10 -8 8.000 2.700 21.000000 163.000 0 1 0
 251 287.000 3152.200 -10 -8 20.000 4.100 48.000000 179.000 0 1 0
 257 213.200 3153.200 -6 -8 8.000 2.700 16.000000 271.000 0 1 0
 258 215.200 3143.200 -6 -8 4.000 2.700 10.000000 261.000 0 1 0
 272 4934.000 3042.200 5 -8 4.000 1.400 5.000000 249.000 0 1 0
 273 4937.000 3297.200 5 -8 4.000 2.700 10.000000 244.000 78 1 0
 274 4938.000 2924.200 5 -8 4.000 1.400 5.000000 234.000 0 1 0
 275 4938.000 2851.200 5 -8 4.000 1.400 5.000000 239.000 0 1 0
 280 176.000 3143.200 10 -8 16.000 6.800 75.000000 315.000 100 1 0
 281 176.000 3152.200 10 -8 16.000 6.800 81.000000 323.000 100 1 0
 282 210.000 3152.200 10 -8 12.000 6.800 70.000000 293.000 100 1 0
 283 230.000 3141.200 10 -8 60.000 6.800 243.000000 324.000 100 1 0
 284 246.000 3152.200 10 -8 20.000 6.800 124.000000 316.000 100 1 0
 285 286.000 3143.200 10 -8 28.000 6.800 130.000000 314.000 100 1 0
 286 286.000 3152.200 10 -8 28.000 5.400 140.000000 305.000 100 1 0
 288 398.000 3183.200 10 -8 4.000 1.400 5.000000 207.000 100 1 0
 289 424.000 3183.200 10 -8 24.000 4.100 75.000000 283.000 100 1 0
 290 448.000 3183.200 10 -8 8.000 5.400 37.000000 235.000 100 1 0
 293 3478.400 871.800 13 -7 8.000 5.400 37.000000 295.000 2 1 0
 294 2051.000 394.800 10 -7 4.000 1.400 5.000000 137.000 78 1 0
 298 3009.200 4075.800 -16 -7 8.000 1.400 10.000000 301.000 0 1 0
 300 3099.400 3390.400 -7 -6 8.000 2.700 21.000000 216.000 0 1 0
 301 2069.199 580.400 4 -6 4.000 4.100 16.000000 121.000 78 1 0
 324 174.600 3151.600 -8 -4 12.000 5.400 48.000000 214.000 0 1 0
 325 176.600 3143.600 -8 -4 8.000 4.100 32.000000 170.000 0 1 0
 326 210.600 3151.600 -8 -4 12.000 5.400 59.000000 275.000 0 1 0
 327 212.600 3143.600 -8 -4 16.000 5.400 75.000000 239.000 78 1 0
 328 242.600 3143.600 -8 -4 28.000 5.400 97.000000 219.000 0 1 0
 329 246.600 3151.600 -8 -4 20.000 6.800 86.000000 246.000 0 1 0
 330 280.600 3143.600 -8 -4 16.000 4.100 54.000000 177.000 0 1 0
 331 284.600 3151.600 -8 -4 24.000 5.400 75.000000 193.000 0 1 0
 332 4935.200 3106.600 -1 -4 4.000 1.400 5.000000 204.000 100 1 0
 333 4937.200 2788.600 -1 -4 8.000 2.700 21.000000 271.000 100 1 0
 334 4937.200 2851.600 -1 -4 8.000 2.700 16.000000 243.000 100 1 0
 335 4937.200 2914.600 -1 -4 8.000 1.400 10.000000 254.000 100 1 0
 336 4937.200 2923.600 -1 -4 8.000 2.700 16.000000 258.000 100 1 0
 337 4937.200 2987.600 -1 -4 8.000 2.700 16.000000 247.000 100 1 0
 338 4937.200 3042.600 -1 -4 8.000 2.700 16.000000 263.000 100 1 0
 339 4939.200 2468.600 -1 -4 4.000 1.400 5.000000 214.000 100 1 0
 340 4939.200 2514.600 -1 -4 12.000 4.100 37.000000 294.000 100 1 0
 341 4939.200 2541.600 -1 -4 4.000 2.700 10.000000 261.000 100 1 0
 342 4939.200 2732.600 -1 -4 4.000 1.400 5.000000 256.000 100 1 0
 344 4933.400 3042.600 3 -4 12.000 2.700 27.000000 260.000 100 1 0
 345 4933.400 2977.600 3 -4 4.000 1.400 5.000000 207.000 100 1 0
 346 4933.400 2861.600 3 -4 4.000 1.400 5.000000 182.000 100 1 0
 347 4933.400 2851.600 3 -4 12.000 4.100 37.000000 259.000 100 1 0
 348 4933.400 2786.600 3 -4 12.000 4.100 32.000000 271.000 100 1 0
 349 4933.400 3115.600 3 -4 4.000 1.400 5.000000 181.000 100 1 0
 350 4933.400 3170.600 3 -4 4.000 1.400 5.000000 184.000 100 1 0
 351 4935.400 2515.600 3 -4 8.000 4.100 27.000000 276.000 100 1 0
 352 4935.400 2541.600 3 -4 8.000 2.700 21.000000 259.000 100 1 0
 353 4935.400 2914.600 3 -4 8.000 2.700 16.000000 235.000 100 1 0
 354 4935.400 2923.600 3 -4 8.000 2.700 16.000000 246.000 100 1 0
 355 4935.400 2660.600 3 -4 8.000 1.400 10.000000 210.000 100 1 0
 356 4935.400 2987.600 3 -4 8.000 2.700 16.000000 248.000 100 1 0
 357 4935.400 2732.600 3 -4 8.000 2.700 16.000000 258.000 100 1 0
 358 4935.400 3106.600 3 -4 8.000 2.700 21.000000 213.000 100 1 0
 359 4937.400 2468.600 3 -4 4.000 2.700 10.000000 201.000 100 1 0
 360 4937.400 2414.600 3 -4 4.000 1.400 5.000000 185.000 100 1 0
 361 4937.400 2404.600 3 -4 4.000 2.700 10.000000 198.000 100 1 0
 363 4933.600 2786.600 7 -4 4.000 2.700 10.000000 265.000 0 1 0
 364 4933.600 2851.600 7 -4 4.000 2.700 10.000000 247.000 0 1 0
 365 4933.600 2914.600 7 -4 4.000 1.400 5.000000 226.000 0 1 0
 366 4933.600 2923.600 7 -4 4.000 1.400 5.000000 238.000 0 1 0
 367 4933.600 2987.600 7 -4 4.000 1.400 5.000000 237.000 0 1 0
 368 4933.600 3042.600 7 -4 4.000 1.400 5.000000 248.000 0 1 0
 369 4935.600 2514.600 7 -4 8.000 2.700 21.000000 296.000 0 1 0
 370 1249.000 4048.600 10 -4 8.000 2.700 21.000000 229.000 0 1 0
 374 283.600 3152.600 12 -4 24.000 4.100 48.000000 227.000 0 1 0
 375 283.600 3141.600 12 -4 24.000 4.100 59.000000 218.000 0 1 0
 377 393.600 3183.600 12 -4 4.000 1.400 5.000000 191.000 0 1 0
 378 417.600 3182.600 12 -4 20.000 4.100 37.000000 227.000 0 1 0
 379 445.600 3182.600 12 -4 4.000 4.100 16.000000 193.000 0 1 0
 381 4469.200 1061.800 -11 -2 4.000 1.400 5.000000 154.000 0 1 0
 385 2036.600 369.800 12 -2 8.000 13.600 75.000000 153.000 0 1 0
 386 2052.600 530.800 12 -2 8.000 1.400 10.000000 127.000 0 1 0
 387 2052.600 541.800 12 -2 8.000 31.200 206.000000 173.000 0 1 0
 388 2070.600 579.800 12 -2 4.000 4.100 16.000000 113.000 0 1 0
 396 3690.000 2446.400 10 -1 8.000 4.100 32.000000 215.000 3 1 0
 397 455.000 3181.400 10 -1 8.000 5.400 27.000000 203.000 100 1 0
 398 427.000 3182.400 10 -1 24.000 4.100 86.000000 254.000 100 1 0
 399 403.000 3182.400 10 -1 8.000 2.700 16.000000 182.000 100 1 0
 402 291.000 3142.400 10 -1 32.000 5.400 157.000000 279.000 100 1 0
 403 289.000 3151.400 10 -1 28.000 6.800 135.000000 275.000 100 1 0
 404 253.000 3152.400 10 -1 20.000 5.400 86.000000 255.000 100 1 0
 405 235.000 3140.400 10 -1 56.000 5.400 206.000000 275.000 100 1 0
 406 215.000 3152.400 10 -1 8.000 2.700 16.000000 208.000 100 1 0
 407 181.000 3142.400 10 -1 12.000 6.800 65.000000 283.000 100 1 0
 408 179.000 3151.400 10 -1 8.000 6.800 54.000000 276.000 100 1 0
 416 4940.000 3296.400 5 -1 4.000 2.700 10.000000 184.000 0 1 0
 417 4937.000 2850.400 5 -1 4.000 1.400 5.000000 190.000 78 1 0
 418 4937.000 3043.400 5 -1 4.000 1.400 5.000000 213.000 0 1 0
 421 4808.000 3162.400 5 -1 4.000 1.400 5.000000 202.000 0 1 0
 422 304.600 3259.400 2 -1 4.000 2.700 10.000000 255.000 0 1 0
 423 4943.800 3105.400 1 -1 8.000 1.400 10.000000 221.000 0 1 0
 424 4942.800 3296.400 1 -1 8.000 2.700 21.000000 248.000 0 1 0
 425 4942.800 3169.400 1 -1 8.000 1.400 10.000000 215.000 0 1 0
 426 4940.800 2923.400 1 -1 4.000 1.400 5.000000 260.000 0 1 0
 427 4940.800 2914.400 1 -1 4.000 1.400 5.000000 242.000 0 1 0
 428 4940.800 2852.400 1 -1 4.000 2.700 10.000000 251.000 0 1 0
 429 4940.800 2987.400 1 -1 4.000 1.400 5.000000 261.000 0 1 0
 430 4940.800 3043.400 1 -1 4.000 2.700 10.000000 278.000 0 1 0
 432 4944.600 3105.400 -3 -1 8.000 1.400 10.000000 180.000 0 1 0
 433 4943.600 3296.400 -3 -1 8.000 4.100 27.000000 197.000 0 1 0
 434 4942.600 2923.400 -3 -1 4.000 1.400 5.000000 202.000 0 1 0
 435 4942.600 2787.400 -3 -1 4.000 2.700 10.000000 202.000 0 1 0
 436 4942.600 2978.400 -3 -1 4.000 1.400 5.000000 179.000 78 1 0
 437 4940.600 3043.400 -3 -1 8.000 2.700 21.000000 235.000 0 1 0
 438 4940.600 2852.400 -3 -1 8.000 1.400 10.000000 190.000 0 1 0
 439 4940.600 2987.400 -3 -1 8.000 2.700 16.000000 217.000 0 1 0
 443 290.000 3142.400 -10 -1 12.000 4.100 27.000000 186.000 0 1 0
 444 288.000 3150.400 -10 -1 16.000 4.100 43.000000 192.000 0 1 0
 445 254.000 3150.400 -10 -1 20.000 6.800 92.000000 239.000 0 1 0
 446 250.000 3142.400 -10 -1 28.000 4.100 81.000000 226.000 0 1 0
 447 236.000 3255.400 -10 -1 8.000 2.700 21.000000 191.000 0 1 0
 448 220.000 3142.400 -10 -1 16.000 4.100 54.000000 229.000 0 1 0
 449 218.000 3151.400 -10 -1 12.000 5.400 65.000000 250.000 0 1 0
 450 186.000 3142.400 -10 -1 4.000 2.700 10.000000 170.000 0 1 0
 451 184.000 3151.400 -10 -1 8.000 5.400 37.000000 209.000 0 1 0
 459 3546.600 497.400 -13 -1 4.000 1.400 5.000000 101.000 78 1 0
 474 2054.600 536.600 2 1 16.000 6.800 54.000000 151.000 0 1 0
 475 2054.600 546.600 2 1 16.000 23.000 108.000000 132.000 0 1 0
 484 1748.600 2968.600 2 1 12.000 4.100 37.000000 155.000 0 1 0
 486 282.600 1401.200 7 2 8.000 2.700 21.000000 255.000 1 1 0
 487 571.400 3507.200 13 2 8.000 5.400 32.000000 261.000 0 1 0
 488 589.400 3522.200 13 2 12.000 5.400 37.000000 325.000 0 1 0
 489 601.400 3587.200 13 2 4.000 4.100 16.000000 278.000 77 1 0
 495 4940.600 2513.800 7 3 4.000 2.700 10.000000 281.000 0 1 0
 496 331.200 1124.800 4 3 28.000 4.100 70.000000 170.000 0 1 0
 497 331.200 1155.800 4 3 28.000 4.100 54.000000 178.000 0 1 0
 501 1852.600 3467.800 2 3 24.000 2.700 37.000000 142.000 0 1 0
 506 4942.200 2731.800 -1 3 4.000 1.400 5.000000 156.000 0 1 0
 507 4942.200 2787.800 -1 3 4.000 1.400 5.000000 181.000 78 1 0
 511 290.600 3150.800 -8 3 24.000 5.400 75.000000 217.000 0 1 0
 512 286.600 3142.800 -8 3 16.000 2.700 37.000000 202.000 0 1 0
 513 252.600 3151.800 -8 3 20.000 5.400 97.000000 234.000 0 1 0
 514 234.600 3142.800 -8 3 56.000 4.100 162.000000 244.000 0 1 0
 515 214.600 3151.800 -8 3 16.000 5.400 70.000000 247.000 0 1 0
 516 182.600 3142.800 -8 3 8.000 2.700 16.000000 185.000 78 1 0
 517 182.600 3151.800 -8 3 8.000 5.400 37.000000 218.000 0 1 0
 519 342.600 1124.400 -8 4 4.000 2.700 10.000000 126.000 78 1 0
 520 339.400 1059.400 -7 4 4.000 1.400 5.000000 127.000 0 1 0
 521 355.400 1059.400 -7 4 4.000 1.400 5.000000 153.000 0 1 0
 522 399.400 1059.400 -7 4 4.000 1.400 5.000000 145.000 78 1 0
 524 4656.600 1000.000 -8 5 8.000 1.400 10.000000 192.000 0 1 0
 525 4470.800 1062.000 -9 5 4.000 1.400 5.000000 140.000 0 1 0
 547 175.200 3150.600 -6 6 12.000 5.400 48.000000 207.000 0 1 0
 548 177.200 3142.600 -6 6 8.000 4.100 32.000000 187.000 0 1 0
 549 209.200 3150.600 -6 6 16.000 5.400 75.000000 251.000 0 1 0
 550 229.200 3142.600 -6 6 56.000 5.400 227.000000 254.000 78 1 0
 551 241.200 3152.600 -6 6 32.000 5.400 140.000000 245.000 0 1 0
 552 285.200 3142.600 -6 6 24.000 5.400 103.000000 206.000 0 1 0
 553 287.200 3150.600 -6 6 28.000 5.400 113.000000 218.000 0 1 0
 556 1841.000 2241.600 -5 6 8.000 4.100 27.000000 304.000 1 1 0
 562 4935.600 2986.600 -3 6 4.000 1.400 5.000000 181.000 100 1 0
 563 4937.600 3297.600 -3 6 8.000 2.700 16.000000 198.000 100 1 0
 564 173.400 3152.600 -2 6 8.000 5.400 37.000000 227.000 100 1 0
 565 175.400 3141.600 -2 6 12.000 5.400 54.000000 251.000 100 1 0
 567 209.400 3140.600 -2 6 8.000 1.400 10.000000 204.000 100 1 0
 568 251.400 3140.600 -2 6 12.000 1.400 16.000000 219.000 100 1 0
 569 287.400 3141.600 -2 6 28.000 5.400 81.000000 255.000 100 1 0
 570 287.400 3152.600 -2 6 28.000 4.100 65.000000 243.000 100 1 0
 571 297.400 3260.600 -2 6 8.000 4.100 21.000000 209.000 100 1 0
 574 423.400 3182.600 -2 6 20.000 4.100 65.000000 247.000 100 1 0
 575 449.400 3182.600 -2 6 8.000 5.400 37.000000 217.000 100 1 0
 578 4933.800 2786.600 1 6 4.000 2.700 10.000000 202.000 0 1 0
 579 4933.800 2851.600 1 6 4.000 1.400 5.000000 197.000 78 1 0
 580 4933.800 2923.600 1 6 4.000 2.700 10.000000 197.000 0 1 0
 581 4933.800 2986.600 1 6 4.000 1.400 5.000000 198.000 0 1 0
 582 4933.800 3043.600 1 6 4.000 1.400 5.000000 198.000 0 1 0
 583 4933.800 3106.600 1 6 4.000 1.400 5.000000 172.000 0 1 0
 584 4935.800 3297.600 1 6 8.000 4.100 21.000000 224.000 0 1 0
 585 293.600 3260.600 2 6 4.000 1.400 5.000000 170.000 0 1 0
 589 4934.000 3297.600 5 6 4.000 2.700 10.000000 264.000 78 1 0
 590 295.800 3260.600 6 6 8.000 4.100 21.000000 265.000 78 1 0
 595 170.000 3152.600 10 6 4.000 4.100 16.000000 188.000 0 1 0
 596 172.000 3141.600 10 6 8.000 2.700 16.000000 195.000 0 1 0
 597 282.000 3152.600 10 6 28.000 4.100 92.000000 233.000 0 1 0
 598 282.000 3141.600 10 6 28.000 4.100 65.000000 226.000 78 1 0
 599 294.000 3260.600 10 6 4.000 4.100 16.000000 226.000 0 1 0
 602 418.000 3182.600 10 6 20.000 2.700 54.000000 216.000 0 1 0
 603 446.000 3180.600 10 6 4.000 5.400 21.000000 219.000 0 1 0
 604 4469.600 1061.800 -3 8 4.000 1.400 5.000000 157.000 78 1 0
 621 4675.000 1000.400 0 9 4.000 1.400 5.000000 147.000 0 1 0
 622 4653.000 1000.400 0 9 8.000 1.400 10.000000 156.000 78 1 0
 623 4726.200 2682.400 -6 9 4.000 1.400 5.000000 192.000 0 1 0
 624 4658.200 1497.400 -6 9 8.000 2.700 16.000000 193.000 78 1 0
 625 4337.600 3772.400 -8 9 12.000 4.100 37.000000 460.000 78 1 0
 626 176.800 3152.000 -4 10 4.000 4.100 16.000000 156.000 0 1 0
 627 180.800 3144.000 -4 10 4.000 2.700 10.000000 145.000 78 1 0
 628 280.800 3152.000 -4 10 4.000 1.400 5.000000 157.000 0 1 0
 630 4940.200 2515.000 -1 10 4.000 1.400 5.000000 172.000 78 1 0
 631 177.000 3152.000 0 10 12.000 6.800 59.000000 250.000 0 1 0
 632 181.000 3143.000 0 10 12.000 6.800 54.000000 238.000 0 1 0
 633 213.000 3153.000 0 10 12.000 4.100 43.000000 229.000 0 1 0
 634 233.000 3143.000 0 10 60.000 6.800 238.000000 262.000 0 1 0
 635 249.000 3152.000 0 10 20.000 6.800 92.000000 257.000 0 1 0
 636 289.000 3143.000 0 10 28.000 6.800 140.000000 252.000 0 1 0
 637 289.000 3152.000 0 10 28.000 6.800 140.000000 248.000 0 1 0
 639 425.000 3183.000 0 10 20.000 4.100 65.000000 193.000 0 1 0
 640 890.800 3763.000 1 10 8.000 1.400 10.000000 128.000 77 1 0
 641 4934.400 2540.000 3 10 4.000 1.400 5.000000 162.000 100 1 0
 642 4936.400 2515.000 3 10 8.000 4.100 27.000000 228.000 100 1 0
 643 4938.400 2732.000 3 10 4.000 1.400 5.000000 134.000 100 1 0
 644 173.200 3152.000 4 10 8.000 6.800 43.000000 208.000 100 1 0
 645 177.200 3143.000 4 10 16.000 6.800 70.000000 212.000 100 1 0
 646 231.200 3141.000 4 10 52.000 4.100 130.000000 220.000 100 1 0
 647 253.200 3153.000 4 10 8.000 2.700 16.000000 201.000 100 1 0
 648 287.200 3152.000 4 10 28.000 6.800 97.000000 234.000 100 1 0
 649 287.200 3143.000 4 10 28.000 6.800 140.000000 232.000 100 1 0
 653 425.200 3183.000 4 10 24.000 4.100 75.000000 204.000 100 1 0
 654 449.200 3183.000 4 10 8.000 4.100 32.000000 176.000 100 1 0
 659 4656.200 1010.200 -1 12 8.000 4.100 21.000000 178.000 0 1 0
 660 4658.200 1507.200 -1 12 12.000 5.400 54.000000 189.000 78 1 0
 661 4658.200 1002.200 -1 12 12.000 4.100 43.000000 209.000 0 1 0
 662 4660.200 1498.200 -1 12 16.000 5.400 70.000000 227.000 0 1 0
 663 4680.200 1002.200 -1 12 8.000 2.700 21.000000 194.000 0 1 0
 664 4682.200 1498.200 -1 12 12.000 5.400 43.000000 205.000 0 1 0
 665 4718.200 2681.200 -1 12 16.000 1.400 21.000000 198.000 0 1 0
 666 4659.400 3366.200 3 12 16.000 2.700 37.000000 270.000 1 1 0
 673 2620.800 611.800 6 13 8.000 4.100 32.000000 240.000 0 1 0
 674 2616.800 579.800 6 13 8.000 2.700 16.000000 177.000 0 1 0
 694 4657.000 1001.800 0 13 4.000 2.700 10.000000 190.000 78 1 0
 704 4432.800 3000.800 -4 13 44.000 9.500 130.000000 318.000 0 1 0
 708 3548.000 492.800 -5 13 4.000 2.700 10.000000 102.000 78 1 0
 711 2619.400 3710.400 -7 14 8.000 1.400 10.000000 179.000 78 1 0
 717 1455.800 2609.000 -4 15 4.000 2.700 10.000000 179.000 1 1 0
 718 4740.400 3636.600 3 16 8.000 2.700 21.000000 116.000 0 1 0
 719 4766.400 3648.600 3 16 12.000 2.700 27.000000 116.000 0 1 0
 720 4786.400 3654.600 3 16 20.000 4.100 48.000000 252.000 0 1 0
 722 4922.400 3601.600 3 16 4.000 1.400 5.000000 113.000 0 1 0
 723 4930.400 3541.600 3 16 20.000 9.500 59.000000 241.000 0 1 0
 724 4944.400 3568.600 3 16 8.000 25.700 157.000000 374.000 0 1 0
 725 1579.200 3192.600 4 16 16.000 2.700 37.000000 167.000 100 1 0
 726 1593.200 3197.600 4 16 4.000 2.700 10.000000 109.000 100 1 0
 727 1699.200 3047.600 4 16 8.000 4.100 27.000000 238.000 100 1 0
 730 1837.200 3047.600 4 16 12.000 5.400 37.000000 315.000 100 1 0
 731 1855.200 3064.600 4 16 8.000 2.700 16.000000 189.000 100 1 0
 732 2049.199 3076.600 4 16 4.000 4.100 16.000000 136.000 100 1 0
 733 2103.200 2940.600 4 16 8.000 4.100 27.000000 231.000 100 1 0
 734 2123.200 2940.600 4 16 16.000 4.100 48.000000 276.000 100 1 0
 735 2191.200 2940.600 4 16 8.000 4.100 27.000000 146.000 100 1 0
 737 2221.200 2944.600 4 16 20.000 5.400 54.000000 187.000 100 1 0
 738 2249.200 2974.600 4 16 4.000 1.400 5.000000 102.000 100 1 0
 739 2387.200 2940.600 4 16 8.000 5.400 37.000000 156.000 100 1 0
 740 2571.200 2927.600 4 16 8.000 2.700 16.000000 165.000 100 1 0
 741 211.200 3153.200 4 17 8.000 4.100 32.000000 179.000 78 1 0
 743 249.000 3153.200 0 17 8.000 2.700 16.000000 160.000 0 1 0
 744 213.000 3153.200 0 17 8.000 4.100 32.000000 190.000 0 1 0
 745 178.200 3576.000 -1 20 4.000 2.700 10.000000 834.000 100 1 0
 746 586.200 4028.000 -1 20 12.000 2.700 27.000000 903.000 100 1 0
 747 604.200 4029.000 -1 20 8.000 2.700 16.000000 909.000 100 1 0
 748 826.200 4061.000 -1 20 4.000 2.700 10.000000 786.000 100 1 0
 749 828.200 4051.000 -1 20 8.000 6.800 32.000000 885.000 100 1 0
 750 918.200 3676.000 -1 20 4.000 2.700 10.000000 880.000 100 1 0
 751 1040.200 3688.000 -1 20 8.000 2.700 16.000000 882.000 100 1 0
 752 1066.200 3691.000 -1 20 20.000 4.100 48.000000 909.000 100 1 0
 753 1074.200 3699.000 -1 20 4.000 2.700 10.000000 841.000 100 1 0
 754 1100.200 3695.000 -1 20 16.000 2.700 27.000000 892.000 100 1 0
 755 1124.200 3697.000 -1 20 16.000 2.700 32.000000 856.000 100 1 0
 756 1164.200 3702.000 -1 20 40.000 10.800 157.000000 928.000 100 1 0
 757 1214.200 3696.000 -1 20 12.000 13.600 119.000000 972.000 100 1 0
 758 1218.200 3708.000 -1 20 36.000 10.800 140.000000 913.000 100 1 0
 759 1272.200 3710.000 -1 20 40.000 21.700 249.000000 988.000 100 1 0
 760 1318.200 3716.000 -1 20 28.000 8.100 108.000000 905.000 100 1 0
 761 1340.200 3729.000 -1 20 8.000 2.700 21.000000 845.000 100 1 0
 762 1366.200 3725.000 -1 20 12.000 5.400 37.000000 890.000 100 1 0
 763 1388.200 3725.000 -1 20 16.000 9.500 59.000000 874.000 100 1 0
 764 1394.200 3716.000 -1 20 12.000 9.500 81.000000 939.000 100 1 0
 765 1414.200 3727.000 -1 20 4.000 5.400 21.000000 880.000 100 1 0
 766 1436.200 3731.000 -1 20 24.000 9.500 119.000000 876.000 100 1 0
 767 1466.200 3741.000 -1 20 4.000 2.700 10.000000 822.000 100 1 0
 768 1472.200 3735.000 -1 20 16.000 2.700 27.000000 836.000 100 1 0
 769 1496.200 3735.000 -1 20 16.000 13.600 124.000000 886.000 100 1 0
 770 1522.200 3739.000 -1 20 12.000 2.700 21.000000 902.000 100 1 0
 771 1548.200 3745.000 -1 20 16.000 8.100 54.000000 845.000 100 1 0
 772 1576.200 3746.000 -1 20 8.000 5.400 32.000000 837.000 100 1 0
 773 1590.200 3748.000 -1 20 4.000 1.400 5.000000 828.000 100 1 0
 774 1594.200 3756.000 -1 20 4.000 2.700 10.000000 826.000 100 1 0
 775 1608.200 3750.000 -1 20 8.000 12.200 59.000000 874.000 100 1 0
 776 1628.200 3752.000 -1 20 8.000 4.100 32.000000 851.000 100 1 0
 777 1638.200 3760.000 -1 20 4.000 1.400 5.000000 842.000 100 1 0
 778 1652.200 3752.000 -1 20 16.000 4.100 37.000000 865.000 100 1 0
 779 1656.200 3761.000 -1 20 16.000 4.100 37.000000 844.000 100 1 0
 780 1698.200 3754.000 -1 20 36.000 14.900 260.000000 952.000 100 1 0
 781 1809.200 3762.000 -1 20 256.000 63.700 2032.000000 949.000 100 1 0
 782 2214.200 3811.000 -1 20 292.000 48.800 2222.000128 992.000 100 1 0
 783 2384.200 3828.000 -1 20 24.000 6.800 81.000000 813.000 100 1 0
 784 2418.200 3819.000 -1 20 28.000 10.800 113.000000 853.000 100 1 0
 785 2442.200 3828.000 -1 20 12.000 4.100 37.000000 679.000 100 1 0
 786 2458.200 3821.000 -1 20 12.000 4.100 10.000000 714.000 100 1 0
 787 2608.200 3822.000 -1 20 8.000 4.100 21.000000 706.000 100 1 0
 788 2612.200 3849.000 -1 20 48.000 4.100 124.000000 798.000 100 1 0
 789 2654.200 3861.000 -1 20 28.000 4.100 65.000000 788.000 100 1 0
 790 2766.200 3849.000 -1 20 60.000 5.400 162.000000 782.000 100 1 0
 791 2802.200 3863.000 -1 20 12.000 4.100 37.000000 731.000 100 1 0
 792 2804.200 3874.000 -1 20 8.000 1.400 10.000000 711.000 100 1 0
 793 2890.200 3860.000 -1 20 20.000 4.100 37.000000 636.000 100 1 0
 794 2906.200 3884.000 -1 20 28.000 4.100 97.000000 874.000 100 1 0
 795 2922.200 3860.000 -1 20 4.000 1.400 5.000000 570.000 100 1 0
 796 2958.200 3884.000 -1 20 20.000 4.100 59.000000 835.000 100 1 0
 797 2968.200 3874.000 -1 20 16.000 4.100 59.000000 809.000 100 1 0
 798 3082.200 3880.000 -1 20 20.000 10.800 146.000000 854.000 100 1 0
 799 3162.200 3886.000 -1 20 52.000 5.400 200.000000 876.000 100 1 0
 800 3212.200 3887.000 -1 20 16.000 8.100 48.000000 761.000 100 1 0
 801 3462.200 3913.000 -1 20 20.000 2.700 16.000000 657.000 100 1 0
 802 3536.200 3913.000 -1 20 8.000 1.400 10.000000 610.000 100 1 0
 803 3554.200 3912.000 -1 20 4.000 1.400 5.000000 453.000 100 1 0
 804 3564.200 3931.000 -1 20 8.000 13.600 59.000000 573.000 100 1 0
 805 3568.200 3939.000 -1 20 8.000 2.700 16.000000 530.000 100 1 0
 806 3576.200 3958.000 -1 20 24.000 17.600 178.000000 761.000 100 1 0
 807 3610.200 3895.000 -1 20 4.000 1.400 5.000000 409.000 100 1 0
 808 3618.200 3912.000 -1 20 4.000 1.400 5.000000 406.000 100 1 0
 809 3634.200 3933.000 -1 20 12.000 1.400 16.000000 536.000 100 1 0
 810 3638.200 3959.000 -1 20 12.000 4.100 37.000000 560.000 100 1 0
 811 3640.200 3912.000 -1 20 16.000 4.100 48.000000 691.000 100 1 0
 812 3676.200 3889.000 -1 20 16.000 5.400 27.000000 467.000 100 1 0
 813 3690.200 3932.000 -1 20 12.000 4.100 32.000000 626.000 100 1 0
 814 3694.200 3912.000 -1 20 12.000 4.100 43.000000 548.000 100 1 0
 815 3720.200 3959.000 -1 20 56.000 40.700 390.000000 733.000 100 1 0
 816 3722.200 3932.000 -1 20 4.000 2.700 10.000000 431.000 100 1 0
 817 3814.200 4058.000 -1 20 4.000 2.700 10.000000 414.000 100 1 0
 818 3832.200 3960.000 -1 20 152.000 16.300 444.000000 771.000 100 1 0
 819 3846.200 3974.000 -1 20 132.000 31.200 910.000000 746.000 100 1 0
 820 3954.200 3979.000 -1 20 36.000 37.900 395.000000 829.000 100 1 0
 821 3958.200 3996.000 -1 20 4.000 4.100 16.000000 480.000 100 1 0
 822 4016.200 3960.000 -1 20 8.000 1.400 10.000000 425.000 100 1 0
 823 4036.200 3959.000 -1 20 16.000 4.100 32.000000 511.000 100 1 0
 824 4060.200 3962.000 -1 20 8.000 2.700 16.000000 469.000 100 1 0
 825 4088.200 3982.000 -1 20 152.000 46.100 1192.000000 844.000 100 1 0
 826 4094.200 4046.000 -1 20 4.000 1.400 5.000000 423.000 100 1 0
 827 4186.200 3960.000 -1 20 28.000 4.100 48.000000 498.000 100 1 0
 828 4196.200 4006.000 -1 20 16.000 8.100 54.000000 699.000 100 1 0
 829 4200.200 4015.000 -1 20 8.000 4.100 27.000000 527.000 100 1 0
 830 4200.200 3982.000 -1 20 56.000 10.800 227.000000 629.000 100 1 0
 831 4216.200 4015.000 -1 20 8.000 1.400 10.000000 506.000 100 1 0
 832 4224.200 3994.000 -1 20 8.000 4.100 27.000000 471.000 100 1 0
 833 4240.200 3993.000 -1 20 8.000 4.100 16.000000 466.000 100 1 0
 834 4248.200 4008.000 -1 20 16.000 14.900 108.000000 601.000 100 1 0
 835 4254.200 3983.000 -1 20 20.000 6.800 97.000000 561.000 100 1 0
 836 4254.200 3975.000 -1 20 12.000 2.700 32.000000 468.000 100 1 0
 837 4268.200 4015.000 -1 20 8.000 1.400 10.000000 441.000 100 1 0
 838 4290.200 3993.000 -1 20 36.000 28.500 379.000000 640.000 100 1 0
 839 4314.200 4015.000 -1 20 20.000 4.100 37.000000 634.000 100 1 0
 840 4324.200 3955.000 -1 20 8.000 4.100 21.000000 440.000 100 1 0
 841 4356.200 3982.000 -1 20 32.000 5.400 81.000000 542.000 100 1 0
 842 4366.200 4008.000 -1 20 44.000 16.300 130.000000 624.000 100 1 0
 843 4406.200 3983.000 -1 20 4.000 1.400 5.000000 434.000 100 1 0
 844 4406.200 3997.000 -1 20 4.000 1.400 5.000000 428.000 100 1 0
 845 4406.200 4015.000 -1 20 4.000 1.400 5.000000 489.000 100 1 0
 846 4410.200 4008.000 -1 20 20.000 4.100 48.000000 653.000 100 1 0
 847 4412.200 4035.000 -1 20 8.000 1.400 10.000000 417.000 100 1 0
 848 4422.200 3983.000 -1 20 4.000 1.400 5.000000 461.000 100 1 0
 849 4426.200 4036.000 -1 20 4.000 2.700 10.000000 521.000 100 1 0
 850 4448.200 4008.000 -1 20 24.000 5.400 81.000000 614.000 100 1 0
 851 4454.200 4000.000 -1 20 28.000 8.100 86.000000 604.000 100 1 0
 852 4466.200 4062.000 -1 20 4.000 1.400 5.000000 457.000 100 1 0
 853 4470.200 4038.000 -1 20 12.000 6.800 59.000000 720.000 100 1 0
 854 4682.200 4035.000 -1 20 324.000 37.900 3127.000064 1036.000 100 1 0
 855 4920.200 4055.000 -1 20 56.000 17.600 363.000000 879.000 100 1 0
 856 4924.200 4065.000 -1 20 40.000 4.100 108.000000 636.000 100 1 0
 857 258.000 4076.000 0 20 4.000 2.700 10.000000 777.000 100 1 0;
DieOrigin 0.0000000000e+00 0.0000000000e+00;
WaferID "@14";
Slot 14;
SampleCenterLocation 5.2280000000e+03 -6.0240000000e+03;
OrientationInstructions "";
InspectionTest 1;
AreaPerTest 2.3427000048e+10;
DefectRecordSpec 12 DEFECTID XREL YREL XINDEX YINDEX XSIZE YSIZE DEFECTAREA DSIZE CLASSNUMBER TEST IMAGECOUNT ;
DefectList
 1 4832.800 1852.600 1 -24 8.000 4.100 32.000000 367.000 0 1 0
 31 4706.000 1522.600 5 -19 116.000 31.200 444.000000 619.000 0 1 0
 32 4639.000 1411.600 5 -19 20.000 5.400 54.000000 324.000 0 1 0
 33 3969.000 1356.600 5 -19 8.000 2.700 21.000000 179.000 0 1 0
 34 4601.200 2701.600 4 -19 4.000 2.700 10.000000 135.000 0 1 0
 41 177.200 3151.200 4 -18 4.000 1.400 5.000000 167.000 0 1 0
 42 209.200 3142.200 4 -18 12.000 4.100 32.000000 173.000 0 1 0
 43 209.200 3151.200 4 -18 12.000 5.400 54.000000 196.000 0 1 0
 44 378.200 1080.200 4 -18 48.000 12.200 379.000000 225.000 0 1 0
 45 378.200 1061.200 4 -18 48.000 13.600 281.000000 221.000 0 1 0
 46 1347.600 2843.800 7 -17 12.000 4.100 37.000000 294.000 0 1 0
 47 1324.600 3564.800 7 -17 8.000 4.100 27.000000 240.000 0 1 0
 48 1255.600 3103.800 7 -17 12.000 4.100 32.000000 232.000 0 1 0
 49 1190.600 2560.800 7 -17 16.000 6.800 81.000000 650.000 0 1 0
 52 377.400 1079.800 3 -17 48.000 12.200 319.000000 277.000 0 1 0
 53 377.400 1060.800 3 -17 48.000 12.200 314.000000 284.000 0 1 0
 57 4196.200 2554.800 -6 -17 8.000 6.800 54.000000 355.000 0 1 0
 60 4726.200 922.400 9 -16 12.000 8.100 70.000000 447.000 0 1 0
 69 4940.000 3298.000 5 -15 4.000 1.400 5.000000 178.000 0 1 0
 76 299.600 3261.000 2 -15 4.000 2.700 10.000000 175.000 0 1 0
 77 4939.800 2787.000 1 -15 12.000 1.400 16.000000 228.000 0 1 0
 78 4939.800 2978.000 1 -15 4.000 1.400 5.000000 185.000 0 1 0
 79 4939.800 2987.000 1 -15 12.000 1.400 10.000000 254.000 0 1 0
 80 4938.800 2731.000 1 -15 4.000 1.400 5.000000 165.000 0 1 0
 81 4937.800 3298.000 1 -15 8.000 4.100 27.000000 271.000 0 1 0
 82 4937.800 3180.000 1 -15 8.000 1.400 10.000000 210.000 0 1 0
 83 4937.800 3169.000 1 -15 8.000 2.700 16.000000 217.000 0 1 0
 84 4937.800 3116.000 1 -15 8.000 2.700 16.000000 206.000 0 1 0
 85 4937.800 3105.000 1 -15 8.000 2.700 21.000000 217.000 0 1 0
 86 4937.800 3042.000 1 -15 8.000 4.100 27.000000 264.000 0 1 0
 87 4937.800 2924.000 1 -15 8.000 2.700 16.000000 227.000 0 1 0
 88 4937.800 2851.000 1 -15 8.000 2.700 16.000000 256.000 0 1 0
 89 4935.800 2914.000 1 -15 4.000 1.400 5.000000 219.000 0 1 0
 90 4935.800 2861.000 1 -15 4.000 1.400 5.000000 185.000 0 1 0
 98 397.200 3222.000 -1 -15 4.000 16.300 65.000000 158.000 0 1 0
 100 4937.600 3043.000 -3 -15 4.000 1.400 5.000000 222.000 0 1 0
 110 2630.800 1025.000 -9 -15 4.000 6.800 27.000000 240.000 0 1 0
 111 2630.800 1047.000 -9 -15 4.000 12.200 48.000000 226.000 0 1 0
 116 1003.200 3295.600 -6 -14 4.000 1.400 5.000000 185.000 0 1 0
 128 4948.800 2222.200 -9 -13 4.000 1.400 5.000000 183.000 0 1 0
 129 4944.800 2287.200 -9 -13 4.000 1.400 5.000000 193.000 0 1 0
 132 4759.800 2500.200 -9 -13 12.000 12.200 92.000000 370.000 0 1 0
 133 4675.800 2503.200 -9 -13 12.000 12.200 108.000000 378.000 0 1 0
 135 1119.000 3854.200 -10 -13 4.000 4.100 16.000000 162.000 0 1 0
 136 1107.000 3843.200 -10 -13 12.000 6.800 59.000000 540.000 0 1 0
 137 4450.200 1876.800 -11 -12 12.000 5.400 43.000000 305.000 0 1 0
 138 4598.200 1747.800 -11 -12 4.000 2.700 10.000000 246.000 0 1 0
 139 4602.200 1716.800 -11 -12 4.000 1.400 5.000000 200.000 0 1 0
 140 4684.200 1612.800 -11 -12 8.000 4.100 32.000000 275.000 0 1 0
 141 4754.200 1525.800 -11 -12 20.000 58.300 547.000000 672.000 0 1 0
 142 4756.200 1479.800 -11 -12 8.000 6.800 43.000000 439.000 0 1 0
 143 4819.200 1333.800 -11 -12 8.000 8.100 54.000000 520.000 0 1 0
 144 4821.200 1308.800 -11 -12 12.000 6.800 48.000000 344.000 0 1 0
 145 230.000 772.800 -10 -12 8.000 5.400 32.000000 235.000 0 1 0
 146 290.000 764.800 -10 -12 24.000 4.100 70.000000 295.000 0 1 0
 147 342.000 686.800 -10 -12 8.000 4.100 27.000000 208.000 0 1 0
 148 342.000 694.800 -10 -12 8.000 5.400 32.000000 249.000 0 1 0
 149 360.000 498.800 -10 -12 12.000 4.100 37.000000 224.000 0 1 0
 150 428.000 478.800 -10 -12 4.000 2.700 10.000000 155.000 0 1 0
 151 486.000 287.800 -10 -12 8.000 5.400 32.000000 250.000 0 1 0
 152 612.000 287.800 -10 -12 12.000 8.100 65.000000 282.000 0 1 0
 153 4464.800 1060.800 -4 -12 4.000 2.700 10.000000 189.000 0 1 0
 155 4943.400 3105.400 3 -11 8.000 2.700 16.000000 201.000 0 1 0
 156 4942.400 3296.400 3 -11 8.000 2.700 16.000000 189.000 0 1 0
 157 4942.400 3169.400 3 -11 8.000 1.400 10.000000 189.000 0 1 0
 158 4941.400 3115.400 3 -11 4.000 1.400 5.000000 170.000 0 1 0
 159 4940.400 3178.400 3 -11 4.000 1.400 5.000000 163.000 0 1 0
 160 4940.400 3043.400 3 -11 4.000 1.400 5.000000 232.000 0 1 0
 161 4940.400 2987.400 3 -11 4.000 1.400 5.000000 229.000 0 1 0
 162 4940.400 2852.400 3 -11 4.000 1.400 5.000000 213.000 0 1 0
 163 4940.400 2787.400 3 -11 4.000 2.700 10.000000 228.000 0 1 0
 164 4940.400 2515.400 3 -11 4.000 2.700 10.000000 231.000 0 1 0
 166 4508.400 3268.400 3 -11 4.000 1.400 5.000000 321.000 0 1 0
 174 4946.200 3169.400 -1 -11 4.000 1.400 5.000000 190.000 0 1 0
 175 4945.200 3105.400 -1 -11 8.000 4.100 27.000000 218.000 0 1 0
 176 4945.200 3115.400 -1 -11 8.000 1.400 10.000000 185.000 0 1 0
 177 4942.200 3298.400 -1 -11 4.000 2.700 10.000000 206.000 0 1 0
 178 4942.200 3178.400 -1 -11 4.000 1.400 5.000000 187.000 0 1 0
 179 4942.200 3043.400 -1 -11 4.000 1.400 5.000000 264.000 0 1 0
 180 4942.200 2987.400 -1 -11 4.000 1.400 5.000000 251.000 0 1 0
 181 4942.200 2924.400 -1 -11 4.000 1.400 5.000000 245.000 0 1 0
 182 4942.200 2914.400 -1 -11 4.000 1.400 5.000000 232.000 0 1 0
 183 4942.200 2852.400 -1 -11 4.000 1.400 5.000000 241.000 0 1 0
 184 4942.200 2787.400 -1 -11 4.000 2.700 10.000000 256.000 0 1 0
 185 4942.200 2733.400 -1 -11 4.000 1.400 5.000000 243.000 0 1 0
 186 4942.200 2540.400 -1 -11 4.000 1.400 5.000000 252.000 0 1 0
 189 4947.000 3105.400 -5 -11 12.000 4.100 27.000000 201.000 0 1 0
 190 4947.000 3116.400 -5 -11 4.000 2.700 10.000000 170.000 0 1 0
 191 4944.000 2733.400 -5 -11 8.000 2.700 21.000000 225.000 0 1 0
 192 4944.000 2788.400 -5 -11 8.000 4.100 27.000000 231.000 0 1 0
 193 4944.000 3296.400 -5 -11 8.000 2.700 16.000000 195.000 0 1 0
 194 4944.000 3169.400 -5 -11 8.000 2.700 16.000000 194.000 0 1 0
 195 4944.000 2914.400 -5 -11 8.000 2.700 16.000000 228.000 0 1 0
 196 4944.000 2924.400 -5 -11 8.000 2.700 16.000000 231.000 0 1 0
 197 4944.000 2978.400 -5 -11 8.000 1.400 10.000000 191.000 0 1 0
 198 4942.000 2540.400 -5 -11 4.000 2.700 10.000000 219.000 0 1 0
 199 4942.000 2852.400 -5 -11 12.000 2.700 27.000000 234.000 0 1 0
 200 4942.000 2861.400 -5 -11 4.000 1.400 5.000000 196.000 0 1 0
 201 4942.000 2987.400 -5 -11 12.000 4.100 32.000000 237.000 0 1 0
 202 4942.000 3043.400 -5 -11 12.000 2.700 27.000000 242.000 0 1 0
 203 4942.000 2516.400 -5 -11 12.000 2.700 21.000000 215.000 0 1 0
 205 3706.000 3777.400 -10 -11 12.000 5.400 48.000000 352.000 0 1 0
 206 4884.200 2421.000 -11 -10 12.000 6.800 59.000000 596.000 0 1 0
 207 3204.000 2309.000 -10 -10 12.000 4.100 37.000000 443.000 0 1 0
 208 2580.400 3569.000 -7 -10 16.000 5.400 59.000000 344.000 0 1 0
 213 4677.800 1007.000 1 -10 4.000 4.100 16.000000 189.000 0 1 0
 216 4719.600 3200.600 12 -9 8.000 5.400 37.000000 397.000 0 1 0
 217 284.200 3141.600 9 -9 24.000 2.700 37.000000 214.000 0 1 0
 218 276.200 3150.600 9 -9 8.000 2.700 21.000000 199.000 0 1 0
 219 254.200 3150.600 9 -9 4.000 2.700 10.000000 199.000 0 1 0
 220 250.200 3141.600 9 -9 12.000 2.700 32.000000 228.000 0 1 0
 221 230.200 3139.600 9 -9 12.000 1.400 16.000000 195.000 0 1 0
 222 208.200 3139.600 9 -9 16.000 1.400 21.000000 212.000 0 1 0
 223 174.200 3152.600 9 -9 12.000 5.400 54.000000 230.000 0 1 0
 224 174.200 3142.600 9 -9 12.000 5.400 54.000000 226.000 0 1 0
 238 334.000 1136.200 0 -8 28.000 2.700 32.000000 175.000 0 1 0
 239 334.000 1125.200 0 -8 28.000 5.400 97.000000 205.000 0 1 0
 240 338.000 1156.200 0 -8 28.000 2.700 70.000000 188.000 0 1 0
 241 340.000 1145.200 0 -8 16.000 1.400 16.000000 152.000 0 1 0
 242 400.000 1080.200 0 -8 8.000 2.700 16.000000 133.000 0 1 0
 243 400.000 1060.200 0 -8 8.000 1.400 10.000000 135.000 0 1 0
 244 402.000 1088.200 0 -8 4.000 1.400 5.000000 126.000 0 1 0
 256 4718.600 2685.200 2 -8 12.000 12.200 119.000000 236.000 0 1 0
 257 4738.600 2683.200 2 -8 12.000 13.600 140.000000 246.000 0 1 0
 261 4938.000 2924.200 5 -8 4.000 1.400 5.000000 308.000 0 1 0
 265 4937.200 3297.200 9 -8 4.000 2.700 10.000000 219.000 0 1 0
 266 4938.200 2851.200 9 -8 4.000 1.400 5.000000 180.000 0 1 0
 268 345.000 1155.800 0 -7 4.000 4.100 16.000000 209.000 0 1 0
 269 317.000 1124.800 0 -7 4.000 1.400 5.000000 154.000 0 1 0
 270 2807.600 3818.800 -3 -7 12.000 4.100 43.000000 329.000 0 1 0
 274 4718.800 2684.400 1 -6 16.000 13.600 157.000000 233.000 0 1 0
 275 4740.800 2683.400 1 -6 12.000 13.600 140.000000 235.000 0 1 0
 279 2051.600 539.400 2 -6 8.000 44.700 184.000000 170.000 0 1 0
 291 4736.400 2683.000 3 -5 8.000 13.600 108.000000 266.000 0 1 0
 292 4716.400 2683.000 3 -5 16.000 13.600 157.000000 258.000 0 1 0
 295 2060.400 559.000 -2 -5 4.000 2.700 10.000000 97.000 0 1 0
 296 2060.400 546.000 -2 -5 4.000 17.600 70.000000 143.000 0 1 0
 299 330.600 1156.000 -3 -5 28.000 2.700 75.000000 194.000 0 1 0
 300 330.600 1126.000 -3 -5 28.000 4.100 86.000000 196.000 0 1 0
 304 4933.400 2987.600 3 -4 4.000 2.700 10.000000 164.000 0 1 0
 305 4933.400 3106.600 3 -4 4.000 1.400 5.000000 180.000 0 1 0
 310 4933.800 2851.600 11 -4 4.000 1.400 5.000000 201.000 0 1 0
 311 4933.800 2914.600 11 -4 4.000 1.400 5.000000 191.000 0 1 0
 312 4933.800 2987.600 11 -4 4.000 1.400 5.000000 200.000 0 1 0
 313 4933.800 3044.600 11 -4 4.000 1.400 5.000000 181.000 0 1 0
 314 4935.800 2786.600 11 -4 8.000 2.700 21.000000 225.000 0 1 0
 315 4937.800 2732.600 11 -4 4.000 1.400 5.000000 210.000 0 1 0
 316 4937.800 2923.600 11 -4 12.000 4.100 10.000000 202.000 0 1 0
 317 4937.800 2514.600 11 -4 4.000 2.700 10.000000 235.000 0 1 0
 321 1548.000 565.800 -5 -2 4.000 1.400 5.000000 180.000 0 1 0
 323 331.200 1156.800 4 -2 28.000 4.100 86.000000 202.000 0 1 0
 324 331.200 1125.800 4 -2 28.000 4.100 86.000000 222.000 0 1 0
 326 305.000 3259.400 10 -1 12.000 5.400 54.000000 272.000 0 1 0
 333 4508.200 3269.400 9 -1 4.000 2.700 10.000000 272.000 0 1 0
 345 4943.800 3105.400 1 -1 8.000 2.700 16.000000 234.000 0 1 0
 346 4942.800 3297.400 1 -1 8.000 2.700 10.000000 190.000 0 1 0
 347 4940.800 3043.400 1 -1 4.000 1.400 5.000000 261.000 0 1 0
 348 4940.800 3178.400 1 -1 4.000 1.400 5.000000 189.000 0 1 0
 359 292.400 3151.400 -2 -1 16.000 2.700 37.000000 180.000 0 1 0
 363 180.400 3151.400 -2 -1 8.000 2.700 16.000000 173.000 0 1 0
 379 2333.000 843.400 -15 -1 8.000 6.800 48.000000 354.000 0 1 0
 380 2333.000 856.400 -15 -1 8.000 4.100 32.000000 388.000 0 1 0
 381 330.600 1126.000 -3 0 28.000 2.700 65.000000 181.000 0 1 0
 382 336.600 1157.000 -3 0 16.000 2.700 32.000000 159.000 0 1 0
 384 347.000 1155.000 0 0 4.000 1.400 5.000000 204.000 0 1 0
 390 4738.600 2692.600 -3 1 4.000 1.400 5.000000 174.000 0 1 0
 391 4738.600 2685.600 -3 1 4.000 1.400 5.000000 181.000 0 1 0
 392 4940.800 2514.800 11 3 4.000 1.400 5.000000 248.000 0 1 0
 397 991.600 3353.400 -13 4 8.000 1.400 10.000000 127.000 0 1 0
 398 1073.600 3069.400 -13 4 12.000 4.100 32.000000 444.000 0 1 0
 399 1205.600 3501.400 -13 4 12.000 5.400 54.000000 523.000 0 1 0
 402 4461.400 1062.000 8 5 4.000 1.400 5.000000 168.000 0 1 0
 403 4669.000 2820.000 0 5 4.000 1.400 5.000000 195.000 0 1 0
 404 335.000 1146.000 0 5 28.000 1.400 27.000000 168.000 0 1 0
 405 333.000 1157.000 0 5 32.000 2.700 86.000000 222.000 0 1 0
 406 331.000 1126.000 0 5 28.000 4.100 108.000000 226.000 0 1 0
 407 331.000 1136.000 0 5 28.000 1.400 37.000000 183.000 0 1 0
 408 4580.600 3374.600 -8 6 8.000 6.800 43.000000 458.000 0 1 0
 414 299.200 3260.600 -6 6 4.000 4.100 16.000000 249.000 0 1 0
 421 4935.600 3042.600 -3 6 4.000 1.400 5.000000 266.000 0 1 0
 422 4937.600 3297.600 -3 6 8.000 2.700 16.000000 227.000 0 1 0
 423 4939.600 3106.600 -3 6 4.000 1.400 5.000000 194.000 0 1 0
 424 299.400 3260.600 -2 6 4.000 2.700 10.000000 250.000 0 1 0
 434 4933.800 3179.600 1 6 4.000 1.400 5.000000 213.000 0 1 0
 435 4933.800 3042.600 1 6 4.000 2.700 10.000000 275.000 0 1 0
 436 4933.800 2924.600 1 6 4.000 1.400 5.000000 213.000 0 1 0
 437 4933.800 2915.600 1 6 4.000 1.400 5.000000 196.000 0 1 0
 438 4933.800 2851.600 1 6 4.000 1.400 5.000000 221.000 0 1 0
 439 4935.800 3298.600 1 6 8.000 2.700 21.000000 231.000 0 1 0
 440 4935.800 3169.600 1 6 8.000 1.400 10.000000 215.000 0 1 0
 441 4935.800 3106.600 1 6 8.000 1.400 10.000000 243.000 0 1 0
 442 4935.800 2988.600 1 6 8.000 2.700 16.000000 240.000 0 1 0
 443 295.600 3260.600 2 6 8.000 4.100 27.000000 222.000 0 1 0
 444 4721.600 2688.600 2 6 4.000 2.700 10.000000 184.000 0 1 0
 445 4739.600 2688.600 2 6 8.000 9.500 70.000000 221.000 0 1 0
 446 389.400 3217.600 3 6 4.000 2.700 10.000000 217.000 0 1 0
 451 4934.000 2851.600 5 6 4.000 1.400 5.000000 224.000 0 1 0
 452 4934.000 2986.600 5 6 4.000 1.400 5.000000 209.000 0 1 0
 453 4934.000 3043.600 5 6 4.000 1.400 5.000000 239.000 0 1 0
 454 4934.000 3106.600 5 6 4.000 1.400 5.000000 237.000 0 1 0
 455 4934.000 3179.600 5 6 4.000 1.400 5.000000 221.000 0 1 0
 456 4936.000 3297.600 5 6 8.000 2.700 21.000000 248.000 0 1 0
 457 297.800 3260.600 6 6 12.000 5.400 48.000000 253.000 0 1 0
 458 437.800 3199.600 6 6 4.000 4.100 16.000000 159.000 0 1 0
 469 4934.200 3298.600 9 6 4.000 2.700 10.000000 202.000 0 1 0
 470 294.000 3260.600 10 6 4.000 2.700 10.000000 196.000 0 1 0
 471 302.000 3310.600 10 6 4.000 1.400 5.000000 103.000 0 1 0
 482 172.200 3152.600 14 6 8.000 4.100 32.000000 217.000 0 1 0
 483 174.200 3142.600 14 6 4.000 1.400 5.000000 180.000 0 1 0
 484 206.200 3150.600 14 6 4.000 1.400 5.000000 203.000 0 1 0
 485 208.200 3141.600 14 6 8.000 2.700 16.000000 199.000 0 1 0
 486 244.200 3152.600 14 6 8.000 2.700 16.000000 220.000 0 1 0
 487 246.200 3141.600 14 6 4.000 1.400 5.000000 198.000 0 1 0
 488 274.200 3152.600 14 6 4.000 2.700 10.000000 197.000 0 1 0
 489 1282.400 2690.200 8 7 12.000 4.100 37.000000 372.000 0 1 0
 490 297.000 3262.200 5 7 4.000 2.700 10.000000 160.000 0 1 0
 491 4448.000 2836.200 0 7 4.000 4.100 16.000000 211.000 0 1 0
 492 4448.000 2843.200 0 7 4.000 4.100 10.000000 205.000 0 1 0
 493 4447.800 2849.200 -4 7 4.000 12.200 48.000000 215.000 0 1 0
 494 4447.800 2836.200 -4 7 4.000 1.400 5.000000 197.000 0 1 0
 503 4461.200 1061.400 4 9 4.000 1.400 5.000000 175.000 0 1 0
 504 2878.400 3011.400 3 9 8.000 4.100 32.000000 324.000 0 1 0
 506 1318.800 1243.400 1 9 4.000 1.400 5.000000 167.000 0 1 0
 507 4463.000 1061.400 0 9 4.000 2.700 10.000000 153.000 0 1 0
 508 3204.800 3951.400 -14 9 4.000 1.400 5.000000 280.000 0 1 0
 510 4940.200 2517.000 -1 10 4.000 1.400 5.000000 182.000 0 1 0
 511 4941.200 2924.000 -1 10 4.000 1.400 5.000000 182.000 0 1 0
 512 4941.200 3298.000 -1 10 4.000 1.400 5.000000 171.000 0 1 0
 513 305.000 3262.000 0 10 4.000 4.100 16.000000 239.000 0 1 0
 514 4935.400 2851.000 3 10 4.000 1.400 5.000000 185.000 0 1 0
 515 4938.400 2515.000 3 10 4.000 2.700 10.000000 197.000 0 1 0
 516 4938.400 2732.000 3 10 4.000 1.400 5.000000 163.000 0 1 0
 517 4939.400 2924.000 3 10 4.000 1.400 5.000000 172.000 0 1 0
 518 4939.400 3298.000 3 10 4.000 1.400 5.000000 169.000 0 1 0
 519 177.800 525.600 1 11 4.000 4.100 16.000000 138.000 0 1 0
 520 382.000 1062.200 0 12 44.000 4.100 124.000000 169.000 0 1 0
 521 382.000 1081.200 0 12 44.000 4.100 130.000000 168.000 0 1 0
 522 398.000 1070.200 0 12 4.000 1.400 5.000000 135.000 0 1 0
 523 2054.600 415.800 7 13 4.000 1.400 5.000000 153.000 0 1 0
 527 2054.800 542.800 6 13 4.000 2.700 10.000000 135.000 0 1 0
 528 2054.800 553.800 6 13 4.000 9.500 37.000000 134.000 0 1 0
 529 2038.800 369.800 6 13 4.000 8.100 27.000000 124.000 0 1 0
 531 309.800 3310.800 6 13 8.000 1.400 10.000000 108.000 0 1 0
 532 213.800 3142.800 6 13 8.000 1.400 10.000000 220.000 0 1 0
 533 213.800 3152.800 6 13 8.000 2.700 16.000000 236.000 0 1 0
 549 251.600 3152.800 2 13 12.000 2.700 21.000000 177.000 0 1 0
 550 213.600 3142.800 2 13 8.000 4.100 27.000000 181.000 0 1 0
 551 213.600 3152.800 2 13 8.000 4.100 32.000000 200.000 0 1 0
 554 253.400 3152.800 -2 13 12.000 1.400 16.000000 192.000 0 1 0
 555 215.400 3142.800 -2 13 8.000 2.700 21.000000 193.000 0 1 0
 556 215.400 3152.800 -2 13 8.000 5.400 37.000000 220.000 0 1 0
 559 505.800 3840.800 -4 13 16.000 5.400 54.000000 686.000 0 1 0
 561 217.200 3152.800 -6 13 12.000 4.100 43.000000 219.000 0 1 0
 570 1102.000 2691.400 0 14 12.000 4.100 37.000000 292.000 0 1 0
 571 211.200 3153.200 4 17 8.000 4.100 27.000000 166.000 0 1 0
 573 251.000 3153.200 0 17 12.000 2.700 32.000000 198.000 0 1 0
 574 213.000 3145.200 0 17 8.000 2.700 16.000000 184.000 0 1 0
 575 211.000 3153.200 0 17 12.000 4.100 43.000000 229.000 0 1 0
 576 179.000 3153.200 0 17 4.000 2.700 10.000000 180.000 0 1 0
 579 4722.200 2683.200 -1 17 8.000 1.400 10.000000 135.000 0 1 0
 580 2988.200 2510.400 -1 19 8.000 2.700 21.000000 123.000 0 1 0
 581 480.200 3582.000 -1 20 8.000 1.400 10.000000 723.000 0 1 0
 582 1020.200 3624.000 -1 20 8.000 2.700 21.000000 734.000 0 1 0
 583 1054.200 3630.000 -1 20 4.000 1.400 5.000000 739.000 0 1 0
 584 2014.200 3703.000 -1 20 4.000 2.700 10.000000 483.000 0 1 0
 588 2718.200 3818.000 -1 20 4.000 2.700 10.000000 742.000 0 1 0
 590 3076.200 3806.000 -1 20 8.000 6.800 27.000000 658.000 0 1 0
 591 3208.200 3863.000 -1 20 8.000 2.700 21.000000 657.000 0 1 0
 592 3236.200 3863.000 -1 20 8.000 1.400 10.000000 612.000 0 1 0
 593 3394.200 3832.000 -1 20 4.000 1.400 5.000000 546.000 0 1 0
 596 3610.200 3860.000 -1 20 4.000 1.400 5.000000 477.000 0 1 0
 597 3640.200 3857.000 -1 20 32.000 6.800 113.000000 526.000 0 1 0
 599 3694.200 3878.000 -1 20 28.000 4.100 75.000000 593.000 0 1 0
 600 3782.200 3882.000 -1 20 4.000 1.400 5.000000 487.000 0 1 0
 601 3894.200 3897.000 -1 20 4.000 1.400 5.000000 457.000 0 1 0
 602 3956.200 3925.000 -1 20 8.000 10.800 54.000000 592.000 0 1 0
 603 3966.200 3945.000 -1 20 4.000 1.400 5.000000 469.000 0 1 0
 604 3974.200 3925.000 -1 20 4.000 6.800 27.000000 525.000 0 1 0
 605 4044.200 3982.000 -1 20 24.000 2.700 65.000000 547.000 0 1 0
 606 4116.200 3982.000 -1 20 8.000 5.400 27.000000 509.000 0 1 0
 607 4134.200 3979.000 -1 20 4.000 1.400 5.000000 509.000 0 1 0
 608 4166.200 3928.000 -1 20 4.000 1.400 5.000000 428.000 0 1 0
 609 4184.200 3983.000 -1 20 8.000 4.100 32.000000 541.000 0 1 0
 610 4278.200 3993.000 -1 20 4.000 1.400 5.000000 497.000 0 1 0
 611 4408.200 4002.000 -1 20 8.000 2.700 10.000000 464.000 0 1 0
 612 4610.200 3970.000 -1 20 148.000 10.800 520.000000 737.000 0 1 0
 613 4658.200 4029.000 -1 20 268.000 19.000 1272.999936 761.000 0 1 0
 614 4748.200 4035.000 -1 20 8.000 1.400 10.000000 664.000 0 1 0
 615 4922.200 4040.000 -1 20 60.000 10.800 189.000000 675.000 0 1 0;
EndOfFile;
