FileVersion 1 2;
FileTimestamp 04-29-19 16:49:10;
InspectionStationID "NONE" "2360" "IPS204";
SampleType WAFER;
ResultTimestamp 04-28-19 14:24:16;
LotID "193G13";
SampleSize 1 200;
DeviceID "TL09B";
SetupID "TL09B_RD_M1BM" 04-16-19 22:46:47;
StepID "RD_M1BM";
SampleOrientationMarkType NOTCH;
OrientationMarkLocation RIGHT;
DiePitch 5.6000000000e+02 1.6580116000e+04;
DieOrigin 0.0000000000e+00 0.0000000000e+00;
WaferID "@07";
Slot 7;
SampleCenterLocation 4.5479800000e+02 8.2892090000e+03;
ClassLookup 74
  0 "Uncategorized"
  1 "Small PT"
  2 "Medium PT"
  3 "Large PT"
  4 "Polymer"
  5 "Flake PT"
  6 "Scratch"
  9 "Other Defect"
  10 "Other Residue"
  11 "Wet Residue"
  13 "W Residue"
  14 "PR Residue"
  15 "Liquid Mark"
  16 "Thread Defect"
  20 "Pits"
  22 "Pattern Deformed"
  23 "Defocus"
  24 "PR BUBBLE"
  25 "Crown Defect"
  27 "Bead Defect"
  30 "CMP Scratch"
  31 "Minor CMP Scratch"
  35 "Rip Out"
  40 "Protrusion"
  42 "Top Blocked"
  43 "Bottom Blocked"
  44 "Line broken"
  45 "Metal Corrosion"
  46 "Galvanic Corrosion"
  51 "PR Popping"
  52 "Salicide Bad"
  53 "STI Dimple"
  59 "W Void"
  60 "AA Dep PT"
  61 "GC Dep PT"
  62 "CVD Dep PT"
  63 "Metal Dep PT"
  73 "Cone Defect"
  74 "Metal Depression"
  77 "Underlayer"
  78 "NUISANCE/FALSE"
  79 "Metal Grain"
  80 "Don't Care/Minor"
  95 "Missing AI"
  99 "test2"
  100 "Cluster"
  101 "CU CMP Scratch"
  102 "CU Void"
  103 "2_PO Missing"
  104 "CU Pattern Open"
  105 "CU Remain"
  106 "Circle CU Remain"
  107 "CU CVD PT"
  108 "CU Eclips"
  109 "CU CMP Residue"
  110 "Minor CU CMP Scratch"
  111 "CMP PT"
  112 "CU SEAM PT"
  113 "CU Ox"
  114 "CU Pattern Open(Minor)"
  116 "1_PO Missing"
  117 "PAD Abnormality"
  150 "Guard Ring Circle Defect"
  151 "EBR Circle Defect"
  152 "PAD Hillock"
  153 "PAD Residue"
  154 "PAD Hole"
  155 "Color PR Residue"
  201 "Bin 1"
  202 "Bin 2"
  203 "Bin 3"
  204 "Bin 4"
  205 "Bin 5"
  206 "Bin 6"  ;
OrientationInstructions "";
InspectionTest 1;
SampleTestPlan 1395
  131 -2 
  130 -2 
  119 -2 
  117 -2 
  113 -2 
  111 -2 
  101 -2 
  95 -2 
  64 -2 
  61 -2 
  58 -2 
  45 -2 
  21 -2 
  19 -2 
  8 -2 
  6 -2 
  3 -2 
  -31 -2 
  -40 -2 
  -45 -2 
  -49 -2 
  -54 -2 
  -57 -2 
  -70 -2 
  -76 -2 
  -81 -2 
  -85 -2 
  -94 -2 
  -102 -2 
  -105 -2 
  -108 -2 
  -111 -2 
  -114 -2 
  -131 -2 
  -132 -2 
  139 -1 
  135 -1 
  133 -1 
  132 -1 
  118 -1 
  111 -1 
  109 -1 
  100 -1 
  93 -1 
  76 -1 
  67 -1 
  53 -1 
  46 -1 
  40 -1 
  14 -1 
  -5 -1 
  -8 -1 
  -19 -1 
  -27 -1 
  -45 -1 
  -49 -1 
  -53 -1 
  -55 -1 
  -57 -1 
  -63 -1 
  -84 -1 
  -92 -1 
  -103 -1 
  -111 -1 
  -118 -1 
  -125 -1 
  -128 -1 
  -132 -1 
  -137 -1 
  137 0 
  136 0 
  131 0 
  117 0 
  112 0 
  111 0 
  97 0 
  96 0 
  88 0 
  81 0 
  70 0 
  27 0 
  25 0 
  16 0 
  7 0 
  2 0 
  -1 0 
  -7 0 
  -9 0 
  -13 0 
  -21 0 
  -25 0 
  -53 0 
  -55 0 
  -59 0 
  -65 0 
  -66 0 
  -75 0 
  -83 0 
  -93 0 
  -101 0 
  -110 0 
  -124 0 
  -129 0 
  126 1 
  125 1 
  113 1 
  111 1 
  110 1 
  93 1 
  92 1 
  91 1 
  85 1 
  84 1 
  76 1 
  74 1 
  63 1 
  57 1 
  55 1 
  52 1 
  38 1 
  37 1 
  34 1 
  16 1 
  15 1 
  -5 1 
  -12 1 
  -22 1 
  -27 1 
  -34 1 
  -54 1 
  -69 1 
  -81 1 
  -97 1 
  -99 1 
  -109 1 
  -116 1 
  -119 1 
  -125 1 
  136 2 
  133 2 
  131 2 
  130 2 
  126 2 
  125 2 
  105 2 
  86 2 
  72 2 
  65 2 
  59 2 
  57 2 
  55 2 
  49 2 
  42 2 
  36 2 
  33 2 
  18 2 
  12 2 
  11 2 
  -3 2 
  -8 2 
  -11 2 
  -57 2 
  -60 2 
  -62 2 
  -63 2 
  -64 2 
  -79 2 
  -81 2 
  -94 2 
  -107 2 
  118 -2 
  105 -2 
  99 -2 
  72 -2 
  59 -2 
  56 -2 
  51 -2 
  44 -2 
  -2 -2 
  -3 -2 
  -23 -2 
  -25 -2 
  -42 -2 
  -56 -2 
  -78 -2 
  -88 -2 
  -113 -2 
  -126 -2 
  -133 -2 
  136 -1 
  121 -1 
  119 -1 
  114 -1 
  112 -1 
  110 -1 
  106 -1 
  103 -1 
  102 -1 
  101 -1 
  98 -1 
  82 -1 
  78 -1 
  70 -1 
  66 -1 
  63 -1 
  62 -1 
  50 -1 
  41 -1 
  38 -1 
  35 -1 
  30 -1 
  26 -1 
  23 -1 
  0 -1 
  -3 -1 
  -13 -1 
  -22 -1 
  -33 -1 
  -62 -1 
  -78 -1 
  -79 -1 
  -90 -1 
  -129 -1 
  134 0 
  125 0 
  123 0 
  120 0 
  115 0 
  108 0 
  98 0 
  83 0 
  75 0 
  74 0 
  68 0 
  59 0 
  51 0 
  46 0 
  45 0 
  43 0 
  29 0 
  10 0 
  5 0 
  1 0 
  -8 0 
  -23 0 
  -26 0 
  -27 0 
  -31 0 
  -54 0 
  -61 0 
  -63 0 
  -81 0 
  -92 0 
  -99 0 
  -100 0 
  -102 0 
  -103 0 
  -104 0 
  -106 0 
  -117 0 
  -120 0 
  -122 0 
  -126 0 
  -127 0 
  -132 0 
  -134 0 
  -138 0 
  138 1 
  137 1 
  133 1 
  131 1 
  127 1 
  122 1 
  108 1 
  104 1 
  98 1 
  96 1 
  90 1 
  88 1 
  68 1 
  64 1 
  32 1 
  30 1 
  26 1 
  25 1 
  20 1 
  8 1 
  6 1 
  5 1 
  1 1 
  -2 1 
  -3 1 
  -6 1 
  -7 1 
  -8 1 
  -10 1 
  -18 1 
  -24 1 
  -35 1 
  -36 1 
  -52 1 
  -59 1 
  -61 1 
  -67 1 
  -71 1 
  -74 1 
  -86 1 
  -87 1 
  -105 1 
  -113 1 
  -121 1 
  -123 1 
  -128 1 
  -132 1 
  121 2 
  120 2 
  119 2 
  107 2 
  102 2 
  96 2 
  90 2 
  68 2 
  67 2 
  60 2 
  58 2 
  54 2 
  53 2 
  44 2 
  25 2 
  20 2 
  10 2 
  8 2 
  -2 2 
  -5 2 
  -7 2 
  -9 2 
  -15 2 
  -24 2 
  -28 2 
  -45 2 
  -70 2 
  -73 2 
  -80 2 
  -84 2 
  -87 2 
  -92 2 
  -104 2 
  -105 2 
  -109 2 
  -110 2 
  -111 2 
  -118 2 
  -120 2 
  -131 2 
  -139 2 
  134 -2 
  121 -2 
  116 -2 
  109 -2 
  104 -2 
  94 -2 
  80 -2 
  75 -2 
  73 -2 
  68 -2 
  67 -2 
  62 -2 
  57 -2 
  55 -2 
  49 -2 
  38 -2 
  26 -2 
  23 -2 
  22 -2 
  12 -2 
  1 -2 
  -6 -2 
  -11 -2 
  -19 -2 
  -38 -2 
  -43 -2 
  -58 -2 
  -59 -2 
  -71 -2 
  -96 -2 
  -97 -2 
  -104 -2 
  -106 -2 
  -107 -2 
  -110 -2 
  -119 -2 
  -122 -2 
  -134 -2 
  134 -1 
  124 -1 
  116 -1 
  87 -1 
  86 -1 
  84 -1 
  68 -1 
  58 -1 
  32 -1 
  27 -1 
  24 -1 
  15 -1 
  3 -1 
  -10 -1 
  -18 -1 
  -20 -1 
  -21 -1 
  -28 -1 
  -40 -1 
  -41 -1 
  -73 -1 
  -76 -1 
  -77 -1 
  -89 -1 
  -95 -1 
  -105 -1 
  -120 -1 
  -130 -1 
  113 0 
  105 0 
  104 0 
  101 0 
  76 0 
  65 0 
  60 0 
  56 0 
  54 0 
  48 0 
  39 0 
  37 0 
  28 0 
  26 0 
  13 0 
  -6 0 
  -15 0 
  -20 0 
  -44 0 
  -46 0 
  -49 0 
  -51 0 
  -64 0 
  -68 0 
  -90 0 
  -113 0 
  -114 0 
  -116 0 
  -131 0 
  115 1 
  99 1 
  97 1 
  95 1 
  86 1 
  72 1 
  66 1 
  50 1 
  48 1 
  41 1 
  28 1 
  27 1 
  21 1 
  18 1 
  10 1 
  9 1 
  -16 1 
  -29 1 
  -30 1 
  -42 1 
  -49 1 
  -62 1 
  -70 1 
  -72 1 
  -73 1 
  -79 1 
  -84 1 
  -90 1 
  -94 1 
  -102 1 
  -110 1 
  -111 1 
  -117 1 
  -118 1 
  -120 1 
  -136 1 
  118 2 
  85 2 
  83 2 
  80 2 
  75 2 
  62 2 
  39 2 
  38 2 
  26 2 
  21 2 
  13 2 
  6 2 
  2 2 
  0 2 
  -1 2 
  -6 2 
  -17 2 
  -22 2 
  -27 2 
  -31 2 
  -32 2 
  -33 2 
  -35 2 
  -38 2 
  -54 2 
  -67 2 
  -69 2 
  -76 2 
  -77 2 
  -122 2 
  -127 2 
  -128 2 
  -134 2 
  -135 2 
  108 -2 
  96 -2 
  93 -2 
  89 -2 
  81 -2 
  77 -2 
  76 -2 
  53 -2 
  48 -2 
  46 -2 
  34 -2 
  32 -2 
  29 -2 
  16 -2 
  -7 -2 
  -9 -2 
  -17 -2 
  -21 -2 
  -33 -2 
  -48 -2 
  -52 -2 
  -66 -2 
  -74 -2 
  -79 -2 
  -92 -2 
  -93 -2 
  -103 -2 
  -115 -2 
  -136 -2 
  138 -1 
  126 -1 
  117 -1 
  115 -1 
  104 -1 
  90 -1 
  83 -1 
  81 -1 
  73 -1 
  64 -1 
  54 -1 
  47 -1 
  45 -1 
  42 -1 
  25 -1 
  20 -1 
  17 -1 
  12 -1 
  5 -1 
  -4 -1 
  -6 -1 
  -7 -1 
  -9 -1 
  -26 -1 
  -34 -1 
  -36 -1 
  -38 -1 
  -39 -1 
  -46 -1 
  -47 -1 
  -48 -1 
  -52 -1 
  -68 -1 
  -71 -1 
  -75 -1 
  -85 -1 
  -86 -1 
  -97 -1 
  -104 -1 
  -110 -1 
  -117 -1 
  -123 -1 
  -136 -1 
  138 0 
  132 0 
  129 0 
  128 0 
  99 0 
  93 0 
  87 0 
  77 0 
  57 0 
  55 0 
  40 0 
  35 0 
  23 0 
  20 0 
  4 0 
  -4 0 
  -24 0 
  -29 0 
  -34 0 
  -37 0 
  -45 0 
  -78 0 
  -84 0 
  -86 0 
  -87 0 
  -105 0 
  -109 0 
  -139 0 
  139 1 
  134 1 
  116 1 
  114 1 
  83 1 
  79 1 
  65 1 
  46 1 
  45 1 
  43 1 
  42 1 
  40 1 
  39 1 
  4 1 
  -26 1 
  -47 1 
  -48 1 
  -57 1 
  -63 1 
  -65 1 
  -82 1 
  -88 1 
  -95 1 
  -138 1 
  137 2 
  134 2 
  112 2 
  106 2 
  104 2 
  98 2 
  92 2 
  87 2 
  78 2 
  35 2 
  22 2 
  15 2 
  9 2 
  7 2 
  5 2 
  -12 2 
  -18 2 
  -25 2 
  -26 2 
  -29 2 
  -47 2 
  -56 2 
  -58 2 
  -66 2 
  -68 2 
  -72 2 
  -74 2 
  -83 2 
  -97 2 
  -113 2 
  -116 2 
  -117 2 
  -121 2 
  -124 2 
  -130 2 
  -132 2 
  -133 2 
  133 -2 
  132 -2 
  128 -2 
  126 -2 
  122 -2 
  115 -2 
  106 -2 
  92 -2 
  91 -2 
  85 -2 
  63 -2 
  54 -2 
  52 -2 
  43 -2 
  42 -2 
  27 -2 
  10 -2 
  0 -2 
  -15 -2 
  -53 -2 
  -63 -2 
  -69 -2 
  -72 -2 
  -73 -2 
  -75 -2 
  -80 -2 
  -86 -2 
  -100 -2 
  -112 -2 
  -117 -2 
  -121 -2 
  -123 -2 
  -125 -2 
  -129 -2 
  -130 -2 
  -135 -2 
  -137 -2 
  130 -1 
  123 -1 
  91 -1 
  56 -1 
  52 -1 
  48 -1 
  44 -1 
  36 -1 
  22 -1 
  19 -1 
  18 -1 
  16 -1 
  10 -1 
  9 -1 
  8 -1 
  -14 -1 
  -25 -1 
  -43 -1 
  -61 -1 
  -67 -1 
  -91 -1 
  -101 -1 
  -107 -1 
  -114 -1 
  -131 -1 
  133 0 
  130 0 
  127 0 
  121 0 
  118 0 
  100 0 
  92 0 
  91 0 
  80 0 
  72 0 
  47 0 
  36 0 
  18 0 
  11 0 
  0 0 
  -11 0 
  -14 0 
  -28 0 
  -60 0 
  -69 0 
  -70 0 
  -71 0 
  -73 0 
  -91 0 
  -112 0 
  -121 0 
  -125 0 
  -135 0 
  -136 0 
  136 1 
  132 1 
  130 1 
  129 1 
  124 1 
  121 1 
  117 1 
  107 1 
  100 1 
  94 1 
  80 1 
  78 1 
  77 1 
  62 1 
  60 1 
  54 1 
  53 1 
  24 1 
  22 1 
  13 1 
  0 1 
  -1 1 
  -17 1 
  -23 1 
  -28 1 
  -39 1 
  -43 1 
  -46 1 
  -51 1 
  -53 1 
  -58 1 
  -68 1 
  -78 1 
  -83 1 
  -89 1 
  -91 1 
  -92 1 
  -100 1 
  -114 1 
  -115 1 
  -130 1 
  138 2 
  124 2 
  109 2 
  97 2 
  77 2 
  69 2 
  52 2 
  43 2 
  34 2 
  32 2 
  31 2 
  27 2 
  24 2 
  16 2 
  4 2 
  -23 2 
  -30 2 
  -39 2 
  -40 2 
  -42 2 
  -43 2 
  -46 2 
  -93 2 
  -96 2 
  -98 2 
  -136 2 
  137 -2 
  127 -2 
  114 -2 
  112 -2 
  103 -2 
  98 -2 
  79 -2 
  60 -2 
  50 -2 
  41 -2 
  40 -2 
  18 -2 
  4 -2 
  -4 -2 
  -5 -2 
  -14 -2 
  -16 -2 
  -24 -2 
  -29 -2 
  -32 -2 
  -34 -2 
  -36 -2 
  -41 -2 
  -65 -2 
  -82 -2 
  -95 -2 
  -98 -2 
  -120 -2 
  -127 -2 
  -128 -2 
  -138 -2 
  129 -1 
  128 -1 
  107 -1 
  97 -1 
  95 -1 
  92 -1 
  85 -1 
  80 -1 
  72 -1 
  71 -1 
  60 -1 
  55 -1 
  51 -1 
  49 -1 
  31 -1 
  28 -1 
  -2 -1 
  -12 -1 
  -15 -1 
  -31 -1 
  -32 -1 
  -35 -1 
  -50 -1 
  -51 -1 
  -54 -1 
  -56 -1 
  -60 -1 
  -64 -1 
  -69 -1 
  -74 -1 
  -80 -1 
  -83 -1 
  -99 -1 
  -102 -1 
  -108 -1 
  -112 -1 
  -119 -1 
  -124 -1 
  -133 -1 
  -135 -1 
  139 0 
  135 0 
  126 0 
  119 0 
  116 0 
  109 0 
  103 0 
  95 0 
  90 0 
  89 0 
  85 0 
  84 0 
  73 0 
  69 0 
  67 0 
  53 0 
  49 0 
  42 0 
  34 0 
  21 0 
  3 0 
  -10 0 
  -12 0 
  -16 0 
  -18 0 
  -30 0 
  -36 0 
  -41 0 
  -43 0 
  -62 0 
  -72 0 
  -80 0 
  -88 0 
  -94 0 
  -119 0 
  -123 0 
  -137 0 
  135 1 
  123 1 
  119 1 
  112 1 
  109 1 
  106 1 
  87 1 
  75 1 
  70 1 
  69 1 
  59 1 
  51 1 
  47 1 
  29 1 
  19 1 
  17 1 
  11 1 
  2 1 
  -9 1 
  -14 1 
  -15 1 
  -19 1 
  -20 1 
  -25 1 
  -32 1 
  -38 1 
  -44 1 
  -45 1 
  -80 1 
  -104 1 
  -108 1 
  -127 1 
  -129 1 
  -131 1 
  -134 1 
  -135 1 
  -137 1 
  -139 1 
  139 2 
  135 2 
  122 2 
  116 2 
  115 2 
  114 2 
  110 2 
  100 2 
  94 2 
  93 2 
  89 2 
  88 2 
  79 2 
  76 2 
  74 2 
  71 2 
  56 2 
  45 2 
  29 2 
  28 2 
  17 2 
  -10 2 
  -13 2 
  -21 2 
  -36 2 
  -41 2 
  -50 2 
  -53 2 
  -55 2 
  -65 2 
  -78 2 
  -85 2 
  -88 2 
  -100 2 
  -112 2 
  -119 2 
  -126 2 
  -129 2 
  139 -2 
  138 -2 
  123 -2 
  120 -2 
  110 -2 
  102 -2 
  86 -2 
  78 -2 
  69 -2 
  65 -2 
  47 -2 
  36 -2 
  35 -2 
  31 -2 
  24 -2 
  15 -2 
  9 -2 
  7 -2 
  5 -2 
  -1 -2 
  -13 -2 
  -20 -2 
  -22 -2 
  -26 -2 
  -28 -2 
  -35 -2 
  -37 -2 
  -47 -2 
  -55 -2 
  -62 -2 
  -64 -2 
  -68 -2 
  -77 -2 
  -84 -2 
  -89 -2 
  -90 -2 
  -101 -2 
  -109 -2 
  -116 -2 
  -118 -2 
  -124 -2 
  137 -1 
  131 -1 
  125 -1 
  120 -1 
  113 -1 
  99 -1 
  96 -1 
  94 -1 
  88 -1 
  77 -1 
  69 -1 
  65 -1 
  29 -1 
  21 -1 
  13 -1 
  7 -1 
  6 -1 
  2 -1 
  -17 -1 
  -24 -1 
  -30 -1 
  -42 -1 
  -44 -1 
  -58 -1 
  -59 -1 
  -65 -1 
  -70 -1 
  -72 -1 
  -81 -1 
  -88 -1 
  -93 -1 
  -98 -1 
  -106 -1 
  -109 -1 
  -115 -1 
  -116 -1 
  -121 -1 
  -126 -1 
  -127 -1 
  -139 -1 
  124 0 
  122 0 
  107 0 
  106 0 
  102 0 
  86 0 
  78 0 
  66 0 
  63 0 
  61 0 
  52 0 
  44 0 
  41 0 
  33 0 
  31 0 
  30 0 
  19 0 
  14 0 
  12 0 
  9 0 
  8 0 
  6 0 
  -2 0 
  -19 0 
  -33 0 
  -38 0 
  -42 0 
  -47 0 
  -74 0 
  -76 0 
  -77 0 
  -82 0 
  -85 0 
  -89 0 
  -95 0 
  -96 0 
  -98 0 
  -108 0 
  -111 0 
  -118 0 
  -128 0 
  -133 0 
  128 1 
  105 1 
  103 1 
  89 1 
  81 1 
  67 1 
  61 1 
  56 1 
  49 1 
  44 1 
  36 1 
  35 1 
  31 1 
  14 1 
  12 1 
  -11 1 
  -21 1 
  -37 1 
  -41 1 
  -55 1 
  -60 1 
  -77 1 
  -85 1 
  -96 1 
  -98 1 
  -101 1 
  -126 1 
  117 2 
  95 2 
  84 2 
  82 2 
  81 2 
  70 2 
  66 2 
  64 2 
  61 2 
  41 2 
  30 2 
  19 2 
  3 2 
  -4 2 
  -14 2 
  -19 2 
  -37 2 
  -44 2 
  -49 2 
  -52 2 
  -59 2 
  -82 2 
  -89 2 
  -95 2 
  -101 2 
  -102 2 
  -106 2 
  -114 2 
  -137 2 
  136 -2 
  135 -2 
  129 -2 
  125 -2 
  124 -2 
  107 -2 
  100 -2 
  97 -2 
  90 -2 
  88 -2 
  87 -2 
  84 -2 
  83 -2 
  82 -2 
  74 -2 
  71 -2 
  70 -2 
  66 -2 
  39 -2 
  37 -2 
  33 -2 
  30 -2 
  28 -2 
  25 -2 
  20 -2 
  17 -2 
  14 -2 
  13 -2 
  11 -2 
  2 -2 
  -8 -2 
  -10 -2 
  -12 -2 
  -18 -2 
  -27 -2 
  -30 -2 
  -39 -2 
  -44 -2 
  -46 -2 
  -50 -2 
  -51 -2 
  -60 -2 
  -61 -2 
  -67 -2 
  -83 -2 
  -87 -2 
  -91 -2 
  -99 -2 
  -139 -2 
  127 -1 
  122 -1 
  108 -1 
  105 -1 
  89 -1 
  79 -1 
  75 -1 
  74 -1 
  61 -1 
  59 -1 
  57 -1 
  43 -1 
  39 -1 
  37 -1 
  34 -1 
  33 -1 
  11 -1 
  4 -1 
  1 -1 
  -1 -1 
  -11 -1 
  -16 -1 
  -23 -1 
  -29 -1 
  -37 -1 
  -66 -1 
  -82 -1 
  -87 -1 
  -94 -1 
  -96 -1 
  -100 -1 
  -113 -1 
  -122 -1 
  -134 -1 
  -138 -1 
  114 0 
  110 0 
  94 0 
  82 0 
  79 0 
  71 0 
  64 0 
  62 0 
  58 0 
  50 0 
  38 0 
  32 0 
  24 0 
  22 0 
  17 0 
  15 0 
  -3 0 
  -5 0 
  -17 0 
  -22 0 
  -32 0 
  -35 0 
  -39 0 
  -40 0 
  -48 0 
  -50 0 
  -52 0 
  -56 0 
  -57 0 
  -58 0 
  -67 0 
  -79 0 
  -97 0 
  -107 0 
  -115 0 
  -130 0 
  120 1 
  118 1 
  102 1 
  101 1 
  82 1 
  73 1 
  71 1 
  58 1 
  33 1 
  23 1 
  7 1 
  3 1 
  -4 1 
  -13 1 
  -31 1 
  -33 1 
  -40 1 
  -50 1 
  -56 1 
  -64 1 
  -66 1 
  -75 1 
  -76 1 
  -93 1 
  -103 1 
  -106 1 
  -107 1 
  -112 1 
  -122 1 
  -124 1 
  -133 1 
  132 2 
  129 2 
  128 2 
  127 2 
  123 2 
  113 2 
  111 2 
  108 2 
  103 2 
  101 2 
  99 2 
  91 2 
  73 2 
  63 2 
  51 2 
  50 2 
  48 2 
  47 2 
  46 2 
  40 2 
  37 2 
  23 2 
  14 2 
  1 2 
  -16 2 
  -20 2 
  -34 2 
  -48 2 
  -51 2 
  -61 2 
  -71 2 
  -75 2 
  -86 2 
  -90 2 
  -91 2 
  -99 2 
  -103 2 
  -108 2 
  -115 2 
  -123 2 
  -125 2 
  -138 2 ;
AreaPerTest 9.5832896606e+09;
DefectRecordSpec 12 DEFECTID XREL YREL XINDEX YINDEX XSIZE YSIZE DEFECTAREA DSIZE CLASSNUMBER TEST IMAGECOUNT ;
DefectList
 1 430.177 15009.962 -57 2 0.500 0.750 0.066669 0.750 0 1 0
 2 272.054 14142.840 -107 2 1.250 1.750 0.824533 1.750 0 1 0
 3 360.305 11814.703 78 2 0.750 0.750 0.162505 0.750 0 1 0
 4 45.716 8682.958 -55 2 2.000 1.250 0.161769 2.000 0 1 0
 5 382.817 7599.705 -121 2 1.750 1.750 1.237045 1.750 0 1 0
 6 143.103 5957.962 -22 2 1.250 1.500 0.852230 1.500 0 1 0
 7 39.586 3812.205 91 2 0.500 0.500 0.077698 0.500 0 1 0
 8 121.870 2399.831 -87 2 0.500 0.750 0.068629 0.750 0 1 0
 9 277.298 15312.450 -100 1 0.500 0.500 0.073777 0.500 0 1 0
 10 204.014 13071.454 -15 1 0.750 1.000 0.305401 1.000 0 1 0
 11 184.228 11705.956 -69 1 1.250 1.250 0.523054 1.250 0 1 0
 12 135.469 9649.577 125 1 0.500 0.500 0.077698 0.500 0 1 0
 13 432.250 6961.207 -139 1 1.250 1.500 0.576242 1.500 0 1 0
 14 334.753 1855.447 89 1 2.500 2.750 2.283399 2.750 0 1 0
 15 161.666 637.203 92 1 0.250 0.500 0.056619 0.500 0 1 0
 16 276.354 15521.699 115 0 0.750 0.750 0.126229 0.750 0 1 0
 17 97.007 13598.324 -7 0 1.000 1.000 0.369864 1.000 0 1 0
 18 412.523 11381.190 -118 0 1.250 1.500 0.577222 1.500 0 1 0
 19 81.089 8908.201 -53 0 0.250 0.750 0.057600 0.750 0 1 0
 20 435.091 7198.444 -101 0 31.000 120.003 3698.309120 120.003 0 1 0
 21 298.325 6800.946 -130 0 0.500 0.750 0.094365 0.750 0 1 0
 22 83.125 6279.070 -139 0 0.500 0.750 0.107846 0.750 0 1 0
 23 420.534 5866.322 -85 0 0.250 0.250 0.046570 0.250 0 1 0
 24 348.438 3552.823 -117 0 0.750 0.500 0.091914 0.750 0 1 0
 25 52.829 1399.691 -135 0 0.500 0.500 0.090199 0.500 0 1 0
 26 114.930 572.695 -109 0 0.500 0.500 0.086767 0.500 0 1 0
 27 317.448 12803.059 -128 -1 0.750 1.000 0.145592 1.000 0 1 0
 28 280.332 7120.685 -139 -1 2.250 2.500 2.407177 2.500 0 1 0
 29 61.004 1540.438 -5 -1 1.000 1.000 0.183339 1.000 0 1 0
 30 253.603 14863.931 -68 -2 2.000 3.000 2.593947 3.000 0 1 0
 31 169.976 13536.809 -21 -2 0.500 0.750 0.112993 0.750 0 1 0
 32 276.597 10440.677 31 -2 0.750 0.750 0.141426 0.750 0 1 0
 33 216.096 10382.550 31 -2 1.250 1.500 0.481631 1.500 0 1 0
 34 45.591 8683.056 -55 -2 2.250 0.500 0.098532 2.250 0 1 0
 35 45.716 8688.932 -55 -2 3.000 2.750 0.475259 3.000 0 1 0
 36 427.957 5741.304 -44 -2 0.750 0.750 0.134563 0.750 0 1 0
 37 118.336 5515.686 -50 -2 1.000 1.250 0.410061 1.250 0 1 0
 38 132.142 4798.804 26 -2 1.750 1.750 0.902477 1.750 0 1 0
 39 101.772 2378.303 21 -2 2.000 2.000 1.371853 2.000 0 1 0
 40 405.188 1648.435 69 -2 1.750 1.500 0.918164 1.750 0 1 0
 41 403.776 370.675 -29 -2 1.000 1.000 0.364716 1.000 0 1 0;
EndOfFile;
