FileVersion 1 2;
FileTimestamp 07-09-19 14:24:28;
InspectionStationID "NONE" "KLA2139" "IPS202";
SampleType WAFER;
ResultTimestamp 07-02-19 14:14:53;
LotID "195J64";
SampleSize 1 200;
DeviceID "MA65";
SetupID "MA65_3062UTDM" 06-16-19 23:45:07;
StepID "3062UTDM";
SampleOrientationMarkType NOTCH;
OrientationMarkLocation DOWN;
DiePitch 5.0439200000e+03 4.2533200000e+03;
DieOrigin 0.0000000000e+00 0.0000000000e+00;
WaferID "@13";
Slot 13;
SampleCenterLocation 5.1520800000e+03 -2.0275900000e+03;
ClassLookup 74
  0 "Uncategorized"
  1 "Small PT"
  2 "Medium PT"
  3 "Large PT"
  4 "Polymer"
  5 "Flake PT"
  6 "Scratch"
  9 "Other Defect"
  10 "Other Residue"
  11 "Wet Residue"
  13 "W Residue"
  14 "PR Residue"
  15 "Liquid Mark"
  16 "Thread Defect"
  20 "Pits"
  22 "Pattern Deformed"
  23 "Defocus"
  24 "PR BUBBLE"
  25 "Crown Defect"
  27 "Bead Defect"
  30 "CMP Scratch"
  31 "Minor CMP Scratch"
  35 "Rip Out"
  40 "Protrusion"
  42 "Top Blocked"
  43 "Bottom Blocked"
  44 "Line broken"
  45 "Metal Corrosion"
  46 "Galvanic Corrosion"
  51 "PR Popping"
  52 "Salicide Bad"
  53 "STI Dimple"
  59 "W Void"
  60 "AA Dep PT"
  61 "GC Dep PT"
  62 "CVD Dep PT"
  63 "Metal Dep PT"
  73 "Cone Defect"
  74 "Metal Depression"
  77 "Underlayer"
  78 "NUISANCE/FALSE"
  79 "Metal Grain"
  80 "Don't Care/Minor"
  95 "Missing AI"
  99 "test2"
  100 "Cluster"
  101 "CU CMP Scratch"
  102 "CU Void"
  103 "2_PO Missing"
  104 "CU Pattern Open"
  105 "CU Remain"
  106 "Circle CU Remain"
  107 "CU CVD PT"
  108 "CU Eclips"
  109 "CU CMP Residue"
  110 "Minor CU CMP Scratch"
  111 "CMP PT"
  112 "CU SEAM PT"
  113 "CU Ox"
  114 "CU Pattern Open(Minor)"
  116 "1_PO Missing"
  117 "PAD Abnormality"
  150 "Guard Ring Circle Defect"
  151 "EBR Circle Defect"
  152 "PAD Hillock"
  153 "PAD Residue"
  154 "PAD Hole"
  155 "Color PR Residue"
  201 "Bin 1"
  202 "Bin 2"
  203 "Bin 3"
  204 "Bin 4"
  205 "Bin 5"
  206 "Bin 6"  ;
OrientationInstructions "";
InspectionTest 1;
SampleTestPlan 1288
  -18 -1 
  -17 -8 
  -17 1 
  -17 5 
  -16 -9 
  -16 1 
  -16 4 
  -15 -5 
  -15 -3 
  -15 -1 
  -14 -10 
  -14 -5 
  -14 2 
  -14 3 
  -13 -11 
  -13 8 
  -12 -11 
  -12 -10 
  -12 5 
  -12 12 
  -11 -13 
  -11 0 
  -11 12 
  -10 -10 
  -9 -17 
  -9 3 
  -9 5 
  -9 12 
  -9 14 
  -8 -20 
  -8 -19 
  -8 -18 
  -8 -17 
  -8 -14 
  -8 -4 
  -8 5 
  -7 -16 
  -7 -8 
  -7 -5 
  -7 4 
  -7 12 
  -7 14 
  -6 -13 
  -6 -5 
  -6 1 
  -6 4 
  -6 13 
  -6 15 
  -6 18 
  -5 -17 
  -5 -8 
  -5 -6 
  -5 -2 
  -5 0 
  -5 11 
  -5 16 
  -4 -10 
  -4 -4 
  -4 11 
  -3 -11 
  -3 -10 
  -3 -6 
  -2 -19 
  -2 -5 
  -2 -3 
  -2 0 
  -2 6 
  -2 15 
  -1 -20 
  -1 -12 
  -1 -10 
  -1 4 
  -1 11 
  -1 17 
  0 -20 
  0 -19 
  0 -17 
  0 -10 
  0 -5 
  0 5 
  0 15 
  0 17 
  0 19 
  0 20 
  1 -13 
  1 -5 
  1 -1 
  1 11 
  1 15 
  1 18 
  2 -19 
  2 -17 
  2 -5 
  3 -7 
  3 16 
  3 20 
  4 -18 
  4 -14 
  4 17 
  5 -13 
  5 -12 
  5 -9 
  5 0 
  5 9 
  6 7 
  7 -16 
  7 -12 
  7 0 
  7 9 
  7 13 
  8 -20 
  8 -17 
  8 -16 
  8 -9 
  8 11 
  8 14 
  9 -9 
  9 13 
  10 -9 
  10 -3 
  10 0 
  10 6 
  10 8 
  10 12 
  11 -3 
  11 0 
  11 1 
  11 5 
  11 14 
  12 -7 
  12 14 
  13 -4 
  13 11 
  14 -16 
  14 -10 
  14 6 
  14 8 
  14 11 
  16 -12 
  17 -7 
  17 1 
  17 8 
  18 0 
  18 6 
  -17 -1 
  -17 3 
  -16 -1 
  -15 -4 
  -15 3 
  -15 5 
  -15 11 
  -14 -13 
  -14 -12 
  -14 -3 
  -14 -1 
  -14 7 
  -14 9 
  -13 -16 
  -13 -10 
  -13 1 
  -13 7 
  -13 10 
  -12 -17 
  -12 -8 
  -12 4 
  -12 14 
  -11 -18 
  -11 -17 
  -11 -8 
  -11 -3 
  -10 -16 
  -10 -12 
  -10 -11 
  -10 -5 
  -10 -4 
  -10 7 
  -10 8 
  -9 -13 
  -9 -11 
  -9 -8 
  -9 4 
  -9 8 
  -8 -7 
  -8 0 
  -8 9 
  -7 -21 
  -7 -20 
  -7 -13 
  -7 -9 
  -7 8 
  -6 -11 
  -6 -4 
  -6 8 
  -6 10 
  -6 11 
  -6 16 
  -6 19 
  -5 -18 
  -5 -16 
  -5 -14 
  -5 6 
  -5 7 
  -5 10 
  -5 13 
  -5 18 
  -4 -21 
  -4 -2 
  -4 2 
  -4 13 
  -3 -7 
  -3 1 
  -3 3 
  -3 5 
  -3 14 
  -2 -17 
  -2 17 
  -1 -9 
  -1 -4 
  -1 -3 
  -1 1 
  -1 2 
  -1 19 
  0 -6 
  0 4 
  0 6 
  0 10 
  0 16 
  1 -18 
  1 -8 
  1 0 
  1 7 
  1 17 
  1 19 
  1 20 
  2 -13 
  2 -11 
  2 -10 
  2 0 
  2 6 
  2 11 
  3 -22 
  3 -2 
  3 7 
  4 -6 
  4 1 
  4 2 
  4 10 
  4 20 
  5 -20 
  5 -19 
  5 -15 
  5 -14 
  5 -4 
  5 14 
  5 18 
  6 -10 
  6 -1 
  6 20 
  7 -20 
  7 -19 
  7 -13 
  7 -11 
  7 1 
  7 5 
  7 7 
  7 17 
  8 -7 
  8 -4 
  8 -1 
  8 1 
  8 3 
  8 16 
  8 18 
  9 -5 
  9 9 
  9 15 
  10 -18 
  10 -10 
  10 -7 
  10 -6 
  11 -19 
  11 -14 
  11 -11 
  11 -5 
  11 -4 
  11 7 
  11 16 
  11 17 
  12 -9 
  12 -6 
  12 -3 
  12 0 
  12 11 
  13 -9 
  13 -7 
  13 3 
  13 5 
  13 12 
  14 -9 
  14 -7 
  14 -5 
  14 -4 
  14 -1 
  14 3 
  15 -5 
  15 0 
  15 12 
  16 -11 
  16 -10 
  16 -8 
  16 4 
  16 5 
  16 7 
  17 4 
  17 9 
  18 2 
  18 3 
  18 4 
  19 -1 
  -17 -3 
  -16 -10 
  -16 -5 
  -16 -4 
  -16 3 
  -16 8 
  -15 -9 
  -15 7 
  -15 9 
  -14 -8 
  -14 0 
  -14 1 
  -13 -4 
  -13 4 
  -12 -13 
  -12 -2 
  -12 13 
  -11 -14 
  -11 -9 
  -11 -6 
  -11 -2 
  -11 15 
  -10 -17 
  -10 -1 
  -10 0 
  -10 1 
  -10 9 
  -10 13 
  -9 -16 
  -9 -9 
  -9 9 
  -9 10 
  -8 -16 
  -8 -10 
  -8 -6 
  -8 7 
  -8 11 
  -8 16 
  -7 -18 
  -7 -17 
  -7 -14 
  -7 -11 
  -7 -3 
  -6 -16 
  -6 -8 
  -6 -6 
  -6 -1 
  -6 9 
  -5 -10 
  -5 3 
  -5 12 
  -4 -15 
  -4 -13 
  -4 -9 
  -4 6 
  -4 18 
  -3 -15 
  -3 10 
  -3 11 
  -3 17 
  -3 18 
  -3 20 
  -2 -22 
  -2 -20 
  -2 -10 
  -2 -9 
  -2 14 
  -2 19 
  -1 -17 
  -1 7 
  -1 8 
  0 -21 
  0 -4 
  0 0 
  0 13 
  1 -3 
  1 10 
  1 16 
  2 -15 
  2 -6 
  2 2 
  2 13 
  2 14 
  3 -20 
  3 -5 
  3 11 
  3 15 
  3 18 
  3 19 
  4 -9 
  4 -7 
  4 -3 
  4 12 
  4 14 
  4 15 
  5 -22 
  5 -7 
  5 -6 
  5 -3 
  5 17 
  5 19 
  6 -17 
  6 -16 
  6 -8 
  6 -2 
  6 8 
  6 14 
  6 16 
  6 17 
  7 -18 
  7 -6 
  7 12 
  7 14 
  7 18 
  7 19 
  8 -19 
  8 -15 
  8 -8 
  8 0 
  8 6 
  9 -20 
  9 -18 
  9 -10 
  9 -8 
  9 -2 
  9 3 
  10 -17 
  10 -8 
  10 -2 
  10 15 
  11 -13 
  11 -10 
  11 12 
  12 -14 
  12 -13 
  12 9 
  12 10 
  12 15 
  13 -17 
  13 -13 
  13 -5 
  13 -3 
  13 2 
  13 4 
  13 8 
  14 -13 
  14 1 
  14 10 
  14 14 
  15 -2 
  15 -1 
  16 -6 
  16 -5 
  16 11 
  17 -6 
  18 -5 
  -18 -2 
  -17 2 
  -17 6 
  -16 7 
  -16 9 
  -15 -8 
  -15 4 
  -14 -4 
  -14 4 
  -13 -15 
  -13 -12 
  -13 -8 
  -13 -2 
  -13 5 
  -13 12 
  -12 -16 
  -12 -4 
  -12 8 
  -12 11 
  -11 -12 
  -11 4 
  -11 6 
  -11 7 
  -11 9 
  -10 -15 
  -10 -14 
  -10 5 
  -10 10 
  -10 11 
  -10 16 
  -9 -15 
  -9 -5 
  -8 -8 
  -8 -1 
  -8 17 
  -7 -7 
  -7 -4 
  -7 -1 
  -7 3 
  -7 11 
  -7 18 
  -6 -21 
  -6 -17 
  -6 -15 
  -6 -10 
  -6 -3 
  -5 -4 
  -5 -3 
  -5 15 
  -4 -17 
  -4 -11 
  -4 1 
  -4 3 
  -4 4 
  -4 7 
  -3 -21 
  -3 -1 
  -3 0 
  -3 2 
  -3 4 
  -3 6 
  -3 15 
  -2 -16 
  -2 -7 
  -2 1 
  -2 7 
  -2 13 
  -2 16 
  -1 -6 
  -1 3 
  -1 6 
  -1 9 
  0 -14 
  0 -11 
  0 -9 
  0 -8 
  0 1 
  0 3 
  0 11 
  1 -15 
  1 -7 
  1 -6 
  2 -18 
  2 -16 
  2 -9 
  2 -3 
  2 5 
  2 10 
  2 12 
  3 -21 
  3 -16 
  3 -15 
  3 -14 
  3 -11 
  3 -9 
  3 -3 
  3 3 
  3 5 
  3 9 
  4 -19 
  4 -15 
  4 3 
  4 7 
  4 11 
  5 -18 
  5 -17 
  5 -16 
  5 -1 
  5 5 
  5 8 
  5 12 
  6 -15 
  6 -14 
  6 -12 
  6 -11 
  6 3 
  6 6 
  6 11 
  7 -4 
  7 -3 
  7 2 
  7 10 
  7 11 
  7 15 
  8 -13 
  8 -5 
  8 -2 
  8 13 
  9 -13 
  9 14 
  9 18 
  10 -11 
  10 5 
  10 10 
  10 17 
  11 -8 
  11 6 
  11 8 
  11 10 
  11 13 
  12 -2 
  12 3 
  13 -16 
  13 0 
  13 1 
  13 7 
  13 9 
  14 -14 
  14 -12 
  14 -11 
  14 -3 
  15 -6 
  16 -13 
  16 -7 
  16 8 
  17 -10 
  17 -8 
  17 -2 
  17 0 
  17 5 
  18 -7 
  18 1 
  19 -2 
  19 0 
  -17 -7 
  -17 0 
  -15 -13 
  -15 -12 
  -15 -11 
  -15 -10 
  -15 -7 
  -15 0 
  -15 1 
  -14 -14 
  -14 -9 
  -14 -2 
  -14 12 
  -13 -6 
  -12 -9 
  -12 -6 
  -12 -1 
  -12 3 
  -12 15 
  -11 -16 
  -11 -15 
  -11 -1 
  -10 4 
  -10 14 
  -9 -10 
  -9 -7 
  -9 -2 
  -8 -15 
  -8 -3 
  -8 1 
  -8 4 
  -8 10 
  -8 14 
  -7 9 
  -7 15 
  -6 -14 
  -6 -12 
  -6 0 
  -6 2 
  -6 14 
  -5 -12 
  -5 8 
  -5 9 
  -4 -14 
  -4 10 
  -4 14 
  -4 15 
  -4 19 
  -4 20 
  -3 -13 
  -3 -8 
  -3 13 
  -2 -21 
  -2 -18 
  -2 -11 
  -2 -6 
  -2 -2 
  -2 -1 
  -1 -16 
  -1 -14 
  -1 -7 
  -1 -5 
  -1 -2 
  -1 12 
  -1 13 
  -1 14 
  -1 18 
  -1 20 
  0 -16 
  0 -12 
  0 -2 
  0 -1 
  1 -14 
  1 2 
  1 4 
  1 5 
  1 8 
  2 -21 
  2 -8 
  2 -7 
  2 -4 
  2 15 
  3 -17 
  3 -12 
  3 -6 
  3 10 
  4 -20 
  4 -17 
  4 -11 
  4 -8 
  4 8 
  4 16 
  5 -11 
  5 1 
  5 2 
  5 4 
  5 11 
  6 -22 
  6 -7 
  6 -5 
  6 0 
  6 9 
  6 10 
  6 12 
  6 13 
  7 -15 
  7 6 
  8 -10 
  8 -3 
  8 7 
  8 15 
  9 -7 
  9 -4 
  9 -3 
  9 2 
  9 6 
  9 7 
  10 -13 
  10 -5 
  10 2 
  10 13 
  11 2 
  11 15 
  12 -15 
  12 -12 
  12 -10 
  12 -1 
  12 1 
  12 4 
  12 7 
  12 12 
  12 13 
  12 16 
  13 -14 
  13 -2 
  13 -1 
  13 13 
  13 14 
  13 15 
  14 -15 
  14 -8 
  14 -6 
  15 -10 
  15 -9 
  15 1 
  16 -3 
  16 -1 
  16 3 
  16 6 
  17 -4 
  18 -6 
  18 -3 
  18 5 
  -18 -3 
  -18 1 
  -17 -6 
  -17 -5 
  -16 -6 
  -15 -6 
  -15 6 
  -15 8 
  -14 -11 
  -14 -7 
  -14 -6 
  -14 8 
  -14 10 
  -13 -13 
  -13 -3 
  -13 0 
  -13 9 
  -13 11 
  -12 -15 
  -12 1 
  -11 -7 
  -11 13 
  -11 14 
  -11 16 
  -10 2 
  -10 3 
  -10 6 
  -10 15 
  -9 -19 
  -9 -18 
  -9 -12 
  -9 -3 
  -9 0 
  -9 6 
  -9 7 
  -9 13 
  -8 -13 
  -8 -5 
  -8 2 
  -8 15 
  -7 -12 
  -7 -2 
  -7 5 
  -7 6 
  -7 7 
  -7 13 
  -7 19 
  -6 -2 
  -6 5 
  -5 -22 
  -5 -19 
  -5 -11 
  -5 -9 
  -5 -5 
  -5 2 
  -5 4 
  -5 17 
  -5 19 
  -5 20 
  -4 -8 
  -4 17 
  -3 -20 
  -3 -19 
  -3 -17 
  -3 -12 
  -3 -2 
  -3 8 
  -3 16 
  -3 19 
  -2 -12 
  -2 -4 
  -2 2 
  -2 3 
  -2 4 
  -2 10 
  -2 11 
  -2 18 
  -1 -18 
  -1 -11 
  -1 0 
  -1 10 
  0 -15 
  1 -22 
  1 -21 
  1 1 
  1 6 
  1 9 
  1 12 
  1 13 
  2 -20 
  2 16 
  2 17 
  3 -18 
  3 -4 
  3 4 
  3 12 
  3 13 
  4 -10 
  4 -5 
  4 -2 
  4 13 
  5 -5 
  5 -2 
  5 3 
  5 6 
  5 10 
  5 15 
  6 -18 
  6 1 
  6 2 
  6 18 
  6 19 
  7 -9 
  7 8 
  8 -18 
  8 -14 
  8 19 
  9 -19 
  9 -16 
  9 -15 
  9 5 
  9 11 
  9 12 
  9 16 
  10 -19 
  10 -16 
  10 -4 
  10 14 
  10 16 
  11 -18 
  11 -16 
  11 -15 
  11 -7 
  11 -2 
  11 9 
  12 -16 
  12 -11 
  12 -4 
  13 -12 
  13 -8 
  13 10 
  14 12 
  14 13 
  15 -13 
  15 -8 
  15 -3 
  15 5 
  15 6 
  15 11 
  16 -2 
  16 0 
  16 9 
  17 -11 
  17 -9 
  17 -3 
  17 2 
  18 -8 
  18 -1 
  -18 0 
  -16 -8 
  -16 -3 
  -16 -2 
  -16 0 
  -16 2 
  -16 5 
  -15 2 
  -15 10 
  -14 5 
  -14 6 
  -14 11 
  -13 -9 
  -13 -5 
  -13 -1 
  -13 3 
  -13 14 
  -12 -14 
  -12 -12 
  -12 -5 
  -12 2 
  -12 10 
  -11 -11 
  -11 -5 
  -11 2 
  -11 10 
  -11 11 
  -10 -19 
  -10 -18 
  -10 -13 
  -10 -9 
  -10 -3 
  -10 12 
  -9 -14 
  -9 -6 
  -9 -4 
  -9 -1 
  -8 -9 
  -8 -2 
  -8 3 
  -8 6 
  -8 12 
  -8 13 
  -8 18 
  -7 -6 
  -7 0 
  -7 1 
  -7 10 
  -6 -19 
  -6 -18 
  -6 -9 
  -6 -7 
  -6 12 
  -5 -13 
  -5 -7 
  -5 5 
  -4 -16 
  -4 0 
  -4 8 
  -4 9 
  -4 12 
  -4 16 
  -3 -4 
  -3 -3 
  -3 9 
  -2 -15 
  -2 8 
  -1 -22 
  -1 -21 
  -1 -19 
  -1 -15 
  -1 -8 
  -1 15 
  0 -22 
  0 -18 
  0 -13 
  0 -3 
  0 2 
  0 9 
  0 12 
  0 14 
  0 18 
  1 -20 
  1 -19 
  1 -17 
  1 -12 
  1 -10 
  1 -9 
  1 -2 
  2 -12 
  2 -1 
  2 1 
  2 4 
  2 7 
  2 8 
  2 19 
  2 20 
  3 -19 
  3 -10 
  3 -8 
  3 1 
  3 6 
  3 14 
  4 -22 
  4 -21 
  4 -13 
  4 -12 
  4 -4 
  4 -1 
  4 6 
  4 9 
  4 18 
  4 19 
  5 -21 
  5 -10 
  5 -8 
  5 7 
  5 16 
  5 20 
  6 -21 
  6 -20 
  6 -9 
  6 -6 
  6 -4 
  6 4 
  6 15 
  7 -21 
  7 -17 
  7 -14 
  7 -8 
  7 -5 
  7 -1 
  8 -12 
  8 2 
  8 9 
  8 10 
  9 -17 
  9 -12 
  9 -11 
  9 -1 
  9 4 
  9 10 
  9 17 
  10 -15 
  10 1 
  10 4 
  10 11 
  10 18 
  11 -17 
  11 -1 
  11 3 
  11 4 
  12 -17 
  12 -5 
  13 -11 
  13 6 
  14 2 
  14 4 
  14 7 
  15 -14 
  15 -11 
  15 -7 
  15 -4 
  15 2 
  15 4 
  15 8 
  15 9 
  15 10 
  16 -9 
  16 10 
  17 -5 
  17 -1 
  17 3 
  17 6 
  17 7 
  18 -4 
  19 -3 
  -17 -4 
  -17 -2 
  -17 4 
  -16 -7 
  -16 6 
  -15 -2 
  -13 -14 
  -13 -7 
  -13 2 
  -13 6 
  -13 13 
  -12 -7 
  -12 -3 
  -12 0 
  -12 6 
  -12 7 
  -12 9 
  -11 -10 
  -11 -4 
  -11 1 
  -11 3 
  -11 5 
  -11 8 
  -10 -8 
  -10 -7 
  -10 -6 
  -10 -2 
  -9 1 
  -9 2 
  -9 11 
  -9 15 
  -9 16 
  -9 17 
  -8 -12 
  -8 -11 
  -8 8 
  -7 -19 
  -7 -15 
  -7 -10 
  -7 2 
  -7 16 
  -7 17 
  -6 -20 
  -6 3 
  -6 6 
  -6 7 
  -6 17 
  -5 -21 
  -5 -20 
  -5 -15 
  -5 -1 
  -5 1 
  -5 14 
  -4 -22 
  -4 -20 
  -4 -19 
  -4 -18 
  -4 -12 
  -4 -7 
  -4 -6 
  -4 -5 
  -4 -3 
  -4 -1 
  -4 5 
  -3 -22 
  -3 -18 
  -3 -16 
  -3 -14 
  -3 -9 
  -3 -5 
  -3 7 
  -3 12 
  -2 -14 
  -2 -13 
  -2 -8 
  -2 5 
  -2 9 
  -2 12 
  -2 20 
  -1 -13 
  -1 -1 
  -1 5 
  -1 16 
  0 -7 
  0 7 
  0 8 
  1 -16 
  1 -11 
  1 -4 
  1 3 
  1 14 
  2 -22 
  2 -14 
  2 -2 
  2 3 
  2 9 
  2 18 
  3 -13 
  3 -1 
  3 0 
  3 2 
  3 8 
  3 17 
  4 -16 
  4 0 
  4 4 
  4 5 
  5 13 
  6 -19 
  6 -13 
  6 -3 
  6 5 
  7 -10 
  7 -7 
  7 -2 
  7 3 
  7 4 
  7 16 
  8 -21 
  8 -11 
  8 -6 
  8 4 
  8 5 
  8 8 
  8 12 
  8 17 
  9 -14 
  9 -6 
  9 0 
  9 1 
  9 8 
  10 -14 
  10 -12 
  10 -1 
  10 3 
  10 7 
  10 9 
  11 -12 
  11 -9 
  11 -6 
  11 11 
  12 -8 
  12 2 
  12 5 
  12 6 
  12 8 
  13 -15 
  13 -10 
  13 -6 
  14 -2 
  14 0 
  14 5 
  14 9 
  15 -12 
  15 3 
  15 7 
  16 -4 
  16 1 
  16 2 
  18 -2 
  19 1 ;
AreaPerTest 2.3486199729e+10;
DefectRecordSpec 13 DEFECTID XREL YREL XINDEX YINDEX XSIZE YSIZE DEFECTAREA DSIZE CLASSNUMBER TEST IMAGECOUNT IMAGELIST ;
DefectList;
TiffFileName 195J64_195J64-@13_3062UTDM.003_00001.jpg;
DefectList
 1 881.389 2213.507 1 18 2.496 0.623 0.045000 0.211 78 1 1 1 1 106
 2 4025.399 2639.046 4 18 3.745 2.495 1.867000 1.366 0 1 0 0;
TiffFileName 195J64_195J64-@13_3062UTDM.003_00002.jpg;
DefectList
 3 2135.236 3118.097 0 14 0.624 0.623 0.045000 0.211 78 1 1 1 1 106;
TiffFileName 195J64_195J64-@13_3062UTDM.003_00003.jpg;
DefectList
 4 2862.397 3265.039 -8 14 19.349 15.598 104.573000 10.226 63 1 1 1 1 106;
TiffFileName 195J64_195J64-@13_3062UTDM.003_00004.jpg;
DefectList
 5 4022.419 3995.126 -5 13 0.624 0.623 0.045000 0.211 78 1 1 1 1 106;
TiffFileName 195J64_195J64-@13_3062UTDM.003_00005.jpg;
DefectList
 6 4369.980 2223.372 7 13 1.872 1.247 0.561000 0.749 63 1 1 1 1 106
 7 547.654 1591.075 -4 13 2.496 3.743 3.265000 1.806 0 1 0 0
 8 2866.721 1800.017 3 12 1.872 3.119 1.481000 1.216 0 1 0 0
 9 2874.257 2131.025 -5 12 1.872 1.247 0.646000 0.803 0 1 0 0
 10 3630.041 1013.795 3 12 0.624 1.247 0.094000 0.306 0 1 0 0
 11 4786.165 2693.393 -5 11 12.483 14.350 27.850000 5.277 0 1 0 0
 12 4785.831 2689.335 -1 11 13.107 21.214 339.147008 13.107 0 1 0 0
 13 4785.519 2666.561 -1 11 13.731 1.871 1.867000 1.366 0 1 0 0
 14 4780.837 2656.268 -1 11 0.624 1.247 0.205000 0.452 0 1 0 0
 15 4785.808 2689.026 3 11 13.107 24.334 843.881984 13.107 0 1 0 0
 16 4797.355 2694.952 3 11 0.624 7.487 0.561000 0.624 0 1 0 0
 17 4772.701 2677.479 3 11 0.624 0.623 0.094000 0.306 0 1 0 0
 18 4784.248 2666.249 3 11 26.215 2.495 14.892000 2.495 0 1 0 0
 19 4796.107 2658.765 3 11 2.496 4.991 0.334000 0.578 0 1 0 0
 20 4780.815 2656.577 3 11 1.872 1.871 0.828000 0.909 0 1 0 0;
TiffFileName 195J64_195J64-@13_3062UTDM.003_00006.jpg;
DefectList
 21 4796.731 2649.714 3 11 1.248 3.119 1.028000 1.013 78 1 1 1 1 106
 22 4797.044 2640.667 3 11 0.624 2.495 0.406000 0.624 0 1 0 0
 23 4785.472 2688.089 7 11 13.731 22.462 198.424000 13.731 0 1 0 0;
TiffFileName 195J64_195J64-@13_3062UTDM.003_00007.jpg;
DefectList
 24 933.531 735.136 6 11 3.120 1.247 0.828000 0.909 77 1 1 1 1 106
 25 3609.056 1546.276 4 11 2.496 2.495 1.605000 1.267 0 1 0 0;
TiffFileName 195J64_195J64-@13_3062UTDM.003_00008.jpg;
DefectList
 26 2936.839 1316.350 1 11 3.745 3.119 2.923000 1.709 63 1 1 1 1 106;
TiffFileName 195J64_195J64-@13_3062UTDM.003_00009.jpg;
DefectList
 27 731.048 3918.445 -5 10 1.248 1.871 0.646000 0.803 63 1 1 1 1 106;
TiffFileName 195J64_195J64-@13_3062UTDM.003_00010.jpg;
DefectList
 28 3586.645 3979.277 -7 10 0.624 0.623 0.045000 0.211 63 1 1 1 1 106
 29 2901.739 2153.359 4 10 3.745 3.743 4.600000 2.144 0 1 0 0
 30 1144.683 2171.145 6 10 0.624 0.623 0.045000 0.211 0 1 0 0;
TiffFileName 195J64_195J64-@13_3062UTDM.003_00011.jpg;
DefectList
 31 1274.474 2500.590 13 10 0.624 0.623 0.045000 0.211 78 1 1 1 1 106
 32 4475.987 531.418 12 10 1.248 1.871 0.406000 0.636 0 1 0 0
 33 4606.156 1341.309 7 10 3.120 3.119 2.600000 1.612 0 1 0 0;
TiffFileName 195J64_195J64-@13_3062UTDM.003_00012.jpg;
DefectList
 34 1570.526 1256.449 1 10 0.624 0.623 0.094000 0.306 78 1 1 1 1 106;
TiffFileName 195J64_195J64-@13_3062UTDM.003_00013.jpg;
DefectList
 35 2345.672 269.375 -9 10 2.496 3.119 2.005000 1.415 63 1 1 1 1 106;
TiffFileName 195J64_195J64-@13_3062UTDM.003_00014.jpg;
DefectList
 36 1669.156 3349.150 -11 9 2.496 1.871 1.028000 1.013 63 1 1 1 1 106
 37 2477.723 3895.419 -7 9 3.120 3.743 2.600000 1.612 0 1 0 0;
TiffFileName 195J64_195J64-@13_3062UTDM.003_00015.jpg;
DefectList
 38 2976.103 3401.872 -5 9 2.496 2.495 2.147000 1.465 63 1 1 1 1 106
 39 2313.291 1628.638 -10 9 2.496 2.495 1.135000 1.065 0 1 0 0
 40 1333.849 527.360 0 9 0.624 0.623 0.045000 0.211 0 1 0 0;
TiffFileName 195J64_195J64-@13_3062UTDM.003_00016.jpg;
DefectList
 41 1334.915 308.743 -1 9 1.872 1.247 0.205000 0.452 63 1 1 1 1 106;
TiffFileName 195J64_195J64-@13_3062UTDM.003_00017.jpg;
DefectList
 42 239.846 4011.412 -15 8 1.248 3.119 1.135000 1.065 63 1 1 1 1 106
 43 4291.211 4088.783 -3 8 0.624 0.623 0.094000 0.306 0 1 0 0
 44 1551.685 3941.842 0 8 0.624 0.623 0.045000 0.211 0 1 0 0
 45 203.234 2429.834 4 8 1.872 1.871 0.735000 0.857 0 1 0 0
 46 4318.537 2420.787 -8 8 3.120 3.743 3.811000 1.952 0 1 0 0
 47 2106.205 2734.322 -12 8 2.496 3.119 2.005000 1.415 0 1 0 0
 48 2106.586 820.678 -1 8 0.624 0.623 0.094000 0.306 0 1 0 0
 49 934.807 952.334 17 8 1.248 0.623 0.147000 0.383 0 1 0 0
 50 1861.275 3918.132 0 7 0.624 0.623 0.045000 0.211 0 1 0 0
 51 4565.177 3963.058 1 7 2.496 2.495 1.028000 1.013 0 1 0 0
 52 2728.227 3259.863 2 7 0.624 0.623 0.695000 0.623 0 1 0 0
 53 1514.768 3713.163 8 7 0.624 0.623 0.045000 0.211 0 1 0 0;
TiffFileName 195J64_195J64-@13_3062UTDM.003_00018.jpg;
DefectList
 54 4784.023 2686.339 5 7 13.107 19.966 365.643008 13.107 78 1 1 1 1 106
 55 4783.756 2686.964 1 7 13.731 21.214 276.480992 13.731 0 1 0 0
 56 4786.253 2666.062 1 7 16.228 1.871 1.481000 1.216 0 1 0 0
 57 4783.801 2687.902 -3 7 13.731 23.086 715.254976 13.731 0 1 0 0
 58 4782.553 2665.749 -3 7 18.725 2.495 8.191000 2.495 0 1 0 0;
TiffFileName 195J64_195J64-@13_3062UTDM.003_00019.jpg;
DefectList
 59 4779.432 2655.456 -3 7 1.248 0.623 0.268000 0.517 78 1 1 1 1 106
 60 4795.037 2648.902 -3 7 1.248 2.495 0.268000 0.517 0 1 0 0
 61 645.444 828.730 -5 7 2.496 2.495 1.867000 1.366 0 1 0 0
 62 1566.989 1518.820 -1 7 0.624 0.623 0.045000 0.211 0 1 0 0
 63 3183.863 3680.344 5 6 2.496 1.871 1.246000 1.116 0 1 0 0;
TiffFileName 195J64_195J64-@13_3062UTDM.003_00020.jpg;
DefectList
 64 3700.588 2281.459 -8 6 3.120 3.119 2.293000 1.514 63 1 1 1 1 106
 65 4135.437 1344.051 3 6 1.872 3.119 1.135000 1.065 0 1 0 0
 66 652.585 289.530 6 6 1.872 2.495 0.926000 0.962 0 1 0 0
 67 3215.346 3538.517 8 5 0.624 0.623 0.045000 0.211 0 1 0 0
 68 1488.599 3165.082 6 5 2.496 0.623 0.481000 0.623 0 1 0 0;
TiffFileName 195J64_195J64-@13_3062UTDM.003_00021.jpg;
DefectList
 69 2439.849 3669.546 5 5 0.624 0.623 0.045000 0.211 78 1 1 1 1 106;
TiffFileName 195J64_195J64-@13_3062UTDM.003_00022.jpg;
DefectList
 70 1050.502 3439.308 0 5 0.624 0.623 0.045000 0.211 78 1 1 1 1 106
 71 479.878 3135.443 -15 5 3.120 3.743 0.646000 0.803 0 1 0 0;
TiffFileName 195J64_195J64-@13_3062UTDM.003_00023.jpg;
DefectList
 72 1163.255 2022.521 -2 5 1.872 1.871 0.735000 0.857 63 1 1 1 1 106
 73 2925.107 1134.964 8 5 1.872 0.623 0.147000 0.383 0 1 0 0;
TiffFileName 195J64_195J64-@13_3062UTDM.003_00024.jpg;
DefectList
 74 3069.122 4106.377 -4 4 0.624 0.623 0.094000 0.306 78 1 1 1 1 106
 75 4785.362 2688.464 -5 4 14.355 24.958 1223.435008 14.355 0 1 0 0
 76 4772.565 2680.977 -5 4 1.248 9.983 1.867000 1.248 0 1 0 0
 77 4781.304 2656.956 -5 4 32.456 19.342 46.062000 6.786 0 1 0 0;
TiffFileName 195J64_195J64-@13_3062UTDM.003_00025.jpg;
DefectList
 78 4796.597 2638.860 -5 4 0.624 1.871 0.334000 0.578 78 1 1 1 1 106
 79 4796.861 2702.192 -1 4 0.624 6.239 0.481000 0.624 0 1 0 0
 80 4785.313 2690.960 -1 4 15.604 26.205 1027.889984 15.604 0 1 0 0
 81 4772.518 2685.657 -1 4 2.496 19.342 16.008000 2.496 0 1 0 0
 82 4773.766 2665.378 -1 4 19.973 2.495 5.239000 2.288 0 1 0 0
 83 4765.652 2655.395 -1 4 1.248 1.247 0.334000 0.578 0 1 0 0
 84 4780.632 2655.083 -1 4 2.496 1.871 1.135000 1.065 0 1 0 0
 85 4796.548 2638.860 -1 4 0.624 3.119 0.646000 0.624 0 1 0 0
 86 4797.125 2700.632 3 4 0.624 13.102 1.481000 0.624 0 1 0 0
 87 4784.953 2689.712 3 4 14.980 27.453 1924.516992 14.980 0 1 0 0
 88 4772.470 2686.592 3 4 2.496 21.214 26.862000 2.496 0 1 0 0
 89 4776.527 2665.378 3 4 34.329 2.495 24.939000 2.495 0 1 0 0
 90 4765.603 2655.395 3 4 2.496 2.495 1.135000 1.065 0 1 0 0
 91 4780.584 2655.395 3 4 2.496 2.495 1.605000 1.267 0 1 0 0
 92 4796.812 2648.844 3 4 1.248 3.119 0.828000 0.909 0 1 0 0
 93 4796.501 2639.173 3 4 1.872 3.743 1.867000 1.366 0 1 0 0
 94 332.026 2901.856 10 4 3.745 3.743 3.442000 1.855 0 1 0 0
 95 4785.481 2687.840 11 4 13.731 23.710 315.316000 13.731 0 1 0 0
 96 4780.489 2665.378 11 4 32.456 2.495 7.136000 2.495 0 1 0 0
 97 3535.007 4084.789 1 3 1.872 1.871 1.246000 1.116 0 1 0 0
 98 4183.239 2339.051 4 3 0.624 0.623 0.045000 0.211 0 1 0 0
 99 1622.929 2936.467 -5 2 3.745 1.871 1.605000 1.267 0 1 0 0
 100 664.192 1963.804 1 2 2.496 2.495 1.605000 1.267 0 1 0 0
 101 2820.478 3372.858 -3 1 0.624 0.623 0.205000 0.452 0 1 0 0
 102 1036.377 3411.231 10 1 1.872 2.495 1.481000 1.216 0 1 0 0
 103 4376.795 3061.506 19 1 4.369 11.855 5.917000 2.432 0 1 0 0
 104 4400.202 3278.642 19 1 3.745 0.623 0.334000 0.578 0 1 0 0
 105 4809.975 3669.859 19 1 0.624 0.623 0.094000 0.306 0 1 0 0
 106 4795.303 3667.052 19 1 0.624 0.623 0.045000 0.211 0 1 0 0
 107 150.832 3979.028 -18 1 0.624 0.623 0.045000 0.211 100 1 0 0
 108 163.629 3841.135 -18 1 4.369 7.487 0.561000 0.749 100 1 0 0
 109 176.731 3770.939 -18 1 0.624 0.623 0.094000 0.306 100 1 0 0
 110 151.145 3721.023 -18 1 0.624 10.607 0.926000 0.624 100 1 0 0
 111 174.551 3701.682 -18 1 3.745 1.871 0.481000 0.693 100 1 0 0
 112 174.551 3674.539 -18 1 3.745 2.495 0.561000 0.749 100 1 0 0
 113 151.145 3661.437 -18 1 0.624 12.479 1.734000 0.624 100 1 0 0
 114 175.488 3541.638 -18 1 5.617 7.487 1.867000 1.366 100 1 0 0
 115 176.113 3400.313 -18 1 0.624 1.871 0.147000 0.383 100 1 0 0
 116 163.004 3325.750 -18 1 0.624 1.247 0.094000 0.306 100 1 0 0
 117 250.699 3717.280 -18 1 3.745 0.623 0.094000 0.306 100 1 0 0
 118 225.418 3701.369 -18 1 4.369 1.247 0.334000 0.578 100 1 0 0
 119 208.566 3540.390 -18 1 11.859 9.983 2.444000 1.563 100 1 0 0
 120 206.379 3519.175 -18 1 1.248 3.743 0.147000 0.383 100 1 0 0
 121 205.754 3409.672 -18 1 0.624 0.623 0.045000 0.211 100 1 0 0
 122 220.738 3310.151 -18 1 0.624 0.623 0.045000 0.211 100 1 0 0
 123 250.699 3310.151 -18 1 0.624 0.623 0.045000 0.211 100 1 0 0
 124 220.426 2960.426 -18 1 0.624 0.623 0.094000 0.306 100 1 0 0
 125 354.934 3797.146 -18 1 0.624 0.623 0.045000 0.211 100 1 0 0
 126 327.785 3717.280 -18 1 4.369 0.623 0.268000 0.517 100 1 0 0
 127 378.027 3717.280 -18 1 4.993 0.623 0.481000 0.623 100 1 0 0
 128 350.879 3701.369 -18 1 0.624 1.247 0.147000 0.383 100 1 0 0
 129 325.285 3690.450 -18 1 0.624 0.623 0.045000 0.211 100 1 0 0
 130 380.215 3690.450 -18 1 0.624 0.623 0.094000 0.306 100 1 0 0
 131 327.473 3665.492 -18 1 4.993 4.367 1.361000 1.166 100 1 0 0
 132 378.340 3665.492 -18 1 4.369 4.367 0.406000 0.636 100 1 0 0
 133 327.473 3424.334 -18 1 0.624 0.623 0.045000 0.211 100 1 0 0
 134 401.746 3797.146 -18 1 1.248 0.623 0.147000 0.383 100 1 0 0
 135 426.715 3665.492 -18 1 0.624 3.119 0.147000 0.383 100 1 0 0
 136 445.441 3548.813 -18 1 14.980 20.590 12.441000 3.527 100 1 0 0
 137 293.668 2778.437 -18 1 1.248 39.932 13.465000 1.248 100 1 0 0
 138 293.668 2151.364 -18 1 1.248 36.189 19.180000 1.248 100 1 0 0
 139 4673.178 1916.446 19 1 6.865 4.367 0.828000 0.909 0 1 0 0
 140 4663.819 1914.574 19 1 4.369 0.623 0.481000 0.623 0 1 0 0
 141 4655.702 1914.574 19 1 3.120 0.623 0.205000 0.452 0 1 0 0
 142 3765.752 705.750 -1 1 0.624 1.871 0.094000 0.306 0 1 0 0
 143 156.137 1403.017 -18 1 1.872 16.222 2.600000 1.612 100 1 0 0
 144 238.527 1467.284 -18 1 3.120 4.991 1.867000 1.366 100 1 0 0
 145 209.191 1408.320 -18 1 4.369 1.871 1.135000 1.065 100 1 0 0
 146 232.598 1408.320 -18 1 13.731 1.871 2.444000 1.563 100 1 0 0
 147 253.504 1312.855 -18 1 5.617 4.367 0.406000 0.636 100 1 0 0;
TiffFileName 195J64_195J64-@13_3062UTDM.003_00026.jpg;
DefectList
 148 295.637 1311.919 -18 1 1.248 2.495 0.268000 0.517 100 1 1 1 1 106
 149 1621.196 4088.658 -7 0 0.624 0.623 0.094000 0.306 0 1 0 0
 150 4084.097 3549.251 -2 0 1.248 4.991 0.481000 0.693 0 1 0 0
 151 887.349 3829.093 1 0 3.120 1.871 1.481000 1.216 0 1 0 0
 152 4603.915 3668.426 5 0 0.624 0.623 0.045000 0.211 0 1 0 0
 153 3898.566 3518.677 7 0 0.624 0.623 0.045000 0.211 0 1 0 0
 154 4782.574 2687.776 9 0 13.107 23.086 289.143008 13.107 0 1 0 0
 155 4511.996 2402.630 9 0 2.496 3.119 2.005000 1.415 0 1 0 0
 156 4784.892 2684.657 1 0 9.986 15.598 118.489000 9.986 0 1 0 0
 157 4780.902 2687.776 -3 0 19.349 23.086 983.136000 19.349 0 1 0 0
 158 4794.322 2686.840 -3 0 0.624 19.966 2.600000 0.624 0 1 0 0
 159 4785.583 2666.250 -3 0 17.476 1.247 4.196000 1.247 0 1 0 0
 160 4794.009 2659.698 -3 0 0.624 4.367 1.028000 0.624 0 1 0 0
 161 4793.698 2650.027 -3 0 1.248 4.991 1.246000 1.116 0 1 0 0
 162 4782.840 2687.152 -7 0 14.355 20.590 648.920000 14.355 0 1 0 0
 163 4794.387 2694.640 -7 0 0.624 3.119 0.205000 0.452 0 1 0 0
 164 4785.024 2665.938 -7 0 18.725 1.871 4.808000 1.871 0 1 0 0
 165 4793.141 2658.763 -7 0 2.496 4.991 0.926000 0.962 0 1 0 0;
TiffFileName 195J64_195J64-@13_3062UTDM.003_00027.jpg;
DefectList
 166 4793.762 2650.027 -7 0 1.248 4.991 1.135000 1.065 78 1 1 1 1 106
 167 1428.966 2120.916 -14 0 2.496 2.495 1.867000 1.366 0 1 0 0;
TiffFileName 195J64_195J64-@13_3062UTDM.003_00028.jpg;
DefectList
 168 1364.073 2084.103 -15 0 1.248 2.495 0.828000 0.909 63 1 1 1 1 106
 169 3370.507 1201.168 -11 0 3.120 4.367 4.396000 2.096 0 1 0 0
 170 3358.648 1196.800 -11 0 4.369 1.871 1.734000 1.316 0 1 0 0
 171 2572.287 3129.143 -17 -1 0.624 1.871 0.334000 0.578 0 1 0 0
 172 2066.789 3000.921 -3 -1 0.624 0.623 0.045000 0.211 0 1 0 0;
TiffFileName 195J64_195J64-@13_3062UTDM.003_00029.jpg;
DefectList
 173 4108.144 3108.241 -3 -1 0.624 0.623 0.045000 0.211 78 1 1 1 1 106;
TiffFileName 195J64_195J64-@13_3062UTDM.003_00030.jpg;
DefectList
 174 363.273 3807.067 6 -1 2.496 2.495 1.734000 1.316 63 1 1 1 1 106
 175 1592.235 2642.041 2 -1 0.624 0.623 0.045000 0.211 0 1 0 0
 176 1874.460 1857.733 -4 -1 1.248 0.623 0.094000 0.306 0 1 0 0
 177 3352.929 1851.493 -11 -1 3.120 2.495 2.444000 1.563 0 1 0 0
 178 4021.276 965.312 -15 -1 2.496 1.871 1.246000 1.116 0 1 0 0
 179 1095.258 1311.293 16 -1 1.248 0.623 0.094000 0.306 0 1 0 0
 180 458.081 400.342 4 -1 3.745 3.743 3.624000 1.903 0 1 0 0;
TiffFileName 195J64_195J64-@13_3062UTDM.003_00031.jpg;
DefectList
 181 1809.158 3974.037 -12 -2 0.624 0.623 0.045000 0.211 78 1 1 1 1 106
 182 553.467 1304.118 -2 -2 0.624 9.359 1.246000 0.624 0 1 0 0
 183 2634.816 1681.609 14 -2 3.120 3.119 2.759000 1.661 0 1 0 0
 184 1573.364 3119.348 -2 -3 1.872 3.743 2.005000 1.415 0 1 0 0
 185 1842.562 3319.013 6 -3 0.624 0.623 0.045000 0.211 0 1 0 0;
TiffFileName 195J64_195J64-@13_3062UTDM.003_00032.jpg;
DefectList
 186 2460.737 3903.344 10 -3 1.872 1.871 1.135000 1.065 63 1 1 1 1 106
 187 4471.163 3409.174 12 -3 3.120 1.871 1.246000 1.116 0 1 0 0
 188 4375.545 3059.448 19 -3 1.872 9.983 4.196000 1.872 100 1 0 0
 189 4399.577 3278.456 19 -3 3.745 1.247 0.481000 0.693 100 1 0 0
 190 199.824 3717.094 -18 -3 4.369 1.247 0.268000 0.517 100 1 0 0
 191 199.824 3690.264 -18 -3 4.369 0.623 0.147000 0.383 100 1 0 0
 192 170.801 3546.131 -18 -3 14.980 14.974 14.892000 3.858 100 1 0 0
 193 250.387 3717.406 -18 -3 4.369 0.623 0.268000 0.517 100 1 0 0
 194 248.824 3690.264 -18 -3 0.624 0.623 0.045000 0.211 100 1 0 0
 195 210.754 3546.131 -18 -3 14.980 14.974 16.389000 4.048 100 1 0 0
 196 328.723 3717.094 -18 -3 1.248 0.623 0.094000 0.306 100 1 0 0
 197 329.340 3690.264 -18 -3 0.624 0.623 0.045000 0.211 100 1 0 0
 198 329.035 3663.746 -18 -3 0.624 0.623 0.094000 0.306 100 1 0 0
 199 376.777 3663.746 -18 -3 1.248 0.623 0.147000 0.383 100 1 0 0
 200 4779.110 2689.461 11 -3 21.221 26.205 730.433984 21.221 0 1 0 0
 201 4777.548 2666.063 11 -3 34.329 3.119 8.191000 2.862 0 1 0 0
 202 4778.173 2655.768 11 -3 3.120 2.495 0.735000 0.857 0 1 0 0
 203 4778.863 2690.709 7 -3 21.846 28.701 423.556992 20.580 0 1 0 0
 204 4772.621 2666.063 7 -3 36.826 3.119 12.778000 3.119 0 1 0 0
 205 4763.570 2656.080 7 -3 3.745 3.119 1.135000 1.065 0 1 0 0
 206 4781.738 2693.205 3 -3 27.463 33.693 1631.186944 27.463 0 1 0 0
 207 4781.805 2691.645 -1 -3 26.215 30.573 653.723008 25.568 0 1 0 0
 208 4775.875 2657.640 -1 -3 39.322 19.966 111.423000 10.555 0 1 0 0
 209 4794.601 2639.545 -1 -3 1.872 4.991 1.135000 1.065 0 1 0 0
 210 4781.872 2690.397 -5 -3 26.215 28.077 2110.419968 26.215 0 1 0 0
 211 4778.439 2657.640 -5 -3 33.081 19.966 81.879000 9.048 0 1 0 0
 212 4783.188 2687.901 -9 -3 14.980 23.086 410.108000 14.980 0 1 0 0
 213 4782.250 2657.328 -9 -3 25.591 19.342 22.636000 4.757 0 1 0 0
 214 4795.514 1916.384 19 -3 5.617 3.743 1.246000 1.116 100 1 0 0
 215 4747.139 1916.073 19 -3 42.443 4.367 31.978000 4.367 100 1 0 0
 216 4791.147 1798.145 19 -3 15.604 1.871 4.600000 1.871 100 1 0 0
 217 4716.874 1916.073 19 -3 10.610 4.367 6.152000 2.480 100 1 0 0
 218 4695.334 1916.073 19 -3 16.228 4.367 11.457000 3.384 100 1 0 0
 219 4654.764 1915.760 19 -3 49.933 4.991 235.840000 4.991 100 1 0 0
 220 4601.709 1916.073 19 -3 26.215 4.367 16.775000 4.094 100 1 0 0
 221 4571.436 1915.136 19 -3 15.604 1.247 2.147000 1.247 100 1 0 0
 222 4532.741 1922.312 19 -3 16.852 0.623 2.923000 0.623 100 1 0 0
 223 4545.538 1916.073 19 -3 14.980 4.367 2.444000 1.563 100 1 0 0
 224 4472.506 2635.177 19 -3 2.496 0.623 0.205000 0.452 100 1 0 0
 225 4455.967 2489.172 19 -3 3.120 49.916 214.655008 3.120 100 1 0 0
 226 4455.655 2437.384 19 -3 2.496 13.726 7.136000 2.496 100 1 0 0
 227 4456.280 2378.733 19 -3 1.248 23.710 4.001000 1.248 100 1 0 0
 228 4452.842 1933.543 19 -3 5.617 1.871 1.481000 1.216 100 1 0 0
 229 4460.647 1922.312 19 -3 1.248 0.623 0.147000 0.383 100 1 0 0
 230 4441.295 2349.408 19 -3 1.248 1.247 0.205000 0.452 100 1 0 0
 231 4416.952 1983.147 19 -3 3.745 0.623 0.205000 0.452 100 1 0 0
 232 4438.178 1952.261 19 -3 0.624 1.871 0.094000 0.306 100 1 0 0
 233 4444.420 1916.384 19 -3 4.993 3.743 0.406000 0.636 100 1 0 0
 234 4377.319 1734.190 19 -3 114.223 6.239 865.891968 6.239 100 1 0 0
 235 4386.061 1983.147 19 -3 1.872 0.623 0.045000 0.211 100 1 0 0
 236 4367.647 1860.853 19 -3 7.490 6.239 0.828000 0.909 100 1 0 0
 237 4326.139 1860.229 19 -3 5.617 2.495 0.406000 0.636 100 1 0 0
 238 4356.413 1860.229 19 -3 7.490 1.247 0.646000 0.803 100 1 0 0
 239 4334.249 1860.229 19 -3 3.120 1.247 0.481000 0.693 100 1 0 0
 240 4369.209 1848.062 19 -3 3.120 4.367 1.361000 1.166 100 1 0 0
 241 765.440 655.021 -6 -3 2.496 1.247 0.481000 0.693 0 1 0 0
 242 3154.410 862.796 -3 -3 1.872 2.495 1.028000 1.013 0 1 0 0
 243 4382.100 863.733 19 -3 12.483 13.102 5.460000 2.336 100 1 0 0
 244 4440.459 1620.275 19 -3 0.624 1.247 0.205000 0.452 100 1 0 0
 245 4388.655 1413.435 19 -3 0.624 0.623 0.094000 0.306 100 1 0 0
 246 4388.655 1308.298 19 -3 1.872 7.487 1.028000 1.013 100 1 0 0
 247 4415.186 1204.411 19 -3 0.624 0.623 0.094000 0.306 100 1 0 0
 248 4415.186 1070.573 19 -3 0.624 1.247 0.094000 0.306 100 1 0 0
 249 4464.491 1223.441 19 -3 0.624 3.743 0.205000 0.452 100 1 0 0;
TiffFileName 195J64_195J64-@13_3062UTDM.003_00033.jpg;
DefectList
 250 4464.178 1090.540 19 -3 0.624 2.495 0.268000 0.517 100 1 1 1 1 106
 251 152.395 1323.585 -18 -3 9.362 8.111 30.919000 5.560 100 1 0 0
 252 175.176 838.775 -18 -3 28.711 28.077 29.365000 5.418 100 1 0 0
 253 177.043 770.140 -18 -3 0.624 0.623 0.045000 0.211 100 1 0 0
 254 205.449 681.226 -18 -3 85.511 0.623 11.781000 0.623 100 1 0 0
 255 166.434 660.324 -18 -3 6.241 0.623 0.334000 0.578 100 1 0 0
 256 180.481 660.012 -18 -3 0.624 0.623 0.045000 0.211 100 1 0 0
 257 158.324 525.239 -18 -3 21.221 16.222 23.088000 4.804 100 1 0 0
 258 238.527 1451.496 -18 -3 3.120 30.573 46.062000 3.120 100 1 0 0
 259 210.129 1408.131 -18 -3 6.241 1.247 0.646000 0.803 100 1 0 0
 260 275.356 1323.274 -18 -3 60.544 8.735 61.213000 7.823 100 1 0 0
 261 219.176 839.710 -18 -3 0.624 8.735 0.735000 0.624 100 1 0 0
 262 280.973 1311.106 -18 -3 0.624 1.871 0.147000 0.383 100 1 0 0
 263 265.988 1310.794 -18 -3 0.624 1.247 0.147000 0.383 100 1 0 0
 264 295.949 1310.794 -18 -3 0.624 1.247 0.205000 0.452 100 1 0 0
 265 315.301 840.022 -18 -3 1.872 8.111 0.205000 0.452 100 1 0 0
 266 272.231 660.324 -18 -3 0.624 0.623 0.147000 0.383 100 1 0 0
 267 284.715 660.324 -18 -3 3.120 0.623 0.268000 0.517 100 1 0 0
 268 321.543 660.012 -18 -3 6.865 1.247 0.334000 0.578 100 1 0 0
 269 267.238 660.012 -18 -3 0.624 0.623 0.045000 0.211 100 1 0 0
 270 279.098 660.012 -18 -3 0.624 0.623 0.094000 0.306 100 1 0 0
 271 355.871 1308.611 -18 -3 0.624 0.623 0.094000 0.306 100 1 0 0
 272 324.660 839.086 -18 -3 0.624 6.239 0.268000 0.517 100 1 0 0
 273 349.004 524.615 -18 -3 0.624 18.718 1.867000 0.624 100 1 0 0
 274 551.863 1312.042 -18 -3 0.624 3.743 0.147000 0.383 100 1 0 0
 275 4419.452 467.169 19 -3 23.718 0.623 12.441000 0.623 100 1 0 0
 276 4419.764 336.451 19 -3 0.624 1.247 0.147000 0.383 100 1 0 0
 277 4419.764 329.900 19 -3 0.624 3.119 0.205000 0.452 100 1 0 0
 278 4402.913 320.540 19 -3 0.624 3.119 0.205000 0.452 100 1 0 0
 279 3003.985 3271.779 -9 -4 3.120 1.871 1.246000 1.116 0 1 0 0
 280 2873.334 4084.165 3 -4 3.120 1.871 1.246000 1.116 0 1 0 0
 281 3955.993 1552.701 1 -4 0.624 0.623 0.045000 0.211 0 1 0 0
 282 2486.186 4037.680 -6 -5 0.624 0.623 0.045000 0.211 0 1 0 0;
TiffFileName 195J64_195J64-@13_3062UTDM.003_00034.jpg;
DefectList
 283 4198.600 3297.361 -6 -5 0.624 0.623 0.094000 0.306 78 1 1 1 1 106;
TiffFileName 195J64_195J64-@13_3062UTDM.003_00035.jpg;
DefectList
 284 4242.505 3054.332 0 -5 1.248 1.247 0.334000 0.578 63 1 1 1 1 106
 285 3892.146 2118.046 -1 -5 0.624 1.247 0.205000 0.452 0 1 0 0
 286 3908.472 530.354 6 -5 0.624 2.495 0.205000 0.452 0 1 0 0;
TiffFileName 195J64_195J64-@13_3062UTDM.003_00036.jpg;
DefectList
 287 373.952 4109.808 -4 -6 1.248 0.623 0.147000 0.383 63 1 1 1 1 106
 288 3260.254 3687.392 7 -6 0.624 0.623 0.045000 0.211 0 1 0 0
 289 3687.878 1147.818 3 -6 0.624 0.623 0.045000 0.211 0 1 0 0
 290 379.699 780.623 7 -6 3.120 1.871 1.867000 1.366 0 1 0 0;
TiffFileName 195J64_195J64-@13_3062UTDM.003_00037.jpg;
DefectList
 291 1780.687 3775.434 5 -7 0.624 0.623 0.045000 0.211 78 1 1 1 1 106
 292 4779.997 2687.966 1 -7 19.973 23.710 1223.435008 19.973 0 1 0 0
 293 4784.991 2665.815 1 -7 18.725 1.871 2.759000 1.661 0 1 0 0
 294 4793.729 2654.272 1 -7 1.248 13.726 2.923000 1.248 0 1 0 0
 295 4782.561 2685.782 -3 -7 13.731 19.342 186.670000 13.662 0 1 0 0
 296 4068.543 714.671 -11 -7 3.745 3.743 4.001000 2.000 0 1 0 0
 297 4339.297 834.157 16 -7 0.624 0.623 0.094000 0.306 0 1 0 0
 298 2970.227 454.563 0 -7 13.107 4.367 33.599000 4.367 0 1 0 0;
TiffFileName 195J64_195J64-@13_3062UTDM.003_00038.jpg;
DefectList
 299 4580.296 473.282 -1 -7 0.624 0.623 0.045000 0.211 78 1 1 1 1 106
 300 1171.528 3402.809 3 -8 1.248 1.871 0.406000 0.636 0 1 0 0
 301 4749.476 2324.514 16 -8 1.872 1.871 0.735000 0.857 0 1 0 0
 302 749.027 2483.621 5 -8 2.496 1.871 0.735000 0.857 0 1 0 0;
TiffFileName 195J64_195J64-@13_3062UTDM.003_00039.jpg;
DefectList
 303 3612.782 938.045 -4 -8 0.624 0.623 0.045000 0.211 78 1 1 1 1 106;
TiffFileName 195J64_195J64-@13_3062UTDM.003_00040.jpg;
DefectList
 304 2675.570 776.441 -3 -8 0.624 1.247 0.268000 0.517 63 1 1 1 1 106
 305 3510.022 721.221 1 -8 3.120 1.871 1.481000 1.216 0 1 0 0
 306 3826.790 966.746 1 -8 1.248 1.247 0.481000 0.693 0 1 0 0
 307 2353.071 2939.525 -2 -9 0.624 0.623 0.045000 0.211 0 1 0 0
 308 4073.518 3624.624 3 -9 0.624 0.623 0.045000 0.211 0 1 0 0
 309 1596.474 3548.501 4 -9 2.496 2.495 1.361000 1.166 0 1 0 0
 310 2596.970 2271.911 6 -9 0.624 1.247 0.147000 0.383 0 1 0 0
 311 1468.796 1701.931 5 -9 2.496 3.119 1.867000 1.366 0 1 0 0
 312 1567.060 928.435 -10 -9 3.120 3.743 2.147000 1.465 0 1 0 0
 313 3283.138 1168.657 -5 -9 0.624 0.623 0.045000 0.211 0 1 0 0
 314 493.021 1682.794 -1 -9 0.624 0.623 0.045000 0.211 0 1 0 0
 315 3284.007 1333.693 -1 -9 1.872 1.871 0.828000 0.909 0 1 0 0
 316 3697.766 579.958 3 -9 0.624 1.871 0.268000 0.517 0 1 0 0
 317 4236.916 1861.975 10 -10 2.496 2.495 0.646000 0.803 0 1 0 0;
TiffFileName 195J64_195J64-@13_3062UTDM.003_00041.jpg;
DefectList
 318 4781.935 2698.694 3 -10 14.980 11.231 179.032000 11.231 78 1 1 1 1 106
 319 4782.001 2698.694 -1 -10 14.980 11.231 133.274000 11.231 0 1 0 0
 320 4771.079 2665.315 -1 -10 34.329 3.119 7.921000 2.814 0 1 0 0
 321 4781.444 2689.647 -5 -10 26.215 28.077 1593.405952 26.215 0 1 0 0
 322 4778.323 2656.889 -5 -10 32.456 19.966 43.538000 6.598 0 1 0 0
 323 4779.637 2687.151 -9 -10 19.973 23.086 927.878016 19.973 0 1 0 0
 324 4781.512 2656.889 -9 -10 26.215 19.966 27.850000 5.277 0 1 0 0
 325 4311.508 2267.233 -9 -10 1.248 0.623 0.268000 0.517 0 1 0 0
 326 1386.016 2895.240 -9 -10 0.624 0.623 0.045000 0.211 0 1 0 0
 327 1326.374 1451.311 -6 -10 0.624 1.247 0.094000 0.306 0 1 0 0
 328 4540.820 3306.660 -9 -11 1.248 2.495 0.828000 0.909 0 1 0 0
 329 2738.801 3985.831 -7 -11 0.624 0.623 0.094000 0.306 0 1 0 0
 330 3164.705 2858.488 3 -11 2.496 3.119 2.444000 1.563 0 1 0 0;
TiffFileName 195J64_195J64-@13_3062UTDM.003_00042.jpg;
DefectList
 331 2284.934 2177.757 3 -11 3.120 3.119 3.265000 1.806 63 1 1 1 1 106;
TiffFileName 195J64_195J64-@13_3062UTDM.003_00043.jpg;
DefectList
 332 2829.312 1727.265 -3 -11 3.120 4.367 4.396000 2.096 63 1 1 1 1 106;
TiffFileName 195J64_195J64-@13_3062UTDM.003_00044.jpg;
DefectList
 333 3309.587 956.890 13 -11 0.624 1.247 0.094000 0.306 78 1 1 1 1 106
 334 4762.979 259.078 17 -11 0.624 0.623 0.045000 0.211 0 1 0 0
 335 4747.994 244.105 17 -11 0.624 0.623 0.045000 0.211 0 1 0 0;
TiffFileName 195J64_195J64-@13_3062UTDM.003_00045.jpg;
DefectList
 336 3908.614 3000.922 -14 -12 2.496 1.247 0.926000 0.962 63 1 1 1 1 106
 337 258.340 2926.985 -7 -12 2.496 3.119 2.293000 1.514 0 1 0 0
 338 1139.360 3108.243 -7 -12 3.120 2.495 1.605000 1.267 0 1 0 0
 339 1712.134 1149.875 6 -12 0.624 0.623 0.094000 0.306 0 1 0 0;
TiffFileName 195J64_195J64-@13_3062UTDM.003_00046.jpg;
DefectList
 340 1120.419 213.032 -3 -12 1.872 1.247 0.406000 0.636 63 1 1 1 1 106;
TiffFileName 195J64_195J64-@13_3062UTDM.003_00047.jpg;
DefectList
 341 2261.083 3720.963 -12 -13 3.120 2.495 2.600000 1.612 63 1 1 1 1 106
 342 3841.498 4002.990 6 -13 1.248 2.495 0.828000 0.909 0 1 0 0;
TiffFileName 195J64_195J64-@13_3062UTDM.003_00048.jpg;
DefectList
 343 4405.599 1835.705 6 -13 1.248 1.871 0.334000 0.578 63 1 1 1 1 106
 344 3499.981 1203.037 -7 -13 1.872 3.119 1.135000 1.065 0 1 0 0
 345 2359.796 1362.771 1 -13 2.496 0.623 0.481000 0.623 0 1 0 0
 346 2824.771 589.693 3 -13 1.248 1.871 0.561000 0.749 0 1 0 0
 347 3476.719 539.463 3 -13 1.872 1.247 0.481000 0.693 0 1 0 0
 348 2656.752 565.670 10 -13 3.745 3.743 1.734000 1.316 0 1 0 0
 349 161.104 795.908 -15 -13 1.248 108.567 80.183000 1.248 0 1 0 0
 350 529.057 657.392 -15 -13 0.624 2.495 0.205000 0.452 0 1 0 0
 351 529.675 569.724 -15 -13 3.120 19.342 6.152000 2.480 0 1 0 0
 352 571.807 569.416 -15 -13 1.248 6.239 1.481000 1.216 0 1 0 0
 353 1099.786 2525.050 5 -14 1.872 0.623 0.268000 0.517 0 1 0 0
 354 953.730 2075.178 5 -14 1.872 0.623 0.268000 0.517 0 1 0 0;
TiffFileName 195J64_195J64-@13_3062UTDM.003_00049.jpg;
DefectList
 355 4786.593 2683.534 -3 -14 7.490 13.102 33.599000 5.796 78 1 1 1 1 106
 356 4109.812 2456.413 -11 -14 3.120 3.119 2.005000 1.415 0 1 0 0
 357 2251.570 983.217 -9 -14 1.872 1.247 0.735000 0.857 0 1 0 0
 358 2032.766 1495.483 -7 -14 3.745 3.743 4.396000 2.096 0 1 0 0
 359 4077.801 3960.125 -9 -15 0.624 0.623 0.147000 0.383 0 1 0 0
 360 2362.243 3359.258 11 -15 0.624 0.623 0.147000 0.383 0 1 0 0
 361 2036.262 2972.782 2 -16 1.248 0.623 0.094000 0.306 0 1 0 0
 362 2479.965 3563.040 7 -16 2.496 1.871 0.828000 0.909 0 1 0 0
 363 1163.388 2328.380 -4 -16 2.496 3.119 2.147000 1.465 0 1 0 0
 364 1035.256 1311.169 -8 -16 2.496 0.623 0.094000 0.306 0 1 0 0;
TiffFileName 195J64_195J64-@13_3062UTDM.003_00050.jpg;
DefectList
 365 4601.500 640.359 -3 -18 1.248 0.623 0.205000 0.452 63 1 1 1 1 106
 366 680.646 1480.507 4 -18 1.872 1.247 0.481000 0.693 0 1 0 0
 367 3210.595 3742.930 6 -19 1.248 2.495 0.646000 0.803 0 1 0 0
 368 2051.492 3830.907 7 -19 1.248 1.247 0.268000 0.517 0 1 0 0
 369 2100.233 4100.578 -8 -20 2.496 2.495 1.605000 1.267 0 1 0 0;
TiffFileName 195J64_195J64-@13_3062UTDM.003_00051.jpg;
DefectList
 370 2992.531 2003.611 6 -20 0.624 0.623 0.045000 0.211 63 1 1 1 1 106
 371 3277.860 271.931 1 -20 2.496 3.743 2.444000 1.563 0 1 0 0;
TiffFileName 195J64_195J64-@13_3062UTDM.003_00052.jpg;
DefectList
 372 2030.879 1812.120 0 -21 2.496 1.871 1.028000 1.013 63 1 1 1 1 106
 373 3942.431 3662.121 -4 -22 0.624 0.623 0.045000 0.211 0 1 0 0
 374 3046.898 1951.324 1 -22 0.624 0.623 0.045000 0.211 0 1 0 0;
SummarySpec 5
  TESTNO    NDEFECT    DEFDENSITY    NDIE    NDEFDIE  ;
SummaryList 
  1    374    1.5920000076e+00    1288    183  ;
EndOfFile;
