FileVersion 1 2;
FileTimestamp 07-09-19 14:28:55;
InspectionStationID "NONE" "KLA2139" "IPS202";
SampleType WAFER;
ResultTimestamp 07-02-19 14:14:53;
LotID "195J64";
SampleSize 1 200;
DeviceID "MA65";
SetupID "MA65_3062UTDM" 06-16-19 23:45:07;
StepID "3062UTDM";
SampleOrientationMarkType NOTCH;
OrientationMarkLocation DOWN;
DiePitch 5.0439200000e+03 4.2533200000e+03;
DieOrigin 0.0000000000e+00 0.0000000000e+00;
WaferID "@14";
Slot 14;
SampleCenterLocation 5.1520800000e+03 -2.0275900000e+03;
ClassLookup 74
  0 "Uncategorized"
  1 "Small PT"
  2 "Medium PT"
  3 "Large PT"
  4 "Polymer"
  5 "Flake PT"
  6 "Scratch"
  9 "Other Defect"
  10 "Other Residue"
  11 "Wet Residue"
  13 "W Residue"
  14 "PR Residue"
  15 "Liquid Mark"
  16 "Thread Defect"
  20 "Pits"
  22 "Pattern Deformed"
  23 "Defocus"
  24 "PR BUBBLE"
  25 "Crown Defect"
  27 "Bead Defect"
  30 "CMP Scratch"
  31 "Minor CMP Scratch"
  35 "Rip Out"
  40 "Protrusion"
  42 "Top Blocked"
  43 "Bottom Blocked"
  44 "Line broken"
  45 "Metal Corrosion"
  46 "Galvanic Corrosion"
  51 "PR Popping"
  52 "Salicide Bad"
  53 "STI Dimple"
  59 "W Void"
  60 "AA Dep PT"
  61 "GC Dep PT"
  62 "CVD Dep PT"
  63 "Metal Dep PT"
  73 "Cone Defect"
  74 "Metal Depression"
  77 "Underlayer"
  78 "NUISANCE/FALSE"
  79 "Metal Grain"
  80 "Don't Care/Minor"
  95 "Missing AI"
  99 "test2"
  100 "Cluster"
  101 "CU CMP Scratch"
  102 "CU Void"
  103 "2_PO Missing"
  104 "CU Pattern Open"
  105 "CU Remain"
  106 "Circle CU Remain"
  107 "CU CVD PT"
  108 "CU Eclips"
  109 "CU CMP Residue"
  110 "Minor CU CMP Scratch"
  111 "CMP PT"
  112 "CU SEAM PT"
  113 "CU Ox"
  114 "CU Pattern Open(Minor)"
  116 "1_PO Missing"
  117 "PAD Abnormality"
  150 "Guard Ring Circle Defect"
  151 "EBR Circle Defect"
  152 "PAD Hillock"
  153 "PAD Residue"
  154 "PAD Hole"
  155 "Color PR Residue"
  201 "Bin 1"
  202 "Bin 2"
  203 "Bin 3"
  204 "Bin 4"
  205 "Bin 5"
  206 "Bin 6"  ;
OrientationInstructions "";
InspectionTest 1;
SampleTestPlan 1288
  -18 -1 
  -17 -8 
  -17 1 
  -17 5 
  -16 -9 
  -16 1 
  -16 4 
  -15 -5 
  -15 -3 
  -15 -1 
  -14 -10 
  -14 -5 
  -14 2 
  -14 3 
  -13 -11 
  -13 8 
  -12 -11 
  -12 -10 
  -12 5 
  -12 12 
  -11 -13 
  -11 0 
  -11 12 
  -10 -10 
  -9 -17 
  -9 3 
  -9 5 
  -9 12 
  -9 14 
  -8 -20 
  -8 -19 
  -8 -18 
  -8 -17 
  -8 -14 
  -8 -4 
  -8 5 
  -7 -16 
  -7 -8 
  -7 -5 
  -7 4 
  -7 12 
  -7 14 
  -6 -13 
  -6 -5 
  -6 1 
  -6 4 
  -6 13 
  -6 15 
  -6 18 
  -5 -17 
  -5 -8 
  -5 -6 
  -5 -2 
  -5 0 
  -5 11 
  -5 16 
  -4 -10 
  -4 -4 
  -4 11 
  -3 -11 
  -3 -10 
  -3 -6 
  -2 -19 
  -2 -5 
  -2 -3 
  -2 0 
  -2 6 
  -2 15 
  -1 -20 
  -1 -12 
  -1 -10 
  -1 4 
  -1 11 
  -1 17 
  0 -20 
  0 -19 
  0 -17 
  0 -10 
  0 -5 
  0 5 
  0 15 
  0 17 
  0 19 
  0 20 
  1 -13 
  1 -5 
  1 -1 
  1 11 
  1 15 
  1 18 
  2 -19 
  2 -17 
  2 -5 
  3 -7 
  3 16 
  3 20 
  4 -18 
  4 -14 
  4 17 
  5 -13 
  5 -12 
  5 -9 
  5 0 
  5 9 
  6 7 
  7 -16 
  7 -12 
  7 0 
  7 9 
  7 13 
  8 -20 
  8 -17 
  8 -16 
  8 -9 
  8 11 
  8 14 
  9 -9 
  9 13 
  10 -9 
  10 -3 
  10 0 
  10 6 
  10 8 
  10 12 
  11 -3 
  11 0 
  11 1 
  11 5 
  11 14 
  12 -7 
  12 14 
  13 -4 
  13 11 
  14 -16 
  14 -10 
  14 6 
  14 8 
  14 11 
  16 -12 
  17 -7 
  17 1 
  17 8 
  18 0 
  18 6 
  -17 -1 
  -17 3 
  -16 -1 
  -15 -4 
  -15 3 
  -15 5 
  -15 11 
  -14 -13 
  -14 -12 
  -14 -3 
  -14 -1 
  -14 7 
  -14 9 
  -13 -16 
  -13 -10 
  -13 1 
  -13 7 
  -13 10 
  -12 -17 
  -12 -8 
  -12 4 
  -12 14 
  -11 -18 
  -11 -17 
  -11 -8 
  -11 -3 
  -10 -16 
  -10 -12 
  -10 -11 
  -10 -5 
  -10 -4 
  -10 7 
  -10 8 
  -9 -13 
  -9 -11 
  -9 -8 
  -9 4 
  -9 8 
  -8 -7 
  -8 0 
  -8 9 
  -7 -21 
  -7 -20 
  -7 -13 
  -7 -9 
  -7 8 
  -6 -11 
  -6 -4 
  -6 8 
  -6 10 
  -6 11 
  -6 16 
  -6 19 
  -5 -18 
  -5 -16 
  -5 -14 
  -5 6 
  -5 7 
  -5 10 
  -5 13 
  -5 18 
  -4 -21 
  -4 -2 
  -4 2 
  -4 13 
  -3 -7 
  -3 1 
  -3 3 
  -3 5 
  -3 14 
  -2 -17 
  -2 17 
  -1 -9 
  -1 -4 
  -1 -3 
  -1 1 
  -1 2 
  -1 19 
  0 -6 
  0 4 
  0 6 
  0 10 
  0 16 
  1 -18 
  1 -8 
  1 0 
  1 7 
  1 17 
  1 19 
  1 20 
  2 -13 
  2 -11 
  2 -10 
  2 0 
  2 6 
  2 11 
  3 -22 
  3 -2 
  3 7 
  4 -6 
  4 1 
  4 2 
  4 10 
  4 20 
  5 -20 
  5 -19 
  5 -15 
  5 -14 
  5 -4 
  5 14 
  5 18 
  6 -10 
  6 -1 
  6 20 
  7 -20 
  7 -19 
  7 -13 
  7 -11 
  7 1 
  7 5 
  7 7 
  7 17 
  8 -7 
  8 -4 
  8 -1 
  8 1 
  8 3 
  8 16 
  8 18 
  9 -5 
  9 9 
  9 15 
  10 -18 
  10 -10 
  10 -7 
  10 -6 
  11 -19 
  11 -14 
  11 -11 
  11 -5 
  11 -4 
  11 7 
  11 16 
  11 17 
  12 -9 
  12 -6 
  12 -3 
  12 0 
  12 11 
  13 -9 
  13 -7 
  13 3 
  13 5 
  13 12 
  14 -9 
  14 -7 
  14 -5 
  14 -4 
  14 -1 
  14 3 
  15 -5 
  15 0 
  15 12 
  16 -11 
  16 -10 
  16 -8 
  16 4 
  16 5 
  16 7 
  17 4 
  17 9 
  18 2 
  18 3 
  18 4 
  19 -1 
  -17 -3 
  -16 -10 
  -16 -5 
  -16 -4 
  -16 3 
  -16 8 
  -15 -9 
  -15 7 
  -15 9 
  -14 -8 
  -14 0 
  -14 1 
  -13 -4 
  -13 4 
  -12 -13 
  -12 -2 
  -12 13 
  -11 -14 
  -11 -9 
  -11 -6 
  -11 -2 
  -11 15 
  -10 -17 
  -10 -1 
  -10 0 
  -10 1 
  -10 9 
  -10 13 
  -9 -16 
  -9 -9 
  -9 9 
  -9 10 
  -8 -16 
  -8 -10 
  -8 -6 
  -8 7 
  -8 11 
  -8 16 
  -7 -18 
  -7 -17 
  -7 -14 
  -7 -11 
  -7 -3 
  -6 -16 
  -6 -8 
  -6 -6 
  -6 -1 
  -6 9 
  -5 -10 
  -5 3 
  -5 12 
  -4 -15 
  -4 -13 
  -4 -9 
  -4 6 
  -4 18 
  -3 -15 
  -3 10 
  -3 11 
  -3 17 
  -3 18 
  -3 20 
  -2 -22 
  -2 -20 
  -2 -10 
  -2 -9 
  -2 14 
  -2 19 
  -1 -17 
  -1 7 
  -1 8 
  0 -21 
  0 -4 
  0 0 
  0 13 
  1 -3 
  1 10 
  1 16 
  2 -15 
  2 -6 
  2 2 
  2 13 
  2 14 
  3 -20 
  3 -5 
  3 11 
  3 15 
  3 18 
  3 19 
  4 -9 
  4 -7 
  4 -3 
  4 12 
  4 14 
  4 15 
  5 -22 
  5 -7 
  5 -6 
  5 -3 
  5 17 
  5 19 
  6 -17 
  6 -16 
  6 -8 
  6 -2 
  6 8 
  6 14 
  6 16 
  6 17 
  7 -18 
  7 -6 
  7 12 
  7 14 
  7 18 
  7 19 
  8 -19 
  8 -15 
  8 -8 
  8 0 
  8 6 
  9 -20 
  9 -18 
  9 -10 
  9 -8 
  9 -2 
  9 3 
  10 -17 
  10 -8 
  10 -2 
  10 15 
  11 -13 
  11 -10 
  11 12 
  12 -14 
  12 -13 
  12 9 
  12 10 
  12 15 
  13 -17 
  13 -13 
  13 -5 
  13 -3 
  13 2 
  13 4 
  13 8 
  14 -13 
  14 1 
  14 10 
  14 14 
  15 -2 
  15 -1 
  16 -6 
  16 -5 
  16 11 
  17 -6 
  18 -5 
  -18 -2 
  -17 2 
  -17 6 
  -16 7 
  -16 9 
  -15 -8 
  -15 4 
  -14 -4 
  -14 4 
  -13 -15 
  -13 -12 
  -13 -8 
  -13 -2 
  -13 5 
  -13 12 
  -12 -16 
  -12 -4 
  -12 8 
  -12 11 
  -11 -12 
  -11 4 
  -11 6 
  -11 7 
  -11 9 
  -10 -15 
  -10 -14 
  -10 5 
  -10 10 
  -10 11 
  -10 16 
  -9 -15 
  -9 -5 
  -8 -8 
  -8 -1 
  -8 17 
  -7 -7 
  -7 -4 
  -7 -1 
  -7 3 
  -7 11 
  -7 18 
  -6 -21 
  -6 -17 
  -6 -15 
  -6 -10 
  -6 -3 
  -5 -4 
  -5 -3 
  -5 15 
  -4 -17 
  -4 -11 
  -4 1 
  -4 3 
  -4 4 
  -4 7 
  -3 -21 
  -3 -1 
  -3 0 
  -3 2 
  -3 4 
  -3 6 
  -3 15 
  -2 -16 
  -2 -7 
  -2 1 
  -2 7 
  -2 13 
  -2 16 
  -1 -6 
  -1 3 
  -1 6 
  -1 9 
  0 -14 
  0 -11 
  0 -9 
  0 -8 
  0 1 
  0 3 
  0 11 
  1 -15 
  1 -7 
  1 -6 
  2 -18 
  2 -16 
  2 -9 
  2 -3 
  2 5 
  2 10 
  2 12 
  3 -21 
  3 -16 
  3 -15 
  3 -14 
  3 -11 
  3 -9 
  3 -3 
  3 3 
  3 5 
  3 9 
  4 -19 
  4 -15 
  4 3 
  4 7 
  4 11 
  5 -18 
  5 -17 
  5 -16 
  5 -1 
  5 5 
  5 8 
  5 12 
  6 -15 
  6 -14 
  6 -12 
  6 -11 
  6 3 
  6 6 
  6 11 
  7 -4 
  7 -3 
  7 2 
  7 10 
  7 11 
  7 15 
  8 -13 
  8 -5 
  8 -2 
  8 13 
  9 -13 
  9 14 
  9 18 
  10 -11 
  10 5 
  10 10 
  10 17 
  11 -8 
  11 6 
  11 8 
  11 10 
  11 13 
  12 -2 
  12 3 
  13 -16 
  13 0 
  13 1 
  13 7 
  13 9 
  14 -14 
  14 -12 
  14 -11 
  14 -3 
  15 -6 
  16 -13 
  16 -7 
  16 8 
  17 -10 
  17 -8 
  17 -2 
  17 0 
  17 5 
  18 -7 
  18 1 
  19 -2 
  19 0 
  -17 -7 
  -17 0 
  -15 -13 
  -15 -12 
  -15 -11 
  -15 -10 
  -15 -7 
  -15 0 
  -15 1 
  -14 -14 
  -14 -9 
  -14 -2 
  -14 12 
  -13 -6 
  -12 -9 
  -12 -6 
  -12 -1 
  -12 3 
  -12 15 
  -11 -16 
  -11 -15 
  -11 -1 
  -10 4 
  -10 14 
  -9 -10 
  -9 -7 
  -9 -2 
  -8 -15 
  -8 -3 
  -8 1 
  -8 4 
  -8 10 
  -8 14 
  -7 9 
  -7 15 
  -6 -14 
  -6 -12 
  -6 0 
  -6 2 
  -6 14 
  -5 -12 
  -5 8 
  -5 9 
  -4 -14 
  -4 10 
  -4 14 
  -4 15 
  -4 19 
  -4 20 
  -3 -13 
  -3 -8 
  -3 13 
  -2 -21 
  -2 -18 
  -2 -11 
  -2 -6 
  -2 -2 
  -2 -1 
  -1 -16 
  -1 -14 
  -1 -7 
  -1 -5 
  -1 -2 
  -1 12 
  -1 13 
  -1 14 
  -1 18 
  -1 20 
  0 -16 
  0 -12 
  0 -2 
  0 -1 
  1 -14 
  1 2 
  1 4 
  1 5 
  1 8 
  2 -21 
  2 -8 
  2 -7 
  2 -4 
  2 15 
  3 -17 
  3 -12 
  3 -6 
  3 10 
  4 -20 
  4 -17 
  4 -11 
  4 -8 
  4 8 
  4 16 
  5 -11 
  5 1 
  5 2 
  5 4 
  5 11 
  6 -22 
  6 -7 
  6 -5 
  6 0 
  6 9 
  6 10 
  6 12 
  6 13 
  7 -15 
  7 6 
  8 -10 
  8 -3 
  8 7 
  8 15 
  9 -7 
  9 -4 
  9 -3 
  9 2 
  9 6 
  9 7 
  10 -13 
  10 -5 
  10 2 
  10 13 
  11 2 
  11 15 
  12 -15 
  12 -12 
  12 -10 
  12 -1 
  12 1 
  12 4 
  12 7 
  12 12 
  12 13 
  12 16 
  13 -14 
  13 -2 
  13 -1 
  13 13 
  13 14 
  13 15 
  14 -15 
  14 -8 
  14 -6 
  15 -10 
  15 -9 
  15 1 
  16 -3 
  16 -1 
  16 3 
  16 6 
  17 -4 
  18 -6 
  18 -3 
  18 5 
  -18 -3 
  -18 1 
  -17 -6 
  -17 -5 
  -16 -6 
  -15 -6 
  -15 6 
  -15 8 
  -14 -11 
  -14 -7 
  -14 -6 
  -14 8 
  -14 10 
  -13 -13 
  -13 -3 
  -13 0 
  -13 9 
  -13 11 
  -12 -15 
  -12 1 
  -11 -7 
  -11 13 
  -11 14 
  -11 16 
  -10 2 
  -10 3 
  -10 6 
  -10 15 
  -9 -19 
  -9 -18 
  -9 -12 
  -9 -3 
  -9 0 
  -9 6 
  -9 7 
  -9 13 
  -8 -13 
  -8 -5 
  -8 2 
  -8 15 
  -7 -12 
  -7 -2 
  -7 5 
  -7 6 
  -7 7 
  -7 13 
  -7 19 
  -6 -2 
  -6 5 
  -5 -22 
  -5 -19 
  -5 -11 
  -5 -9 
  -5 -5 
  -5 2 
  -5 4 
  -5 17 
  -5 19 
  -5 20 
  -4 -8 
  -4 17 
  -3 -20 
  -3 -19 
  -3 -17 
  -3 -12 
  -3 -2 
  -3 8 
  -3 16 
  -3 19 
  -2 -12 
  -2 -4 
  -2 2 
  -2 3 
  -2 4 
  -2 10 
  -2 11 
  -2 18 
  -1 -18 
  -1 -11 
  -1 0 
  -1 10 
  0 -15 
  1 -22 
  1 -21 
  1 1 
  1 6 
  1 9 
  1 12 
  1 13 
  2 -20 
  2 16 
  2 17 
  3 -18 
  3 -4 
  3 4 
  3 12 
  3 13 
  4 -10 
  4 -5 
  4 -2 
  4 13 
  5 -5 
  5 -2 
  5 3 
  5 6 
  5 10 
  5 15 
  6 -18 
  6 1 
  6 2 
  6 18 
  6 19 
  7 -9 
  7 8 
  8 -18 
  8 -14 
  8 19 
  9 -19 
  9 -16 
  9 -15 
  9 5 
  9 11 
  9 12 
  9 16 
  10 -19 
  10 -16 
  10 -4 
  10 14 
  10 16 
  11 -18 
  11 -16 
  11 -15 
  11 -7 
  11 -2 
  11 9 
  12 -16 
  12 -11 
  12 -4 
  13 -12 
  13 -8 
  13 10 
  14 12 
  14 13 
  15 -13 
  15 -8 
  15 -3 
  15 5 
  15 6 
  15 11 
  16 -2 
  16 0 
  16 9 
  17 -11 
  17 -9 
  17 -3 
  17 2 
  18 -8 
  18 -1 
  -18 0 
  -16 -8 
  -16 -3 
  -16 -2 
  -16 0 
  -16 2 
  -16 5 
  -15 2 
  -15 10 
  -14 5 
  -14 6 
  -14 11 
  -13 -9 
  -13 -5 
  -13 -1 
  -13 3 
  -13 14 
  -12 -14 
  -12 -12 
  -12 -5 
  -12 2 
  -12 10 
  -11 -11 
  -11 -5 
  -11 2 
  -11 10 
  -11 11 
  -10 -19 
  -10 -18 
  -10 -13 
  -10 -9 
  -10 -3 
  -10 12 
  -9 -14 
  -9 -6 
  -9 -4 
  -9 -1 
  -8 -9 
  -8 -2 
  -8 3 
  -8 6 
  -8 12 
  -8 13 
  -8 18 
  -7 -6 
  -7 0 
  -7 1 
  -7 10 
  -6 -19 
  -6 -18 
  -6 -9 
  -6 -7 
  -6 12 
  -5 -13 
  -5 -7 
  -5 5 
  -4 -16 
  -4 0 
  -4 8 
  -4 9 
  -4 12 
  -4 16 
  -3 -4 
  -3 -3 
  -3 9 
  -2 -15 
  -2 8 
  -1 -22 
  -1 -21 
  -1 -19 
  -1 -15 
  -1 -8 
  -1 15 
  0 -22 
  0 -18 
  0 -13 
  0 -3 
  0 2 
  0 9 
  0 12 
  0 14 
  0 18 
  1 -20 
  1 -19 
  1 -17 
  1 -12 
  1 -10 
  1 -9 
  1 -2 
  2 -12 
  2 -1 
  2 1 
  2 4 
  2 7 
  2 8 
  2 19 
  2 20 
  3 -19 
  3 -10 
  3 -8 
  3 1 
  3 6 
  3 14 
  4 -22 
  4 -21 
  4 -13 
  4 -12 
  4 -4 
  4 -1 
  4 6 
  4 9 
  4 18 
  4 19 
  5 -21 
  5 -10 
  5 -8 
  5 7 
  5 16 
  5 20 
  6 -21 
  6 -20 
  6 -9 
  6 -6 
  6 -4 
  6 4 
  6 15 
  7 -21 
  7 -17 
  7 -14 
  7 -8 
  7 -5 
  7 -1 
  8 -12 
  8 2 
  8 9 
  8 10 
  9 -17 
  9 -12 
  9 -11 
  9 -1 
  9 4 
  9 10 
  9 17 
  10 -15 
  10 1 
  10 4 
  10 11 
  10 18 
  11 -17 
  11 -1 
  11 3 
  11 4 
  12 -17 
  12 -5 
  13 -11 
  13 6 
  14 2 
  14 4 
  14 7 
  15 -14 
  15 -11 
  15 -7 
  15 -4 
  15 2 
  15 4 
  15 8 
  15 9 
  15 10 
  16 -9 
  16 10 
  17 -5 
  17 -1 
  17 3 
  17 6 
  17 7 
  18 -4 
  19 -3 
  -17 -4 
  -17 -2 
  -17 4 
  -16 -7 
  -16 6 
  -15 -2 
  -13 -14 
  -13 -7 
  -13 2 
  -13 6 
  -13 13 
  -12 -7 
  -12 -3 
  -12 0 
  -12 6 
  -12 7 
  -12 9 
  -11 -10 
  -11 -4 
  -11 1 
  -11 3 
  -11 5 
  -11 8 
  -10 -8 
  -10 -7 
  -10 -6 
  -10 -2 
  -9 1 
  -9 2 
  -9 11 
  -9 15 
  -9 16 
  -9 17 
  -8 -12 
  -8 -11 
  -8 8 
  -7 -19 
  -7 -15 
  -7 -10 
  -7 2 
  -7 16 
  -7 17 
  -6 -20 
  -6 3 
  -6 6 
  -6 7 
  -6 17 
  -5 -21 
  -5 -20 
  -5 -15 
  -5 -1 
  -5 1 
  -5 14 
  -4 -22 
  -4 -20 
  -4 -19 
  -4 -18 
  -4 -12 
  -4 -7 
  -4 -6 
  -4 -5 
  -4 -3 
  -4 -1 
  -4 5 
  -3 -22 
  -3 -18 
  -3 -16 
  -3 -14 
  -3 -9 
  -3 -5 
  -3 7 
  -3 12 
  -2 -14 
  -2 -13 
  -2 -8 
  -2 5 
  -2 9 
  -2 12 
  -2 20 
  -1 -13 
  -1 -1 
  -1 5 
  -1 16 
  0 -7 
  0 7 
  0 8 
  1 -16 
  1 -11 
  1 -4 
  1 3 
  1 14 
  2 -22 
  2 -14 
  2 -2 
  2 3 
  2 9 
  2 18 
  3 -13 
  3 -1 
  3 0 
  3 2 
  3 8 
  3 17 
  4 -16 
  4 0 
  4 4 
  4 5 
  5 13 
  6 -19 
  6 -13 
  6 -3 
  6 5 
  7 -10 
  7 -7 
  7 -2 
  7 3 
  7 4 
  7 16 
  8 -21 
  8 -11 
  8 -6 
  8 4 
  8 5 
  8 8 
  8 12 
  8 17 
  9 -14 
  9 -6 
  9 0 
  9 1 
  9 8 
  10 -14 
  10 -12 
  10 -1 
  10 3 
  10 7 
  10 9 
  11 -12 
  11 -9 
  11 -6 
  11 11 
  12 -8 
  12 2 
  12 5 
  12 6 
  12 8 
  13 -15 
  13 -10 
  13 -6 
  14 -2 
  14 0 
  14 5 
  14 9 
  15 -12 
  15 3 
  15 7 
  16 -4 
  16 1 
  16 2 
  18 -2 
  19 1 ;
AreaPerTest 2.3486199729e+10;
DefectRecordSpec 13 DEFECTID XREL YREL XINDEX YINDEX XSIZE YSIZE DEFECTAREA DSIZE CLASSNUMBER TEST IMAGECOUNT IMAGELIST ;
DefectList
 1 4078.828 663.756 1 19 0.624 1.247 0.094000 0.306 0 1 0 0
 2 1715.171 2343.851 -3 18 0.624 0.623 0.045000 0.211 0 1 0 0
 3 1393.132 2405.312 2 18 0.624 3.743 0.334000 0.578 0 1 0 0
 4 3275.044 528.546 2 18 0.624 0.623 0.094000 0.306 0 1 0 0
 5 2278.282 3701.742 1 17 0.624 0.623 0.045000 0.211 0 1 0 0
 6 3758.615 4013.533 1 16 0.624 0.623 0.094000 0.306 0 1 0 0
 7 3880.393 295.954 12 16 4.369 0.623 0.828000 0.623 0 1 0 0
 8 866.364 2946.635 -5 15 0.624 0.623 0.094000 0.306 0 1 0 0
 9 4123.859 3812.871 6 14 0.624 0.623 0.094000 0.306 0 1 0 0
 10 4306.464 2993.933 -1 14 0.624 0.623 0.045000 0.211 0 1 0 0
 11 1522.037 1574.602 -2 13 0.624 0.623 0.045000 0.211 0 1 0 0
 12 4529.430 3670.420 2 12 0.624 0.623 0.045000 0.211 0 1 0 0
 13 3528.269 816.560 1 12 0.624 0.623 0.045000 0.211 0 1 0 0
 14 276.667 4106.560 -1 11 0.624 0.623 0.045000 0.211 0 1 0 0
 15 4787.677 2695.327 -1 11 6.865 7.487 1.481000 1.216 0 1 0 0
 16 3317.596 984.030 3 11 0.624 0.623 0.094000 0.306 0 1 0 0
 17 2600.695 3660.812 7 10 0.624 0.623 0.045000 0.211 0 1 0 0
 18 3657.145 557.371 3 10 0.624 1.871 0.147000 0.383 0 1 0 0
 19 2061.771 1349.477 2 10 0.624 0.623 0.045000 0.211 0 1 0 0
 20 1169.799 3807.939 -8 9 0.624 1.247 0.094000 0.306 0 1 0 0
 21 1062.935 3987.325 1 9 0.624 0.623 0.094000 0.306 0 1 0 0
 22 3553.992 961.130 2 9 0.624 0.623 0.045000 0.211 0 1 0 0
 23 1564.895 362.966 2 9 1.248 0.623 0.205000 0.452 0 1 0 0
 24 471.517 2015.092 -10 8 0.624 0.623 0.045000 0.211 0 1 0 0
 25 4017.708 1112.690 5 8 0.624 0.623 0.045000 0.211 0 1 0 0
 26 2526.648 3705.175 -1 7 0.624 3.119 0.094000 0.306 0 1 0 0
 27 1407.464 2937.089 2 7 0.624 0.623 0.045000 0.211 0 1 0 0
 28 4501.184 421.056 11 7 0.624 0.623 0.045000 0.211 0 1 0 0
 29 1030.372 3676.913 11 6 0.624 0.623 0.045000 0.211 0 1 0 0
 30 2476.231 2462.903 18 6 1.872 1.871 0.561000 0.749 0 1 0 0
 31 2479.035 2455.727 18 6 8.738 3.743 17.559000 3.743 0 1 0 0
 32 2377.169 709.118 1 6 0.624 0.623 0.045000 0.211 0 1 0 0
 33 3620.715 3674.666 9 5 0.624 0.623 0.045000 0.211 0 1 0 0
 34 2857.540 3330.867 -4 5 0.624 0.623 0.045000 0.211 0 1 0 0
 35 3052.974 1306.177 13 5 0.624 0.623 0.045000 0.211 0 1 0 0
 36 1116.710 3543.760 -3 4 0.624 0.623 0.045000 0.211 0 1 0 0
 37 4785.315 2700.567 -1 4 13.107 8.735 76.021000 8.718 0 1 0 0
 38 4772.519 2685.905 -1 4 1.248 16.846 1.481000 1.216 0 1 0 0
 39 4766.590 2666.874 -1 4 3.120 1.247 0.828000 0.909 0 1 0 0
 40 4781.258 2656.579 -1 4 1.248 0.623 0.268000 0.517 0 1 0 0
 41 4797.174 2640.044 -1 4 0.624 2.495 0.481000 0.624 0 1 0 0
 42 4785.766 2688.712 11 4 13.107 22.462 271.805984 13.107 0 1 0 0
 43 3276.389 851.690 -6 4 0.624 0.623 0.045000 0.211 0 1 0 0
 44 3681.477 3440.058 -6 3 0.624 0.623 0.045000 0.211 0 1 0 0
 45 632.161 2775.754 -7 3 0.624 0.623 0.147000 0.383 0 1 0 0
 46 799.533 1886.310 8 3 0.624 2.495 0.205000 0.452 0 1 0 0
 47 3346.878 665.441 -3 3 0.624 0.623 0.094000 0.306 0 1 0 0
 48 2833.620 2978.584 10 2 1.248 0.623 0.147000 0.383 0 1 0 0
 49 2631.831 3340.475 1 2 0.624 0.623 0.045000 0.211 0 1 0 0
 50 4499.770 2686.902 -2 2 3.745 3.119 3.624000 1.903 0 1 0 0
 51 1635.104 1863.598 0 2 0.624 0.623 0.045000 0.211 0 1 0 0
 52 4598.900 2466.647 6 2 0.624 0.623 0.045000 0.211 0 1 0 0
 53 3818.171 1148.879 -6 2 0.624 0.623 0.045000 0.211 0 1 0 0
 54 4409.901 3148.983 1 1 0.624 1.871 0.205000 0.452 0 1 0 0
 55 2204.042 3250.376 3 1 0.624 0.623 0.045000 0.211 0 1 0 0
 56 1230.628 1548.459 4 1 0.624 0.623 0.094000 0.306 0 1 0 0
 57 3310.528 967.871 13 1 0.624 0.623 0.045000 0.211 0 1 0 0
 58 4643.290 3765.698 4 0 0.624 0.623 0.094000 0.306 0 1 0 0
 59 4784.680 2686.654 -7 0 9.362 15.598 26.862000 5.182 0 1 0 0
 60 3335.354 977.541 3 -1 1.872 3.119 1.605000 1.267 0 1 0 0
 61 3688.913 3449.918 5 -2 0.624 0.623 0.045000 0.211 0 1 0 0
 62 1093.431 699.196 -3 -2 0.624 1.247 0.094000 0.306 0 1 0 0
 63 3308.167 570.974 5 -2 0.624 0.623 0.045000 0.211 0 1 0 0
 64 4708.376 3699.873 -6 -3 0.624 0.623 0.045000 0.211 0 1 0 0
 65 1067.164 3409.111 0 -3 0.624 0.623 0.045000 0.211 0 1 0 0
 66 208.613 3548.564 -18 -3 0.624 0.623 0.094000 0.306 0 1 0 0
 67 4782.949 2700.941 3 -3 14.980 11.231 124.719000 11.167 0 1 0 0
 68 4769.842 2689.710 3 -3 2.496 23.710 8.191000 2.496 0 1 0 0
 69 4772.338 2667.248 3 -3 32.456 2.495 10.208000 2.495 0 1 0 0
 70 4778.580 2657.265 3 -3 2.496 2.495 0.646000 0.803 0 1 0 0
 71 4763.599 2657.265 3 -3 2.496 2.495 0.481000 0.693 0 1 0 0
 72 4782.394 2691.270 -1 -3 26.215 28.077 1145.721984 26.215 0 1 0 0
 73 4560.223 2536.218 -3 -3 1.248 1.247 0.268000 0.517 0 1 0 0
 74 4785.896 2690.334 -5 -3 19.349 24.958 186.670000 13.662 0 1 0 0
 75 4784.090 2689.398 -9 -3 13.107 21.838 195.780992 13.107 0 1 0 0
 76 3518.600 1135.840 0 -3 0.624 0.623 0.045000 0.211 0 1 0 0
 77 3920.304 413.819 -13 -3 1.872 2.495 1.246000 1.116 0 1 0 0
 78 3918.124 407.580 -13 -3 3.745 2.495 2.147000 1.465 0 1 0 0
 79 3924.991 406.644 -13 -3 2.496 1.871 0.926000 0.962 0 1 0 0
 80 2095.114 2396.389 18 -4 0.624 0.623 0.094000 0.306 0 1 0 0
 81 2368.422 655.145 -16 -4 1.248 0.623 0.147000 0.383 0 1 0 0
 82 2170.231 666.377 3 -4 0.624 0.623 0.045000 0.211 0 1 0 0
 83 2636.717 250.781 10 -4 1.872 1.871 0.735000 0.857 0 1 0 0
 84 4735.837 4087.846 -12 -5 31.208 21.214 224.417008 14.980 0 1 0 0
 85 3838.661 3548.752 2 -5 0.624 0.623 0.045000 0.211 0 1 0 0
 86 3583.148 1049.546 -3 -5 0.624 0.623 0.045000 0.211 0 1 0 0
 87 3950.600 1834.084 10 -6 0.624 0.623 0.094000 0.306 0 1 0 0
 88 1385.198 2105.191 -5 -6 1.248 2.495 1.028000 1.013 0 1 0 0
 89 3997.026 574.405 -6 -7 0.624 1.247 0.094000 0.306 0 1 0 0
 90 3733.261 958.761 -3 -7 0.624 0.623 0.045000 0.211 0 1 0 0
 91 2216.317 520.371 9 -8 0.624 0.623 0.045000 0.211 0 1 0 0
 92 3514.686 3702.181 -2 -9 0.624 0.623 0.045000 0.211 0 1 0 0
 93 1277.904 2467.833 -3 -9 0.624 0.623 0.045000 0.211 0 1 0 0
 94 3630.193 995.513 -4 -9 0.624 0.623 0.045000 0.211 0 1 0 0
 95 4100.143 1189.872 -1 -9 0.624 0.623 0.045000 0.211 0 1 0 0
 96 3272.351 848.571 7 -9 0.624 1.247 0.094000 0.306 0 1 0 0
 97 658.342 3550.313 0 -12 0.624 0.623 0.045000 0.211 0 1 0 0
 98 351.524 2499.216 9 -13 0.624 0.623 0.094000 0.306 0 1 0 0
 99 3110.039 658.517 3 -13 0.624 0.623 0.045000 0.211 0 1 0 0
 100 162.073 519.373 -15 -13 1.872 0.623 0.147000 0.383 0 1 0 0
 101 1964.099 1149.565 -5 -14 0.624 0.623 0.045000 0.211 0 1 0 0
 102 1575.697 1297.192 -1 -16 0.624 0.623 0.045000 0.211 0 1 0 0
 103 4354.725 274.060 -2 -16 0.624 0.623 0.045000 0.211 0 1 0 0
 104 4241.596 3668.553 -10 -17 0.624 0.623 0.045000 0.211 0 1 0 0
 105 1674.002 1437.391 0 -19 0.624 0.623 0.045000 0.211 0 1 0 0
 106 3173.171 4024.829 -6 -20 0.624 1.247 0.147000 0.383 0 1 0 0
 107 2653.707 2698.197 -1 -20 69.907 84.857 1543.560960 39.288 0 1 0 0
 108 2480.188 2698.509 -1 -20 82.390 71.754 2159.697920 46.472 0 1 0 0
 109 2336.940 2724.095 -1 -20 34.329 36.813 3313.076992 34.329 0 1 0 0;
SummarySpec 5
  TESTNO    NDEFECT    DEFDENSITY    NDIE    NDEFDIE  ;
SummaryList 
  1    109    4.6410000324e-01    1288    183  ;
EndOfFile;
