FileVersion 1 2;
FileTimestamp 07-09-19 14:27:30;
InspectionStationID "NONE" "KLA2139" "IPS201";
SampleType WAFER;
ResultTimestamp 05-20-19 00:30:30;
LotID "195J64";
SampleSize 1 200;
DeviceID "MA65";
SetupID "MA65_3039SIDM" 03-30-18 10:18:15;
StepID "3039SIDM";
SampleOrientationMarkType NOTCH;
OrientationMarkLocation DOWN;
DiePitch 5.0439200000e+03 4.2533200000e+03;
DieOrigin 0.0000000000e+00 0.0000000000e+00;
WaferID "@14";
Slot 14;
SampleCenterLocation 5.1825100000e+03 -1.9843600000e+03;
ClassLookup 74
  0 "Uncategorized"
  1 "Small PT"
  2 "Medium PT"
  3 "Large PT"
  4 "Polymer"
  5 "Flake PT"
  6 "Scratch"
  9 "Other Defect"
  10 "Other Residue"
  11 "Wet Residue"
  13 "W Residue"
  14 "PR Residue"
  15 "Liquid Mark"
  16 "Thread Defect"
  20 "Pits"
  22 "Pattern Deformed"
  23 "Defocus"
  24 "PR BUBBLE"
  25 "Crown Defect"
  27 "Bead Defect"
  30 "CMP Scratch"
  31 "Minor CMP Scratch"
  35 "Rip Out"
  40 "Protrusion"
  42 "Top Blocked"
  43 "Bottom Blocked"
  44 "Line broken"
  45 "Metal Corrosion"
  46 "Galvanic Corrosion"
  51 "PR Popping"
  52 "Salicide Bad"
  53 "STI Dimple"
  59 "W Void"
  60 "AA Dep PT"
  61 "GC Dep PT"
  62 "CVD Dep PT"
  63 "Metal Dep PT"
  73 "Cone Defect"
  74 "Metal Depression"
  77 "Underlayer"
  78 "NUISANCE/FALSE"
  79 "Metal Grain"
  80 "Don't Care/Minor"
  95 "Missing AI"
  99 "test2"
  100 "Cluster"
  101 "CU CMP Scratch"
  102 "CU Void"
  103 "2_PO Missing"
  104 "CU Pattern Open"
  105 "CU Remain"
  106 "Circle CU Remain"
  107 "CU CVD PT"
  108 "CU Eclips"
  109 "CU CMP Residue"
  110 "Minor CU CMP Scratch"
  111 "CMP PT"
  112 "CU SEAM PT"
  113 "CU Ox"
  114 "CU Pattern Open(Minor)"
  116 "1_PO Missing"
  117 "PAD Abnormality"
  150 "Guard Ring Circle Defect"
  151 "EBR Circle Defect"
  152 "PAD Hillock"
  153 "PAD Residue"
  154 "PAD Hole"
  155 "Color PR Residue"
  201 "Bin 1"
  202 "Bin 2"
  203 "Bin 3"
  204 "Bin 4"
  205 "Bin 5"
  206 "Bin 6"  ;
OrientationInstructions "";
InspectionTest 1;
SampleTestPlan 1288
  -18 -1 
  -17 -8 
  -17 1 
  -17 5 
  -16 -9 
  -16 1 
  -16 4 
  -15 -5 
  -15 -3 
  -15 -1 
  -14 -10 
  -14 -5 
  -14 2 
  -14 3 
  -13 -11 
  -13 8 
  -12 -11 
  -12 -10 
  -12 5 
  -12 12 
  -11 -13 
  -11 0 
  -11 12 
  -10 -10 
  -10 17 
  -9 -17 
  -9 3 
  -9 5 
  -9 12 
  -9 14 
  -8 -20 
  -8 -19 
  -8 -18 
  -8 -17 
  -8 -14 
  -8 -4 
  -8 5 
  -7 -16 
  -7 -8 
  -7 -5 
  -7 4 
  -7 12 
  -7 14 
  -6 -13 
  -6 -5 
  -6 1 
  -6 4 
  -6 13 
  -6 15 
  -6 18 
  -5 -17 
  -5 -8 
  -5 -6 
  -5 -2 
  -5 0 
  -5 11 
  -5 16 
  -4 -10 
  -4 -4 
  -4 11 
  -3 -11 
  -3 -10 
  -3 -6 
  -2 -19 
  -2 -5 
  -2 -3 
  -2 0 
  -2 6 
  -2 15 
  -1 -20 
  -1 -12 
  -1 -10 
  -1 4 
  -1 11 
  -1 17 
  0 -20 
  0 -19 
  0 -17 
  0 -10 
  0 -5 
  0 5 
  0 15 
  0 17 
  0 19 
  0 20 
  1 -13 
  1 -5 
  1 -1 
  1 11 
  1 15 
  1 18 
  2 -19 
  2 -17 
  2 -5 
  3 -7 
  3 16 
  3 20 
  4 -18 
  4 -14 
  4 17 
  5 -13 
  5 -12 
  5 -9 
  5 0 
  5 9 
  6 7 
  7 -16 
  7 -12 
  7 0 
  7 9 
  7 13 
  8 -20 
  8 -17 
  8 -16 
  8 -9 
  8 11 
  8 14 
  9 -9 
  9 13 
  10 -9 
  10 -3 
  10 0 
  10 6 
  10 8 
  10 12 
  11 -3 
  11 0 
  11 1 
  11 5 
  11 14 
  12 -7 
  12 14 
  13 -4 
  13 11 
  14 -16 
  14 -10 
  14 6 
  14 8 
  14 11 
  16 -12 
  17 -7 
  17 1 
  17 8 
  18 0 
  18 6 
  -17 -1 
  -17 3 
  -16 -1 
  -15 -4 
  -15 3 
  -15 5 
  -15 11 
  -14 -13 
  -14 -12 
  -14 -3 
  -14 -1 
  -14 7 
  -14 9 
  -13 -16 
  -13 -10 
  -13 1 
  -13 7 
  -13 10 
  -12 -17 
  -12 -8 
  -12 4 
  -12 14 
  -11 -18 
  -11 -17 
  -11 -8 
  -11 -3 
  -10 -16 
  -10 -12 
  -10 -11 
  -10 -5 
  -10 -4 
  -10 7 
  -10 8 
  -9 -13 
  -9 -11 
  -9 -8 
  -9 4 
  -9 8 
  -8 -7 
  -8 0 
  -8 9 
  -7 -21 
  -7 -20 
  -7 -13 
  -7 -9 
  -7 8 
  -6 -11 
  -6 -4 
  -6 8 
  -6 10 
  -6 11 
  -6 16 
  -6 19 
  -5 -18 
  -5 -16 
  -5 -14 
  -5 6 
  -5 7 
  -5 10 
  -5 13 
  -5 18 
  -4 -21 
  -4 -2 
  -4 2 
  -4 13 
  -3 -7 
  -3 1 
  -3 3 
  -3 5 
  -3 14 
  -2 -17 
  -2 17 
  -1 -9 
  -1 -4 
  -1 -3 
  -1 1 
  -1 2 
  -1 19 
  0 -6 
  0 4 
  0 6 
  0 10 
  0 16 
  1 -18 
  1 -8 
  1 0 
  1 7 
  1 17 
  1 19 
  1 20 
  2 -13 
  2 -11 
  2 -10 
  2 0 
  2 6 
  2 11 
  3 -22 
  3 -2 
  3 7 
  4 -6 
  4 1 
  4 2 
  4 10 
  4 20 
  5 -20 
  5 -19 
  5 -15 
  5 -14 
  5 -4 
  5 14 
  5 18 
  6 -10 
  6 -1 
  6 20 
  7 -20 
  7 -19 
  7 -13 
  7 -11 
  7 1 
  7 5 
  7 7 
  7 17 
  8 -7 
  8 -4 
  8 -1 
  8 1 
  8 3 
  8 16 
  8 18 
  9 -5 
  9 9 
  9 15 
  10 -18 
  10 -10 
  10 -7 
  10 -6 
  11 -19 
  11 -14 
  11 -11 
  11 -5 
  11 -4 
  11 7 
  11 16 
  11 17 
  12 -9 
  12 -6 
  12 -3 
  12 0 
  12 11 
  13 -9 
  13 -7 
  13 3 
  13 5 
  13 12 
  14 -9 
  14 -7 
  14 -5 
  14 -4 
  14 -1 
  14 3 
  15 -5 
  15 0 
  15 12 
  16 -11 
  16 -10 
  16 -8 
  16 4 
  16 5 
  16 7 
  17 4 
  17 9 
  18 2 
  18 3 
  18 4 
  19 -1 
  -17 -3 
  -16 -10 
  -16 -5 
  -16 -4 
  -16 3 
  -16 8 
  -15 -9 
  -15 7 
  -15 9 
  -14 -8 
  -14 0 
  -14 1 
  -13 -4 
  -13 4 
  -12 -13 
  -12 -2 
  -12 13 
  -11 -14 
  -11 -9 
  -11 -6 
  -11 -2 
  -11 15 
  -10 -17 
  -10 -1 
  -10 0 
  -10 1 
  -10 9 
  -10 13 
  -9 -16 
  -9 -9 
  -9 9 
  -9 10 
  -8 -16 
  -8 -10 
  -8 -6 
  -8 7 
  -8 11 
  -8 16 
  -7 -18 
  -7 -17 
  -7 -14 
  -7 -11 
  -7 -3 
  -6 -16 
  -6 -8 
  -6 -6 
  -6 -1 
  -6 9 
  -5 -10 
  -5 3 
  -5 12 
  -4 -15 
  -4 -13 
  -4 -9 
  -4 6 
  -4 18 
  -3 -15 
  -3 10 
  -3 11 
  -3 17 
  -3 18 
  -3 20 
  -2 -22 
  -2 -20 
  -2 -10 
  -2 -9 
  -2 14 
  -2 19 
  -1 -17 
  -1 7 
  -1 8 
  0 -21 
  0 -4 
  0 0 
  0 13 
  1 -3 
  1 10 
  1 16 
  2 -15 
  2 -6 
  2 2 
  2 13 
  2 14 
  3 -20 
  3 -5 
  3 11 
  3 15 
  3 18 
  3 19 
  4 -9 
  4 -7 
  4 -3 
  4 12 
  4 14 
  4 15 
  5 -22 
  5 -7 
  5 -6 
  5 -3 
  5 17 
  5 19 
  6 -17 
  6 -16 
  6 -8 
  6 -2 
  6 8 
  6 14 
  6 16 
  6 17 
  7 -18 
  7 -6 
  7 12 
  7 14 
  7 18 
  7 19 
  8 -19 
  8 -15 
  8 -8 
  8 0 
  8 6 
  9 -20 
  9 -18 
  9 -10 
  9 -8 
  9 -2 
  9 3 
  10 -17 
  10 -8 
  10 -2 
  10 15 
  11 -13 
  11 -10 
  11 12 
  12 -14 
  12 -13 
  12 9 
  12 10 
  12 15 
  13 -17 
  13 -13 
  13 -5 
  13 -3 
  13 2 
  13 4 
  13 8 
  14 -13 
  14 1 
  14 10 
  14 14 
  15 -2 
  15 -1 
  16 -6 
  16 -5 
  16 11 
  17 -6 
  18 -5 
  -18 -2 
  -17 2 
  -17 6 
  -16 7 
  -16 9 
  -15 -8 
  -15 4 
  -14 -4 
  -14 4 
  -13 -15 
  -13 -12 
  -13 -8 
  -13 -2 
  -13 5 
  -13 12 
  -12 -16 
  -12 -4 
  -12 8 
  -12 11 
  -11 -12 
  -11 4 
  -11 6 
  -11 7 
  -11 9 
  -10 -15 
  -10 -14 
  -10 5 
  -10 10 
  -10 11 
  -10 16 
  -9 -15 
  -9 -5 
  -8 -8 
  -8 -1 
  -8 17 
  -7 -7 
  -7 -4 
  -7 -1 
  -7 3 
  -7 11 
  -7 18 
  -6 -21 
  -6 -17 
  -6 -15 
  -6 -10 
  -6 -3 
  -5 -4 
  -5 -3 
  -5 15 
  -4 -17 
  -4 -11 
  -4 1 
  -4 3 
  -4 4 
  -4 7 
  -3 -21 
  -3 -1 
  -3 0 
  -3 2 
  -3 4 
  -3 6 
  -3 15 
  -2 -16 
  -2 -7 
  -2 1 
  -2 7 
  -2 13 
  -2 16 
  -1 -6 
  -1 3 
  -1 6 
  -1 9 
  0 -14 
  0 -11 
  0 -9 
  0 -8 
  0 1 
  0 3 
  0 11 
  1 -15 
  1 -7 
  1 -6 
  2 -18 
  2 -16 
  2 -9 
  2 -3 
  2 5 
  2 10 
  2 12 
  3 -21 
  3 -16 
  3 -15 
  3 -14 
  3 -11 
  3 -9 
  3 -3 
  3 3 
  3 5 
  3 9 
  4 -19 
  4 -15 
  4 3 
  4 7 
  4 11 
  5 -18 
  5 -17 
  5 -16 
  5 -1 
  5 5 
  5 8 
  5 12 
  6 -15 
  6 -14 
  6 -12 
  6 -11 
  6 3 
  6 6 
  6 11 
  7 -4 
  7 -3 
  7 2 
  7 10 
  7 11 
  7 15 
  8 -13 
  8 -5 
  8 -2 
  8 13 
  9 -13 
  9 14 
  9 18 
  10 -11 
  10 5 
  10 10 
  10 17 
  11 -8 
  11 6 
  11 8 
  11 10 
  11 13 
  12 -2 
  12 3 
  13 -16 
  13 0 
  13 1 
  13 7 
  13 9 
  14 -14 
  14 -12 
  14 -11 
  14 -3 
  15 -6 
  16 -13 
  16 -7 
  16 8 
  17 -10 
  17 -8 
  17 -2 
  17 0 
  17 5 
  18 -7 
  18 1 
  19 -2 
  19 0 
  -17 -7 
  -17 0 
  -15 -13 
  -15 -12 
  -15 -11 
  -15 -10 
  -15 -7 
  -15 0 
  -15 1 
  -14 -14 
  -14 -9 
  -14 -2 
  -14 12 
  -13 -6 
  -12 -9 
  -12 -6 
  -12 -1 
  -12 3 
  -12 15 
  -11 -16 
  -11 -15 
  -11 -1 
  -10 4 
  -10 14 
  -9 -10 
  -9 -7 
  -9 -2 
  -8 -15 
  -8 -3 
  -8 1 
  -8 4 
  -8 10 
  -8 14 
  -7 9 
  -7 15 
  -6 -14 
  -6 -12 
  -6 0 
  -6 2 
  -6 14 
  -5 -12 
  -5 8 
  -5 9 
  -4 -14 
  -4 10 
  -4 14 
  -4 15 
  -4 19 
  -4 20 
  -3 -13 
  -3 -8 
  -3 13 
  -2 -21 
  -2 -18 
  -2 -11 
  -2 -6 
  -2 -2 
  -2 -1 
  -1 -16 
  -1 -14 
  -1 -7 
  -1 -5 
  -1 -2 
  -1 12 
  -1 13 
  -1 14 
  -1 18 
  -1 20 
  0 -16 
  0 -12 
  0 -2 
  0 -1 
  1 -14 
  1 2 
  1 4 
  1 5 
  1 8 
  2 -21 
  2 -8 
  2 -7 
  2 -4 
  2 15 
  3 -17 
  3 -12 
  3 -6 
  3 10 
  4 -20 
  4 -17 
  4 -11 
  4 -8 
  4 8 
  4 16 
  5 -11 
  5 1 
  5 2 
  5 4 
  5 11 
  6 -22 
  6 -7 
  6 -5 
  6 0 
  6 9 
  6 10 
  6 12 
  6 13 
  7 -15 
  7 6 
  8 -10 
  8 -3 
  8 7 
  8 15 
  9 -7 
  9 -4 
  9 -3 
  9 2 
  9 6 
  9 7 
  10 -13 
  10 -5 
  10 2 
  10 13 
  11 2 
  11 15 
  12 -15 
  12 -12 
  12 -10 
  12 -1 
  12 1 
  12 4 
  12 7 
  12 12 
  12 13 
  12 16 
  13 -14 
  13 -2 
  13 -1 
  13 13 
  13 14 
  13 15 
  14 -15 
  14 -8 
  14 -6 
  15 -10 
  15 -9 
  15 1 
  16 -3 
  16 -1 
  16 3 
  16 6 
  17 -4 
  18 -6 
  18 -3 
  18 5 
  -18 -3 
  -18 1 
  -17 -6 
  -17 -5 
  -16 -6 
  -15 -6 
  -15 6 
  -15 8 
  -14 -11 
  -14 -7 
  -14 -6 
  -14 8 
  -14 10 
  -13 -13 
  -13 -3 
  -13 0 
  -13 9 
  -13 11 
  -12 -15 
  -12 1 
  -11 -7 
  -11 13 
  -11 14 
  -10 2 
  -10 3 
  -10 6 
  -10 15 
  -9 -19 
  -9 -18 
  -9 -12 
  -9 -3 
  -9 0 
  -9 6 
  -9 7 
  -9 13 
  -8 -13 
  -8 -5 
  -8 2 
  -8 15 
  -7 -12 
  -7 -2 
  -7 5 
  -7 6 
  -7 7 
  -7 13 
  -7 19 
  -6 -2 
  -6 5 
  -5 -22 
  -5 -19 
  -5 -11 
  -5 -9 
  -5 -5 
  -5 2 
  -5 4 
  -5 17 
  -5 19 
  -5 20 
  -4 -8 
  -4 17 
  -3 -20 
  -3 -19 
  -3 -17 
  -3 -12 
  -3 -2 
  -3 8 
  -3 16 
  -3 19 
  -2 -12 
  -2 -4 
  -2 2 
  -2 3 
  -2 4 
  -2 10 
  -2 11 
  -2 18 
  -1 -18 
  -1 -11 
  -1 0 
  -1 10 
  0 -15 
  1 -22 
  1 -21 
  1 1 
  1 6 
  1 9 
  1 12 
  1 13 
  2 -20 
  2 16 
  2 17 
  3 -18 
  3 -4 
  3 4 
  3 12 
  3 13 
  4 -10 
  4 -5 
  4 -2 
  4 13 
  5 -5 
  5 -2 
  5 3 
  5 6 
  5 10 
  5 15 
  6 -18 
  6 1 
  6 2 
  6 18 
  6 19 
  7 -9 
  7 8 
  8 -18 
  8 -14 
  8 19 
  9 -19 
  9 -16 
  9 -15 
  9 5 
  9 11 
  9 12 
  9 16 
  10 -19 
  10 -16 
  10 -4 
  10 14 
  10 16 
  11 -18 
  11 -16 
  11 -15 
  11 -7 
  11 -2 
  11 9 
  12 -16 
  12 -11 
  12 -4 
  13 -12 
  13 -8 
  13 10 
  14 12 
  14 13 
  15 -13 
  15 -8 
  15 -3 
  15 5 
  15 6 
  15 11 
  16 -2 
  16 0 
  16 9 
  17 -11 
  17 -9 
  17 -3 
  17 2 
  18 -8 
  18 -1 
  -18 0 
  -16 -8 
  -16 -3 
  -16 -2 
  -16 0 
  -16 2 
  -16 5 
  -15 2 
  -15 10 
  -14 5 
  -14 6 
  -14 11 
  -13 -9 
  -13 -5 
  -13 -1 
  -13 3 
  -13 14 
  -12 -14 
  -12 -12 
  -12 -5 
  -12 2 
  -12 10 
  -11 -11 
  -11 -5 
  -11 2 
  -11 10 
  -11 11 
  -10 -19 
  -10 -18 
  -10 -13 
  -10 -9 
  -10 -3 
  -10 12 
  -9 -14 
  -9 -6 
  -9 -4 
  -9 -1 
  -8 -9 
  -8 -2 
  -8 3 
  -8 6 
  -8 12 
  -8 13 
  -8 18 
  -7 -6 
  -7 0 
  -7 1 
  -7 10 
  -6 -19 
  -6 -18 
  -6 -9 
  -6 -7 
  -6 12 
  -5 -13 
  -5 -7 
  -5 5 
  -4 -16 
  -4 0 
  -4 8 
  -4 9 
  -4 12 
  -4 16 
  -3 -4 
  -3 -3 
  -3 9 
  -2 -15 
  -2 8 
  -1 -22 
  -1 -21 
  -1 -19 
  -1 -15 
  -1 -8 
  -1 15 
  0 -22 
  0 -18 
  0 -13 
  0 -3 
  0 2 
  0 9 
  0 12 
  0 14 
  0 18 
  1 -20 
  1 -19 
  1 -17 
  1 -12 
  1 -10 
  1 -9 
  1 -2 
  2 -12 
  2 -1 
  2 1 
  2 4 
  2 7 
  2 8 
  2 19 
  2 20 
  3 -19 
  3 -10 
  3 -8 
  3 1 
  3 6 
  3 14 
  4 -22 
  4 -21 
  4 -13 
  4 -12 
  4 -4 
  4 -1 
  4 6 
  4 9 
  4 18 
  4 19 
  5 -21 
  5 -10 
  5 -8 
  5 7 
  5 16 
  5 20 
  6 -21 
  6 -20 
  6 -9 
  6 -6 
  6 -4 
  6 4 
  6 15 
  7 -21 
  7 -17 
  7 -14 
  7 -8 
  7 -5 
  7 -1 
  8 -12 
  8 2 
  8 9 
  8 10 
  9 -17 
  9 -12 
  9 -11 
  9 -1 
  9 4 
  9 10 
  9 17 
  10 -15 
  10 1 
  10 4 
  10 11 
  10 18 
  11 -17 
  11 -1 
  11 3 
  11 4 
  12 -17 
  12 -5 
  13 -11 
  13 6 
  14 2 
  14 4 
  14 7 
  15 -14 
  15 -11 
  15 -7 
  15 -4 
  15 2 
  15 4 
  15 8 
  15 9 
  15 10 
  16 -9 
  16 10 
  17 -5 
  17 -1 
  17 3 
  17 6 
  17 7 
  18 -4 
  19 -3 
  -17 -4 
  -17 -2 
  -17 4 
  -16 -7 
  -16 6 
  -15 -2 
  -13 -14 
  -13 -7 
  -13 2 
  -13 6 
  -13 13 
  -12 -7 
  -12 -3 
  -12 0 
  -12 6 
  -12 7 
  -12 9 
  -11 -10 
  -11 -4 
  -11 1 
  -11 3 
  -11 5 
  -11 8 
  -10 -8 
  -10 -7 
  -10 -6 
  -10 -2 
  -9 1 
  -9 2 
  -9 11 
  -9 15 
  -9 16 
  -9 17 
  -8 -12 
  -8 -11 
  -8 8 
  -7 -19 
  -7 -15 
  -7 -10 
  -7 2 
  -7 16 
  -7 17 
  -6 -20 
  -6 3 
  -6 6 
  -6 7 
  -6 17 
  -5 -21 
  -5 -20 
  -5 -15 
  -5 -1 
  -5 1 
  -5 14 
  -4 -22 
  -4 -20 
  -4 -19 
  -4 -18 
  -4 -12 
  -4 -7 
  -4 -6 
  -4 -5 
  -4 -3 
  -4 -1 
  -4 5 
  -3 -22 
  -3 -18 
  -3 -16 
  -3 -14 
  -3 -9 
  -3 -5 
  -3 7 
  -3 12 
  -2 -14 
  -2 -13 
  -2 -8 
  -2 5 
  -2 9 
  -2 12 
  -2 20 
  -1 -13 
  -1 -1 
  -1 5 
  -1 16 
  0 -7 
  0 7 
  0 8 
  1 -16 
  1 -11 
  1 -4 
  1 3 
  1 14 
  2 -22 
  2 -14 
  2 -2 
  2 3 
  2 9 
  2 18 
  3 -13 
  3 -1 
  3 0 
  3 2 
  3 8 
  3 17 
  4 -16 
  4 0 
  4 4 
  4 5 
  5 13 
  6 -19 
  6 -13 
  6 -3 
  6 5 
  7 -10 
  7 -7 
  7 -2 
  7 3 
  7 4 
  7 16 
  8 -21 
  8 -11 
  8 -6 
  8 4 
  8 5 
  8 8 
  8 12 
  8 17 
  9 -14 
  9 -6 
  9 0 
  9 1 
  9 8 
  10 -14 
  10 -12 
  10 -1 
  10 3 
  10 7 
  10 9 
  11 -12 
  11 -9 
  11 -6 
  11 11 
  12 -8 
  12 2 
  12 5 
  12 6 
  12 8 
  13 -15 
  13 -10 
  13 -6 
  14 -2 
  14 0 
  14 5 
  14 9 
  15 -12 
  15 3 
  15 7 
  16 -4 
  16 1 
  16 2 
  18 -2 
  19 1 ;
AreaPerTest 2.4622800547e+10;
DefectRecordSpec 13 DEFECTID XREL YREL XINDEX YINDEX XSIZE YSIZE DEFECTAREA DSIZE CLASSNUMBER TEST IMAGECOUNT IMAGELIST ;
DefectList
 1 1021.723 3998.152 1 20 0.390 0.390 0.030000 0.172 0 1 0 0
 2 900.537 3117.824 -4 20 0.390 0.390 0.024000 0.153 0 1 0 0
 3 4672.091 2734.879 1 20 0.780 0.780 0.068000 0.260 0 1 0 0
 4 381.017 2614.715 2 20 0.780 0.780 0.059000 0.243 0 1 0 0
 5 3576.425 2378.738 1 20 0.390 0.390 0.059000 0.243 0 1 0 0
 6 3237.657 1536.816 1 20 1.951 1.171 0.068000 0.260 0 1 0 0
 7 4778.259 563.137 1 20 0.780 1.171 0.181000 0.425 100 1 0 0
 8 4654.348 648.035 1 20 0.390 0.780 0.077000 0.277 100 1 0 0
 9 3672.626 501.652 1 20 0.390 0.390 0.030000 0.172 100 1 0 0
 10 3310.442 347.418 1 20 0.390 0.390 0.024000 0.153 100 1 0 0;
TiffFileName 195J64_195J64-@14_3039SIDM.001_00001.jpg;
DefectList
 11 1150.471 3671.294 1 19 0.390 0.390 0.036000 0.190 100 1 1 1 1 106
 12 3115.281 3539.739 1 19 0.390 0.390 0.030000 0.172 100 1 0 0
 13 3638.242 3769.083 1 19 0.780 0.780 0.059000 0.243 100 1 0 0
 14 3710.637 3432.982 1 19 0.390 0.390 0.036000 0.190 100 1 0 0
 15 4227.158 4154.755 1 19 0.390 0.390 0.018000 0.133 100 1 0 0;
TiffFileName 195J64_195J64-@14_3039SIDM.001_00002.jpg;
DefectList
 16 4693.207 2848.122 1 19 0.780 0.390 0.051000 0.226 1 1 1 1 1 106
 17 2221.827 3276.349 1 19 0.390 0.390 0.030000 0.172 100 1 0 0
 18 1473.291 3083.896 1 19 0.390 0.390 0.036000 0.190 100 1 0 0;
TiffFileName 195J64_195J64-@14_3039SIDM.001_00003.jpg;
DefectList
 19 975.631 577.583 1 19 1.170 0.780 0.155000 0.393 1 1 1 1 1 106;
TiffFileName 195J64_195J64-@14_3039SIDM.001_00004.jpg;
DefectList
 20 1832.271 1105.161 1 19 0.390 0.390 0.030000 0.172 1 1 1 1 1 106
 21 1664.557 3599.334 1 18 0.390 0.390 0.030000 0.172 0 1 0 0
 22 2145.679 415.506 2 18 1.951 1.561 0.168000 0.409 0 1 0 0;
TiffFileName 195J64_195J64-@14_3039SIDM.001_00005.jpg;
DefectList
 23 3936.235 3633.163 0 17 0.390 0.390 0.030000 0.172 1 1 1 1 1 106
 24 1468.482 3860.351 1 17 0.390 0.390 0.044000 0.208 0 1 0 0
 25 1415.968 3712.406 11 17 0.780 0.390 0.044000 0.208 0 1 0 0
 26 1574.222 3631.015 11 17 1.951 1.561 0.225000 0.474 0 1 0 0
 27 1882.214 2299.445 -2 17 0.780 1.171 0.130000 0.360 0 1 0 0
 28 4537.559 2452.859 1 17 1.170 1.171 0.210000 0.458 0 1 0 0
 29 4540.486 2425.148 1 17 0.780 0.390 0.051000 0.226 0 1 0 0
 30 2262.232 1493.827 4 17 1.170 1.171 0.443000 0.665 0 1 0 0;
TiffFileName 195J64_195J64-@14_3039SIDM.001_00006.jpg;
DefectList
 31 2833.322 1878.531 0 17 0.780 0.780 0.051000 0.226 1 1 1 1 1 106;
TiffFileName 195J64_195J64-@14_3039SIDM.001_00007.jpg;
DefectList
 31 2833.322 1878.531 0 17 0.780 0.780 0.051000 0.226 1 1 1 1 1 106
 32 2589.577 1507.687 -7 17 0.780 0.780 0.068000 0.260 0 1 0 0
 33 345.071 732.421 -6 17 0.390 0.390 0.024000 0.153 0 1 0 0
 34 2294.292 680.702 1 17 0.390 0.780 0.077000 0.277 0 1 0 0
 35 895.151 870.999 11 17 0.390 0.390 0.030000 0.172 0 1 0 0
 36 1071.381 2305.485 1 16 0.390 0.390 0.030000 0.172 0 1 0 0
 37 891.271 758.547 1 16 0.780 0.390 0.059000 0.243 0 1 0 0
 38 887.616 1138.368 -7 16 1.561 2.732 0.443000 0.665 0 1 0 0
 39 3674.181 1155.547 12 16 1.561 1.951 0.225000 0.474 0 1 0 0;
TiffFileName 195J64_195J64-@14_3039SIDM.001_00008.jpg;
DefectList
 40 2730.590 3488.806 1 15 0.390 0.390 0.036000 0.190 1 1 1 1 1 106
 41 2141.826 2769.353 2 15 0.390 0.780 0.036000 0.190 0 1 0 0
 42 3248.889 3274.673 -11 15 0.390 0.390 0.030000 0.172 0 1 0 0;
TiffFileName 195J64_195J64-@14_3039SIDM.001_00009.jpg;
DefectList
 43 2460.638 3456.178 10 14 0.780 0.780 0.087000 0.294 1 1 1 1 1 106
 44 1490.240 4087.784 5 14 1.170 1.561 0.290000 0.538 0 1 0 0;
TiffFileName 195J64_195J64-@14_3039SIDM.001_00010.jpg;
DefectList
 45 306.404 3539.913 2 14 0.390 0.390 0.036000 0.190 1 1 1 1 1 106;
TiffFileName 195J64_195J64-@14_3039SIDM.001_00011.jpg;
DefectList
 46 2216.525 3022.190 14 14 0.780 0.390 0.024000 0.153 1 1 1 1 1 106;
TiffFileName 195J64_195J64-@14_3039SIDM.001_00012.jpg;
DefectList
 47 704.236 1591.378 14 14 0.780 0.780 0.097000 0.311 1 1 1 1 1 106
 48 2372.399 993.155 8 14 0.390 0.390 0.044000 0.208 0 1 0 0
 49 1500.642 3426.129 14 13 0.780 0.390 0.030000 0.172 0 1 0 0
 50 3674.634 2986.793 1 13 0.390 0.390 0.024000 0.153 0 1 0 0;
TiffFileName 195J64_195J64-@14_3039SIDM.001_00013.jpg;
DefectList
 51 2677.052 2969.226 -13 13 0.390 1.171 0.051000 0.226 1 1 1 1 1 106
 52 2361.038 2168.554 11 13 0.780 0.390 0.044000 0.208 0 1 0 0;
TiffFileName 195J64_195J64-@14_3039SIDM.001_00014.jpg;
DefectList
 53 2770.990 2076.625 4 13 0.390 0.390 0.024000 0.153 1 1 1 1 1 106
 54 4523.488 1334.066 13 13 0.390 0.390 0.030000 0.172 0 1 0 0
 55 2278.775 1677.781 14 13 0.390 0.390 0.036000 0.190 0 1 0 0
 56 4633.609 1051.836 13 13 1.170 1.171 0.168000 0.409 0 1 0 0
 57 2099.306 3995.278 14 12 0.390 0.390 0.044000 0.208 0 1 0 0;
TiffFileName 195J64_195J64-@14_3039SIDM.001_00015.jpg;
DefectList
 58 3371.097 1368.364 13 12 0.390 0.390 0.036000 0.190 1 1 1 1 1 106
 59 1260.851 3439.006 -1 11 0.390 0.780 0.044000 0.208 0 1 0 0
 60 3811.813 2896.549 1 11 0.780 0.780 0.097000 0.311 0 1 0 0
 61 632.675 1899.436 -14 11 0.390 0.390 0.036000 0.190 0 1 0 0;
TiffFileName 195J64_195J64-@14_3039SIDM.001_00016.jpg;
DefectList
 62 4477.572 1251.240 14 11 1.170 1.171 0.119000 0.344 1 1 1 1 1 106
 63 3112.566 310.498 -3 11 0.390 0.390 0.030000 0.172 0 1 0 0
 64 3028.350 301.127 16 11 0.390 0.390 0.036000 0.190 0 1 0 0
 65 2555.334 1945.937 -13 10 0.780 0.390 0.051000 0.226 0 1 0 0
 66 1594.538 1259.194 -7 10 0.780 0.780 0.068000 0.260 0 1 0 0
 67 2732.913 1311.894 11 10 1.170 1.561 0.168000 0.409 0 1 0 0;
TiffFileName 195J64_195J64-@14_3039SIDM.001_00017.jpg;
DefectList
 68 1587.743 1688.011 -15 10 1.561 0.390 0.044000 0.208 2 1 1 1 1 106
 69 1758.425 2551.352 13 9 0.390 0.780 0.059000 0.243 0 1 0 0
 70 3209.045 1349.504 -2 9 0.390 0.390 0.044000 0.208 0 1 0 0
 71 2892.258 3410.052 17 8 0.390 0.390 0.024000 0.153 0 1 0 0
 72 2863.657 3150.290 17 8 0.390 0.390 0.024000 0.153 0 1 0 0;
TiffFileName 195J64_195J64-@14_3039SIDM.001_00018.jpg;
DefectList
 73 1787.292 2522.001 -14 8 1.170 1.171 0.119000 0.344 1 1 1 1 1 106
 74 2168.313 2106.853 17 8 1.170 0.780 0.142000 0.377 0 1 0 0
 75 3488.960 1874.993 13 8 1.170 1.171 0.130000 0.360 0 1 0 0
 76 4281.257 778.591 3 8 1.561 1.561 0.443000 0.665 0 1 0 0
 77 757.880 352.736 10 8 0.780 1.951 0.402000 0.633 0 1 0 0
 78 2717.818 3752.401 -13 7 0.780 0.780 0.044000 0.208 0 1 0 0
 79 1116.434 1634.069 6 7 0.780 0.780 0.097000 0.311 0 1 0 0
 80 2747.860 646.202 17 7 0.390 0.390 0.044000 0.208 0 1 0 0
 81 2836.454 563.836 17 7 1.170 1.171 0.225000 0.474 0 1 0 0;
TiffFileName 195J64_195J64-@14_3039SIDM.001_00019.jpg;
DefectList
 82 926.832 3524.392 13 6 1.170 1.171 0.168000 0.409 1 1 1 1 1 106;
TiffFileName 195J64_195J64-@14_3039SIDM.001_00020.jpg;
DefectList
 83 835.511 3518.732 13 6 0.390 0.390 0.030000 0.172 1 1 1 1 1 106
 84 1716.957 3748.656 1 6 0.780 0.780 0.077000 0.277 0 1 0 0
 85 1690.653 3621.203 -17 6 0.390 0.390 0.036000 0.190 0 1 0 0
 86 1787.700 3012.447 -17 6 0.780 0.390 0.030000 0.172 0 1 0 0
 87 4275.868 1568.293 12 6 0.390 0.390 0.044000 0.208 0 1 0 0
 88 2402.750 771.843 -12 6 0.780 0.780 0.108000 0.327 0 1 0 0
 89 2479.103 1458.219 -6 5 0.390 0.780 0.059000 0.243 0 1 0 0
 90 1592.528 1230.249 1 5 0.780 0.780 0.059000 0.243 0 1 0 0
 91 4023.743 659.989 -15 5 0.780 1.171 0.087000 0.294 0 1 0 0
 92 4649.529 281.143 -11 5 0.780 0.390 0.051000 0.226 0 1 0 0
 93 4743.779 280.362 -11 5 0.390 1.171 0.130000 0.360 0 1 0 0
 94 606.770 310.421 3 5 0.390 0.390 0.044000 0.208 0 1 0 0
 95 295.432 3942.133 18 4 1.951 2.342 0.155000 0.393 0 1 0 0;
TiffFileName 195J64_195J64-@14_3039SIDM.001_00021.jpg;
DefectList
 96 3969.043 537.244 15 4 0.780 1.171 0.168000 0.409 1 1 1 1 1 106
 97 1148.865 358.574 -3 4 0.390 0.390 0.024000 0.153 0 1 0 0
 98 3904.254 3480.069 15 3 0.780 0.780 0.059000 0.243 0 1 0 0
 99 832.510 3303.704 18 3 4.292 2.732 7.191000 2.681 0 1 0 0
 100 264.564 1388.391 5 3 0.390 0.390 0.030000 0.172 0 1 0 0
 101 3887.286 458.227 12 3 0.780 0.780 0.059000 0.243 0 1 0 0
 102 4060.597 1117.939 -3 3 0.390 0.390 0.018000 0.133 0 1 0 0;
TiffFileName 195J64_195J64-@14_3039SIDM.001_00022.jpg;
DefectList
 103 4340.762 3052.186 -10 2 0.390 0.390 0.024000 0.153 1 1 1 1 1 106;
TiffFileName 195J64_195J64-@14_3039SIDM.001_00023.jpg;
DefectList
 104 1276.539 3238.584 2 2 0.390 0.780 0.051000 0.226 1 1 1 1 1 106;
TiffFileName 195J64_195J64-@14_3039SIDM.001_00024.jpg;
DefectList
 105 2203.774 2375.883 -10 2 1.170 1.171 0.168000 0.409 1 1 1 1 1 106
 106 3841.808 2566.185 -14 2 0.780 0.780 0.051000 0.226 0 1 0 0;
TiffFileName 195J64_195J64-@14_3039SIDM.001_00025.jpg;
DefectList
 107 3347.061 3829.016 -11 1 0.390 0.390 0.044000 0.208 1 1 1 1 1 106;
TiffFileName 195J64_195J64-@14_3039SIDM.001_00026.jpg;
DefectList
 108 1872.248 2926.614 -11 1 0.390 0.390 0.044000 0.208 1 1 1 1 1 106
 109 221.216 3055.434 19 1 0.390 0.390 0.036000 0.190 0 1 0 0
 110 4511.442 1343.273 19 1 0.390 0.390 0.030000 0.172 0 1 0 0
 111 2735.468 917.699 -7 1 0.390 0.390 0.030000 0.172 0 1 0 0;
TiffFileName 195J64_195J64-@14_3039SIDM.001_00027.jpg;
DefectList
 112 2615.794 867.537 -6 1 0.390 0.390 0.044000 0.208 1 1 1 1 1 106;
TiffFileName 195J64_195J64-@14_3039SIDM.001_00028.jpg;
DefectList
 113 281.278 2817.694 -17 0 0.390 0.390 0.030000 0.172 1 1 1 1 1 106
 114 4547.860 2032.059 10 0 1.170 0.780 0.087000 0.294 0 1 0 0;
TiffFileName 195J64_195J64-@14_3039SIDM.001_00029.jpg;
DefectList
 115 3262.057 367.288 18 0 0.780 0.390 0.068000 0.260 1 1 1 1 1 106
 116 3335.873 323.567 -13 0 0.390 0.390 0.036000 0.190 0 1 0 0;
TiffFileName 195J64_195J64-@14_3039SIDM.001_00030.jpg;
DefectList
 117 3290.839 3963.268 -14 -1 0.780 0.390 0.087000 0.294 1 1 1 1 1 106
 118 2018.583 3776.089 19 -1 0.780 0.780 0.068000 0.260 0 1 0 0
 119 3559.559 3769.648 19 -1 0.390 0.390 0.024000 0.153 0 1 0 0
 120 634.158 3088.193 5 -1 0.390 0.390 0.044000 0.208 0 1 0 0
 121 658.513 2743.503 19 -1 0.390 0.390 0.018000 0.133 0 1 0 0
 122 2210.846 2218.988 18 -1 0.390 0.390 0.036000 0.190 0 1 0 0;
TiffFileName 195J64_195J64-@14_3039SIDM.001_00031.jpg;
DefectList
 123 1569.927 1369.763 10 -1 0.780 0.780 0.051000 0.226 1 1 1 1 1 106
 124 3980.365 1742.169 1 -1 0.390 0.390 0.024000 0.153 0 1 0 0;
TiffFileName 195J64_195J64-@14_3039SIDM.001_00032.jpg;
DefectList
 125 4074.638 997.653 -13 -1 0.390 0.390 0.030000 0.172 1 1 1 1 1 106
 126 1815.895 3797.238 8 -2 0.780 0.390 0.051000 0.226 0 1 0 0
 127 2534.716 3907.906 19 -2 0.390 0.780 0.051000 0.226 0 1 0 0
 128 2394.643 3326.025 -18 -2 3.902 2.342 0.240000 0.490 0 1 0 0
 129 2301.349 3286.598 19 -2 3.512 2.342 5.873000 2.342 0 1 0 0
 130 1446.290 3456.999 -15 -3 1.170 1.171 0.240000 0.490 0 1 0 0
 131 1217.552 3244.174 -4 -3 0.390 0.390 0.030000 0.172 0 1 0 0
 132 4638.282 2529.560 12 -3 0.390 0.390 0.051000 0.226 0 1 0 0
 133 2199.760 1226.695 -9 -3 0.780 1.171 0.077000 0.277 0 1 0 0
 134 4485.557 1820.147 18 -4 0.780 0.780 0.077000 0.277 0 1 0 0;
TiffFileName 195J64_195J64-@14_3039SIDM.001_00033.jpg;
DefectList
 135 3260.068 857.708 -5 -4 0.390 0.780 0.051000 0.226 1 1 1 1 1 106
 136 94.437 621.343 11 -4 0.390 0.390 0.036000 0.190 0 1 0 0;
TiffFileName 195J64_195J64-@14_3039SIDM.001_00034.jpg;
DefectList
 137 4206.529 3469.420 -6 -5 1.170 0.780 0.077000 0.277 43 1 1 1 1 106;
TiffFileName 195J64_195J64-@14_3039SIDM.001_00035.jpg;
DefectList
 137 4206.529 3469.420 -6 -5 1.170 0.780 0.077000 0.277 43 1 1 1 1 106
 138 4211.796 3462.589 -6 -5 24.977 6.636 35.118000 5.926 0 1 0 0
 139 4195.796 3458.880 -6 -5 2.341 3.122 0.210000 0.458 0 1 0 0
 140 4192.089 3452.635 -6 -5 1.170 1.561 0.344000 0.586 0 1 0 0
 141 4214.333 3470.786 -6 -5 5.854 3.513 0.181000 0.425 0 1 0 0;
TiffFileName 195J64_195J64-@14_3039SIDM.001_00036.jpg;
DefectList
 142 3320.819 3041.841 1 -5 0.780 0.780 0.068000 0.260 1 1 1 1 1 106
 143 4574.542 3047.111 18 -5 0.780 0.390 0.044000 0.208 0 1 0 0
 144 2448.248 2211.611 -4 -5 0.390 0.390 0.024000 0.153 0 1 0 0
 145 1787.215 391.951 15 -5 0.390 0.780 0.051000 0.226 0 1 0 0
 146 286.341 207.113 10 -5 0.780 0.390 0.059000 0.243 0 1 0 0
 147 4303.674 1709.729 5 -6 0.780 0.390 0.077000 0.277 0 1 0 0
 148 4708.573 910.602 18 -6 0.390 0.390 0.024000 0.153 0 1 0 0
 149 3837.320 2809.436 -12 -7 1.170 0.780 0.087000 0.294 0 1 0 0
 150 3706.582 2809.436 -12 -7 0.390 0.780 0.059000 0.243 0 1 0 0;
TiffFileName 195J64_195J64-@14_3039SIDM.001_00037.jpg;
DefectList
 151 3162.459 2076.990 -11 -7 0.390 0.390 0.044000 0.208 1 1 1 1 1 106
 152 3053.712 2221.619 0 -7 0.390 0.780 0.044000 0.208 0 1 0 0
 153 3267.112 2531.371 18 -7 0.780 0.390 0.036000 0.190 0 1 0 0
 154 4555.767 1593.861 12 -7 0.390 0.390 0.024000 0.153 0 1 0 0
 155 3300.698 366.313 18 -7 0.780 0.780 0.068000 0.260 0 1 0 0
 156 1179.920 3388.538 -11 -8 3.512 2.732 0.068000 0.260 0 1 0 0
 157 1892.400 3342.864 -15 -8 0.390 0.390 0.068000 0.260 0 1 0 0;
TiffFileName 195J64_195J64-@14_3039SIDM.001_00038.jpg;
DefectList
 158 718.484 1751.497 -12 -8 0.390 0.390 0.024000 0.153 1 1 1 1 1 106;
TiffFileName 195J64_195J64-@14_3039SIDM.001_00039.jpg;
DefectList
 158 718.484 1751.497 -12 -8 0.390 0.390 0.024000 0.153 1 1 1 1 1 106
 159 2270.949 752.771 -2 -8 1.170 1.171 0.307000 0.554 0 1 0 0
 160 3651.456 185.769 -7 -8 0.390 0.390 0.036000 0.190 0 1 0 0
 161 2951.453 3541.598 -10 -9 0.390 0.390 0.036000 0.190 0 1 0 0
 162 1764.137 3523.250 -8 -9 0.780 1.171 0.059000 0.243 0 1 0 0
 163 2254.431 3254.520 14 -9 0.390 0.390 0.036000 0.190 0 1 0 0
 164 1268.608 293.438 -16 -9 0.780 0.780 0.077000 0.277 0 1 0 0;
TiffFileName 195J64_195J64-@14_3039SIDM.001_00040.jpg;
DefectList
 165 188.210 3426.396 9 -10 0.390 0.390 0.030000 0.172 1 1 1 1 1 106
 166 1288.027 2453.564 -5 -10 0.390 0.390 0.024000 0.153 0 1 0 0
 167 1327.561 1977.126 3 -10 0.780 0.780 0.051000 0.226 0 1 0 0;
TiffFileName 195J64_195J64-@14_3039SIDM.001_00041.jpg;
DefectList
 168 553.307 2227.740 9 -10 0.780 0.780 0.068000 0.260 1 1 1 1 1 106
 169 2954.547 3811.612 17 -11 7.805 15.614 43.987000 6.632 0 1 0 0
 170 4378.431 3200.381 -2 -11 0.390 0.390 0.030000 0.172 0 1 0 0;
TiffFileName 195J64_195J64-@14_3039SIDM.001_00042.jpg;
DefectList
 171 694.875 3049.116 -12 -11 0.390 0.390 0.030000 0.172 1 1 1 1 1 106
 172 284.851 955.049 -2 -11 0.390 0.780 0.051000 0.226 0 1 0 0
 173 3784.959 3642.125 5 -12 0.780 1.171 0.155000 0.393 0 1 0 0
 174 2254.031 462.535 0 -12 0.390 0.780 0.044000 0.208 0 1 0 0
 175 2143.001 3800.094 10 -13 0.390 0.390 0.051000 0.226 0 1 0 0
 176 2821.892 2494.216 3 -13 0.780 0.780 0.059000 0.243 0 1 0 0
 177 2619.536 1434.665 -6 -13 0.780 1.171 0.363000 0.602 0 1 0 0
 178 580.732 184.012 -2 -13 0.390 0.390 0.024000 0.153 0 1 0 0
 179 3952.346 3936.310 -11 -14 1.170 1.561 0.509000 0.713 0 1 0 0
 180 1073.796 4050.881 11 -14 0.390 0.390 0.044000 0.208 0 1 0 0
 181 95.746 3317.685 6 -14 0.780 0.780 0.068000 0.260 0 1 0 0
 182 4259.042 2720.431 -9 -14 1.170 0.780 0.087000 0.294 0 1 0 0
 183 297.963 2523.174 14 -14 0.390 0.390 0.036000 0.190 0 1 0 0
 184 1740.166 1883.775 -11 -14 0.390 0.390 0.030000 0.172 0 1 0 0;
TiffFileName 195J64_195J64-@14_3039SIDM.001_00043.jpg;
DefectList
 185 4762.984 3770.265 -12 -15 1.170 0.780 0.256000 0.506 1 1 1 1 1 106;
TiffFileName 195J64_195J64-@14_3039SIDM.001_00044.jpg;
DefectList
 186 3562.515 2174.581 -12 -15 0.390 0.390 0.051000 0.226 1 1 1 1 1 106;
TiffFileName 195J64_195J64-@14_3039SIDM.001_00045.jpg;
DefectList
 186 3562.515 2174.581 -12 -15 0.390 0.390 0.051000 0.226 1 1 1 1 1 106;
TiffFileName 195J64_195J64-@14_3039SIDM.001_00046.jpg;
DefectList
 187 1742.224 1331.483 -6 -15 0.390 0.390 0.030000 0.172 1 1 1 1 1 106
 188 719.893 1252.046 -9 -15 0.780 0.780 0.051000 0.226 0 1 0 0;
TiffFileName 195J64_195J64-@14_3039SIDM.001_00047.jpg;
DefectList
 189 2255.835 816.917 9 -15 0.390 0.390 0.077000 0.277 1 1 1 1 1 106;
TiffFileName 195J64_195J64-@14_3039SIDM.001_00048.jpg;
DefectList
 190 4132.504 3118.156 6 -16 0.390 0.390 0.036000 0.190 1 1 1 1 1 106
 191 2468.102 2009.207 3 -16 0.390 0.390 0.044000 0.208 0 1 0 0
 192 2152.142 241.004 5 -16 0.780 0.780 0.077000 0.277 0 1 0 0;
TiffFileName 195J64_195J64-@14_3039SIDM.001_00049.jpg;
DefectList
 193 1019.870 3472.833 2 -17 0.390 0.390 0.030000 0.172 1 1 1 1 1 106
 194 3790.967 3104.888 7 -17 0.390 0.390 0.044000 0.208 0 1 0 0
 195 1265.221 1662.833 9 -17 0.780 0.780 0.097000 0.311 0 1 0 0
 196 1880.366 1186.591 -9 -17 1.951 2.342 0.307000 0.554 0 1 0 0
 197 2380.397 3433.686 1 -18 2.731 1.951 0.077000 0.277 0 1 0 0
 198 2355.431 3287.701 -4 -18 0.390 0.390 0.044000 0.208 0 1 0 0
 199 1448.237 2564.037 11 -18 0.390 0.390 0.030000 0.172 0 1 0 0
 200 3246.628 1200.053 9 -18 0.780 0.390 0.068000 0.260 0 1 0 0;
TiffFileName 195J64_195J64-@14_3039SIDM.001_00050.jpg;
DefectList
 201 4419.046 681.334 3 -18 0.390 0.390 0.044000 0.208 1 1 1 1 1 106;
TiffFileName 195J64_195J64-@14_3039SIDM.001_00051.jpg;
DefectList
 201 4419.046 681.334 3 -18 0.390 0.390 0.044000 0.208 1 1 1 1 1 106
 202 4247.338 3262.718 -2 -19 0.390 0.390 0.036000 0.190 0 1 0 0;
TiffFileName 195J64_195J64-@14_3039SIDM.001_00052.jpg;
DefectList
 203 353.653 629.805 -8 -20 1.561 1.171 0.210000 0.458 9 1 1 1 1 106
 204 2607.541 3204.869 3 -21 0.390 0.780 0.044000 0.208 0 1 0 0
 205 146.993 1558.814 8 -21 1.170 1.171 0.240000 0.490 0 1 0 0
 206 3183.783 1082.275 7 -21 0.780 0.780 0.059000 0.243 0 1 0 0
 207 2689.459 371.330 -3 -21 0.390 0.390 0.044000 0.208 0 1 0 0
 208 3949.048 2042.971 1 -22 0.780 0.390 0.036000 0.190 0 1 0 0;
SummarySpec 5
  TESTNO    NDEFECT    DEFDENSITY    NDIE    NDEFDIE  ;
SummaryList 
  1    208    8.4469997883e-01    1288    144  ;
EndOfFile;
