FileVersion 1 2;
FileTimestamp 06-06-19 18:19:54;
InspectionStationID "NONE" "KLA2139" "IPS202";
SampleType WAFER;
ResultTimestamp 03-22-18 08:24:11;
LotID "182M54";
SampleSize 1 200;
DeviceID "MA65";
SetupID "MA65_3039M2DM" 02-13-18 05:30:32;
StepID "3039M2DM";
SampleOrientationMarkType NOTCH;
OrientationMarkLocation DOWN;
DiePitch 5.0439200000e+03 4.2533200000e+03;
DieOrigin 0.0000000000e+00 0.0000000000e+00;
WaferID "@01";
Slot 1;
SampleCenterLocation 5.1542800000e+03 -2.0095600000e+03;
ClassLookup 74
  0 "Uncategorized"
  1 "Small PT"
  2 "Medium PT"
  3 "Large PT"
  4 "Polymer"
  5 "Flake PT"
  6 "Scratch"
  9 "Other Defect"
  10 "Other Residue"
  11 "Wet Residue"
  13 "W Residue"
  14 "PR Residue"
  15 "Liquid Mark"
  16 "Thread Defect"
  20 "Pits"
  22 "Pattern Deformed"
  23 "Defocus"
  24 "PR BUBBLE"
  25 "Crown Defect"
  27 "Bead Defect"
  30 "CMP Scratch"
  31 "Minor CMP Scratch"
  35 "Rip Out"
  40 "Protrusion"
  42 "Top Blocked"
  43 "Bottom Blocked"
  44 "Line broken"
  45 "Metal Corrosion"
  46 "Galvanic Corrosion"
  51 "PR Popping"
  52 "Salicide Bad"
  53 "STI Dimple"
  59 "W Void"
  60 "AA Dep PT"
  61 "GC Dep PT"
  62 "CVD Dep PT"
  63 "Metal Dep PT"
  73 "Cone Defect"
  74 "Metal Depression"
  77 "Underlayer"
  78 "NUISANCE/FALSE"
  79 "Metal Grain"
  80 "Don't Care/Minor"
  95 "Missing AI"
  99 "test2"
  100 "Cluster"
  101 "CU CMP Scratch"
  102 "CU Void"
  103 "2_PO Missing"
  104 "CU Pattern Open"
  105 "CU Remain"
  106 "Circle CU Remain"
  107 "CU CVD PT"
  108 "CU Eclips"
  109 "CU CMP Residue"
  110 "Minor CU CMP Scratch"
  111 "CMP PT"
  112 "CU SEAM PT"
  113 "CU Ox"
  114 "CU Pattern Open(Minor)"
  116 "1_PO Missing"
  117 "PAD Abnormality"
  150 "Guard Ring Circle Defect"
  151 "EBR Circle Defect"
  152 "PAD Hillock"
  153 "PAD Residue"
  154 "PAD Hole"
  155 "Color PR Residue"
  201 "Bin 1"
  202 "Bin 2"
  203 "Bin 3"
  204 "Bin 4"
  205 "Bin 5"
  206 "Bin 6"  ;
OrientationInstructions "";
InspectionTest 2;
SampleTestPlan 1299
  -18 -3 
  -16 -9 
  -16 -3 
  -15 -10 
  -15 6 
  -14 -14 
  -14 5 
  -14 12 
  -13 -11 
  -13 -6 
  -13 5 
  -12 -16 
  -12 -6 
  -12 -4 
  -12 2 
  -12 6 
  -12 13 
  -11 -1 
  -11 4 
  -11 5 
  -11 12 
  -11 13 
  -10 -2 
  -10 1 
  -10 8 
  -10 15 
  -10 16 
  -9 -18 
  -9 -15 
  -9 -14 
  -9 -12 
  -9 6 
  -8 -20 
  -8 -17 
  -8 -5 
  -8 -3 
  -8 5 
  -8 8 
  -8 13 
  -7 -11 
  -7 3 
  -7 8 
  -7 15 
  -6 -21 
  -6 -13 
  -6 -12 
  -6 -8 
  -6 1 
  -6 2 
  -6 6 
  -6 8 
  -6 14 
  -5 -19 
  -5 -18 
  -5 -6 
  -5 -4 
  -5 1 
  -5 4 
  -5 5 
  -5 10 
  -5 19 
  -4 -8 
  -4 -5 
  -4 -1 
  -4 0 
  -4 3 
  -4 12 
  -4 14 
  -3 -19 
  -3 -17 
  -3 -12 
  -3 6 
  -3 7 
  -3 10 
  -3 11 
  -3 19 
  -2 -2 
  -2 10 
  -2 17 
  -1 -22 
  -1 -4 
  -1 -3 
  -1 8 
  -1 18 
  0 -22 
  0 -15 
  0 -13 
  0 -3 
  0 2 
  0 6 
  0 14 
  0 19 
  1 -9 
  1 -1 
  1 3 
  1 13 
  1 17 
  1 19 
  2 -6 
  2 -2 
  3 -8 
  3 1 
  3 15 
  3 18 
  4 6 
  5 -14 
  5 -12 
  5 -5 
  5 6 
  5 9 
  5 10 
  5 12 
  6 -22 
  6 -11 
  6 -9 
  6 -5 
  6 7 
  6 8 
  6 13 
  6 19 
  7 -19 
  7 -12 
  7 -11 
  7 -1 
  7 8 
  8 -21 
  8 -18 
  8 -12 
  8 -10 
  8 -1 
  8 8 
  8 13 
  8 19 
  9 -12 
  9 -4 
  9 -1 
  9 0 
  9 6 
  10 0 
  10 3 
  11 -6 
  11 -4 
  11 0 
  11 3 
  11 7 
  12 -18 
  12 -14 
  12 -12 
  12 -10 
  12 -7 
  12 -5 
  12 -4 
  12 0 
  12 12 
  13 -11 
  13 -9 
  13 3 
  13 10 
  13 15 
  14 -4 
  14 9 
  14 11 
  14 12 
  15 -6 
  15 -3 
  15 8 
  16 -12 
  16 -9 
  17 -9 
  17 -7 
  17 -4 
  18 1 
  18 4 
  18 5 
  18 6 
  -18 -1 
  -17 -6 
  -17 -2 
  -17 5 
  -16 1 
  -16 6 
  -16 8 
  -15 -8 
  -15 -7 
  -15 2 
  -15 3 
  -14 -11 
  -14 -7 
  -14 3 
  -14 10 
  -13 -13 
  -13 -7 
  -13 4 
  -12 -8 
  -12 -7 
  -12 0 
  -11 -8 
  -11 9 
  -10 -16 
  -10 -15 
  -10 -14 
  -10 -7 
  -10 -3 
  -10 4 
  -10 9 
  -10 14 
  -9 -19 
  -9 -3 
  -9 14 
  -8 -14 
  -8 -12 
  -8 -6 
  -8 2 
  -8 3 
  -7 4 
  -7 13 
  -5 -20 
  -5 -15 
  -5 6 
  -5 15 
  -4 -20 
  -4 -14 
  -4 -13 
  -4 19 
  -3 -18 
  -3 -8 
  -3 -6 
  -3 20 
  -2 -21 
  -2 -20 
  -2 -12 
  -2 -8 
  -2 -5 
  -2 11 
  -2 15 
  -2 19 
  -2 20 
  -1 -14 
  -1 -8 
  -1 -7 
  -1 -5 
  -1 5 
  -1 14 
  -1 15 
  -1 17 
  0 -18 
  0 -10 
  0 -5 
  0 -2 
  0 1 
  0 9 
  1 -18 
  1 -12 
  1 -6 
  1 -4 
  1 1 
  1 14 
  1 21 
  2 -20 
  2 -14 
  2 1 
  2 4 
  2 9 
  2 10 
  2 19 
  3 -19 
  3 -11 
  4 -19 
  4 -13 
  4 -8 
  4 -6 
  4 -5 
  4 -2 
  4 5 
  4 10 
  5 -1 
  5 4 
  6 -13 
  6 -8 
  6 10 
  7 -7 
  7 17 
  7 19 
  8 -16 
  8 -8 
  8 -6 
  8 -4 
  8 14 
  9 -3 
  9 3 
  9 5 
  9 14 
  9 15 
  10 4 
  10 8 
  10 14 
  11 -18 
  11 -17 
  12 6 
  12 16 
  13 -17 
  13 -14 
  13 -13 
  13 -6 
  13 6 
  14 -10 
  14 2 
  14 14 
  15 -14 
  15 10 
  16 -11 
  16 -6 
  16 -5 
  16 -2 
  16 4 
  16 8 
  17 -8 
  17 -1 
  17 2 
  17 9 
  19 2 
  -18 0 
  -17 -7 
  -17 -4 
  -17 0 
  -16 -2 
  -16 7 
  -15 0 
  -14 -9 
  -14 -5 
  -14 -4 
  -14 6 
  -13 9 
  -12 -17 
  -12 -5 
  -12 3 
  -12 12 
  -11 -3 
  -11 8 
  -10 -19 
  -10 -18 
  -10 -13 
  -10 -8 
  -10 -6 
  -10 -1 
  -10 5 
  -10 12 
  -10 17 
  -9 -4 
  -9 -2 
  -9 0 
  -9 5 
  -9 9 
  -9 12 
  -9 13 
  -8 -11 
  -8 -8 
  -8 6 
  -8 17 
  -7 -20 
  -7 -10 
  -7 -8 
  -7 -1 
  -7 10 
  -7 19 
  -6 -20 
  -6 -17 
  -6 -2 
  -5 -16 
  -5 -14 
  -5 -7 
  -5 7 
  -5 16 
  -5 17 
  -4 -19 
  -4 -16 
  -4 -11 
  -3 -3 
  -3 12 
  -3 18 
  -2 -1 
  -2 9 
  -2 16 
  -2 18 
  -1 -20 
  -1 -18 
  -1 19 
  0 -17 
  0 -16 
  0 10 
  0 11 
  1 -22 
  1 -13 
  1 2 
  1 9 
  1 16 
  2 -21 
  2 -16 
  2 -10 
  2 -1 
  2 15 
  2 16 
  3 -21 
  3 -13 
  3 -3 
  3 6 
  3 8 
  3 9 
  4 -9 
  4 16 
  5 -21 
  5 -19 
  5 -7 
  5 -3 
  5 13 
  6 -10 
  6 5 
  6 11 
  6 18 
  7 -21 
  7 -14 
  7 -8 
  7 -5 
  7 0 
  8 7 
  8 16 
  9 -18 
  9 -15 
  9 -11 
  9 -7 
  9 -5 
  9 7 
  9 9 
  9 17 
  10 -18 
  10 -16 
  10 -14 
  10 -8 
  10 7 
  10 15 
  11 -15 
  11 -9 
  11 -8 
  11 -5 
  11 9 
  11 11 
  12 -13 
  12 -1 
  12 15 
  13 14 
  14 1 
  14 6 
  15 -11 
  15 1 
  15 6 
  15 9 
  17 -5 
  17 -3 
  17 8 
  18 -1 
  19 1 
  -17 -8 
  -16 -10 
  -15 -11 
  -15 -9 
  -15 -3 
  -15 -2 
  -15 -1 
  -15 7 
  -14 -10 
  -14 -8 
  -14 1 
  -14 11 
  -13 -14 
  -13 1 
  -13 2 
  -13 7 
  -13 8 
  -13 11 
  -11 -16 
  -11 -12 
  -11 -10 
  -11 1 
  -11 14 
  -11 15 
  -11 16 
  -10 -12 
  -10 -5 
  -10 -4 
  -9 -13 
  -9 -11 
  -9 2 
  -9 8 
  -9 16 
  -8 -4 
  -8 12 
  -7 -21 
  -7 -18 
  -7 -16 
  -7 -3 
  -7 2 
  -7 5 
  -7 7 
  -7 17 
  -6 -11 
  -6 -10 
  -6 -5 
  -6 -1 
  -6 3 
  -6 12 
  -6 13 
  -6 16 
  -6 17 
  -6 18 
  -5 -17 
  -5 -2 
  -5 3 
  -5 8 
  -5 11 
  -5 13 
  -4 -7 
  -4 2 
  -4 7 
  -4 8 
  -4 13 
  -3 -21 
  -3 -20 
  -3 -13 
  -3 -5 
  -3 0 
  -3 3 
  -3 14 
  -3 16 
  -2 -18 
  -2 -15 
  -2 -14 
  -2 2 
  -2 5 
  -2 13 
  -2 14 
  -1 -19 
  -1 -16 
  -1 -2 
  -1 0 
  -1 1 
  -1 4 
  -1 9 
  -1 21 
  0 -14 
  0 -9 
  0 7 
  0 13 
  1 -17 
  1 -14 
  1 6 
  2 -17 
  2 -8 
  3 -17 
  3 -16 
  3 19 
  3 21 
  4 -16 
  4 -12 
  4 -10 
  4 2 
  4 20 
  5 -18 
  5 -15 
  5 -13 
  5 0 
  5 1 
  5 14 
  5 19 
  6 -21 
  6 -15 
  6 -3 
  6 0 
  6 1 
  6 4 
  6 6 
  7 -16 
  7 -13 
  7 -9 
  7 1 
  7 14 
  8 -17 
  8 -14 
  8 -11 
  8 -7 
  8 3 
  8 9 
  9 -8 
  9 11 
  10 -10 
  10 -6 
  10 -5 
  10 13 
  10 16 
  10 18 
  11 -19 
  11 -11 
  11 -1 
  11 8 
  11 13 
  11 14 
  11 15 
  11 17 
  12 -17 
  12 3 
  12 10 
  12 11 
  13 4 
  13 5 
  13 12 
  14 -12 
  14 -8 
  14 4 
  14 10 
  14 13 
  15 -13 
  15 -12 
  15 -5 
  15 5 
  15 7 
  15 12 
  16 -3 
  16 -1 
  16 6 
  16 7 
  16 9 
  16 10 
  17 3 
  18 -2 
  19 0 
  -18 1 
  -17 -5 
  -17 4 
  -16 -8 
  -16 2 
  -15 1 
  -14 -13 
  -14 0 
  -14 8 
  -13 -16 
  -13 0 
  -13 10 
  -13 12 
  -13 14 
  -12 -9 
  -12 1 
  -12 4 
  -11 -14 
  -11 -7 
  -11 -2 
  -11 0 
  -11 6 
  -10 -9 
  -10 0 
  -10 2 
  -10 13 
  -9 -16 
  -9 -10 
  -9 -8 
  -9 -6 
  -9 3 
  -9 11 
  -8 -18 
  -8 4 
  -8 14 
  -8 15 
  -7 -19 
  -7 -15 
  -7 -13 
  -7 -7 
  -7 -4 
  -7 0 
  -7 6 
  -7 11 
  -7 18 
  -6 -3 
  -6 7 
  -6 15 
  -5 -11 
  -5 -5 
  -5 20 
  -4 -17 
  -4 -15 
  -4 -12 
  -4 -9 
  -3 -15 
  -3 -7 
  -3 2 
  -3 15 
  -2 -19 
  -2 -16 
  -2 -13 
  -2 -10 
  -2 -3 
  -2 0 
  -1 -9 
  -1 6 
  -1 10 
  0 -20 
  0 -19 
  0 -7 
  0 -6 
  0 -4 
  0 5 
  1 -21 
  1 -19 
  1 -16 
  1 -8 
  1 -5 
  1 -2 
  1 0 
  1 10 
  2 -22 
  2 3 
  2 11 
  2 12 
  2 13 
  2 14 
  3 -18 
  3 -9 
  3 -1 
  3 10 
  3 14 
  3 16 
  4 -18 
  4 -17 
  4 -14 
  4 3 
  4 13 
  4 14 
  5 -11 
  5 3 
  5 7 
  5 8 
  5 20 
  6 -18 
  6 -17 
  6 -16 
  6 -6 
  6 -4 
  6 2 
  6 17 
  7 -18 
  7 -4 
  7 -3 
  7 2 
  7 6 
  7 15 
  8 -20 
  8 -5 
  8 18 
  9 -16 
  9 -13 
  9 -9 
  9 -6 
  9 2 
  9 4 
  9 8 
  9 10 
  10 -17 
  10 -11 
  10 -4 
  11 -13 
  11 -2 
  11 2 
  11 6 
  11 12 
  11 16 
  12 -16 
  12 -15 
  12 -11 
  12 2 
  12 5 
  12 7 
  12 13 
  13 -8 
  13 -7 
  14 -9 
  14 -1 
  14 3 
  15 -9 
  15 -2 
  15 11 
  16 -10 
  16 -7 
  16 0 
  16 5 
  17 -11 
  17 0 
  17 5 
  18 -6 
  18 2 
  -16 -7 
  -16 4 
  -15 -13 
  -15 4 
  -15 8 
  -15 11 
  -14 -2 
  -14 2 
  -13 -15 
  -13 -9 
  -13 -8 
  -13 -5 
  -13 -1 
  -13 3 
  -12 -15 
  -12 -14 
  -12 -13 
  -12 -2 
  -12 5 
  -11 10 
  -10 -17 
  -9 -7 
  -9 7 
  -9 10 
  -9 17 
  -8 -15 
  -8 -13 
  -8 -9 
  -8 -2 
  -8 7 
  -8 10 
  -7 -14 
  -7 -12 
  -7 -5 
  -7 16 
  -6 -18 
  -6 -15 
  -6 -14 
  -6 -4 
  -6 0 
  -6 4 
  -6 5 
  -5 -9 
  -5 -8 
  -5 -3 
  -5 -1 
  -5 2 
  -4 -6 
  -4 -2 
  -4 1 
  -4 4 
  -4 15 
  -4 16 
  -4 18 
  -3 -22 
  -3 -16 
  -3 -10 
  -3 1 
  -3 4 
  -3 8 
  -2 -17 
  -2 -7 
  -2 -6 
  -2 7 
  -2 21 
  -1 -13 
  -1 -12 
  -1 -11 
  -1 -10 
  -1 -1 
  -1 12 
  -1 13 
  -1 16 
  0 -21 
  0 -1 
  0 0 
  0 4 
  0 15 
  0 21 
  1 -10 
  1 8 
  2 -18 
  2 -13 
  2 -9 
  2 -7 
  2 -5 
  2 -3 
  2 5 
  2 6 
  2 7 
  2 17 
  3 -15 
  3 -10 
  3 -7 
  3 -4 
  3 0 
  3 2 
  3 5 
  3 7 
  3 11 
  3 20 
  4 -22 
  4 -15 
  4 -11 
  4 0 
  4 1 
  4 4 
  4 7 
  4 17 
  4 18 
  4 19 
  5 -22 
  5 -20 
  5 -10 
  6 -20 
  6 -14 
  6 -12 
  6 -7 
  6 -2 
  6 -1 
  6 15 
  7 7 
  7 9 
  7 10 
  7 11 
  7 13 
  8 -9 
  8 -3 
  8 1 
  8 6 
  8 10 
  8 12 
  8 17 
  9 -14 
  10 -15 
  10 -9 
  10 -2 
  10 1 
  10 6 
  10 10 
  10 12 
  11 -16 
  11 -10 
  11 4 
  11 5 
  12 -8 
  12 -6 
  12 -3 
  13 -16 
  13 -15 
  13 -12 
  13 -5 
  13 -1 
  14 -15 
  14 -14 
  14 -7 
  14 -6 
  14 -5 
  14 -2 
  14 0 
  14 5 
  14 7 
  15 -10 
  15 -7 
  15 -1 
  16 1 
  17 -10 
  17 -6 
  17 -2 
  17 4 
  18 -7 
  18 -5 
  18 -4 
  18 3 
  19 -4 
  19 -3 
  -18 -2 
  -17 -3 
  -17 -1 
  -17 1 
  -17 2 
  -17 3 
  -17 6 
  -16 -11 
  -16 -6 
  -16 -4 
  -16 0 
  -16 3 
  -16 9 
  -15 -6 
  -15 10 
  -14 -6 
  -14 -1 
  -14 7 
  -14 9 
  -13 -4 
  -13 -3 
  -13 -2 
  -13 13 
  -12 -10 
  -12 -3 
  -12 -1 
  -12 10 
  -12 14 
  -11 -18 
  -11 -11 
  -11 -9 
  -11 2 
  -11 3 
  -10 -11 
  -10 -10 
  -10 6 
  -10 7 
  -10 10 
  -10 11 
  -9 -9 
  -9 -1 
  -9 4 
  -8 -19 
  -8 -16 
  -8 -10 
  -8 -7 
  -8 -1 
  -8 9 
  -8 16 
  -8 18 
  -7 -6 
  -7 -2 
  -7 9 
  -6 -6 
  -6 11 
  -5 -21 
  -5 -13 
  -5 -10 
  -5 0 
  -5 14 
  -4 -22 
  -4 -21 
  -4 -18 
  -4 -3 
  -4 5 
  -4 10 
  -4 17 
  -4 20 
  -3 -4 
  -3 -2 
  -3 -1 
  -3 5 
  -3 17 
  -2 -22 
  -2 -11 
  -2 -9 
  -2 -4 
  -2 1 
  -2 3 
  -2 6 
  -2 12 
  -1 2 
  -1 3 
  -1 11 
  0 8 
  0 12 
  0 16 
  0 17 
  0 20 
  1 -20 
  1 -15 
  1 -7 
  1 7 
  1 11 
  1 15 
  1 18 
  1 20 
  2 -15 
  2 0 
  2 8 
  2 18 
  2 20 
  3 -22 
  3 -20 
  3 -14 
  3 -12 
  3 -6 
  3 -5 
  3 3 
  3 4 
  3 12 
  4 -4 
  4 -3 
  4 11 
  5 -8 
  5 -6 
  5 -4 
  5 -2 
  5 2 
  5 18 
  6 -19 
  6 12 
  6 20 
  7 -20 
  7 -17 
  7 -15 
  7 -10 
  7 -6 
  7 -2 
  7 3 
  8 4 
  9 1 
  9 16 
  10 -12 
  11 -7 
  11 10 
  12 -9 
  12 -2 
  12 4 
  12 9 
  13 -10 
  13 -3 
  13 1 
  13 2 
  13 7 
  13 9 
  13 11 
  13 13 
  14 -13 
  15 0 
  15 3 
  15 4 
  16 -13 
  16 -8 
  16 3 
  17 6 
  18 -3 
  -16 -5 
  -16 -1 
  -16 5 
  -15 -12 
  -15 -5 
  -15 -4 
  -15 5 
  -15 9 
  -14 -12 
  -14 -3 
  -14 4 
  -13 -12 
  -13 -10 
  -13 6 
  -12 -12 
  -12 -11 
  -12 7 
  -12 8 
  -12 9 
  -12 11 
  -12 15 
  -11 -17 
  -11 -15 
  -11 -13 
  -11 -6 
  -11 -5 
  -11 -4 
  -11 7 
  -11 11 
  -10 3 
  -9 -17 
  -9 -5 
  -9 1 
  -9 15 
  -8 0 
  -8 1 
  -8 11 
  -7 -17 
  -7 -9 
  -7 1 
  -7 12 
  -7 14 
  -6 -19 
  -6 -16 
  -6 -9 
  -6 -7 
  -6 9 
  -6 10 
  -6 19 
  -5 -22 
  -5 -12 
  -5 9 
  -5 12 
  -5 18 
  -4 -10 
  -4 -4 
  -4 6 
  -4 9 
  -4 11 
  -3 -14 
  -3 -11 
  -3 -9 
  -3 9 
  -3 13 
  -2 4 
  -2 8 
  -1 -21 
  -1 -17 
  -1 -15 
  -1 -6 
  -1 7 
  -1 20 
  0 -12 
  0 -11 
  0 -8 
  0 3 
  0 18 
  1 -11 
  1 -3 
  1 4 
  1 5 
  1 12 
  2 -19 
  2 -12 
  2 -11 
  2 -4 
  2 2 
  2 21 
  3 -2 
  3 13 
  3 17 
  4 -21 
  4 -20 
  4 -7 
  4 -1 
  4 8 
  4 9 
  4 12 
  4 15 
  5 -17 
  5 -16 
  5 -9 
  5 5 
  5 11 
  5 15 
  5 16 
  5 17 
  6 3 
  6 9 
  6 14 
  6 16 
  7 4 
  7 5 
  7 12 
  7 16 
  7 18 
  8 -19 
  8 -15 
  8 -13 
  8 -2 
  8 0 
  8 2 
  8 5 
  8 11 
  8 15 
  9 -20 
  9 -19 
  9 -17 
  9 -10 
  9 -2 
  9 12 
  9 13 
  9 18 
  10 -19 
  10 -13 
  10 -7 
  10 -3 
  10 -1 
  10 2 
  10 5 
  10 9 
  10 11 
  10 17 
  11 -14 
  11 -12 
  11 -3 
  11 1 
  12 1 
  12 8 
  12 14 
  13 -4 
  13 -2 
  13 0 
  13 8 
  14 -16 
  14 -11 
  14 -3 
  14 8 
  15 -8 
  15 -4 
  15 2 
  16 -4 
  16 2 
  16 11 
  17 1 
  17 7 
  18 -8 
  18 0 
  19 -2 
  19 -1 ;
AreaPerTest 1.4232500490e+10;
DefectRecordSpec 12 DEFECTID XREL YREL XINDEX YINDEX XSIZE YSIZE DEFECTAREA DSIZE CLASSNUMBER TEST IMAGECOUNT ;
DefectList
 1 1101.799 4086.132 -2 21 8.976 9.372 9.926000 3.150 0 2 0
 2 1102.385 3999.639 -2 21 3.902 3.514 0.196000 0.442 0 2 0
 3 1103.555 3984.600 -2 21 1.561 6.248 0.827000 0.909 0 2 0
 4 1098.677 3948.678 -2 21 8.976 5.467 9.631000 3.103 0 2 0
 5 1100.238 3936.764 -2 21 12.098 5.076 6.677000 2.583 0 2 0
 6 1099.458 3924.468 -2 21 10.537 11.715 3.689000 1.920 0 2 0
 7 1100.238 3902.593 -2 21 10.537 14.058 1.815000 1.347 0 2 0
 8 1100.629 3892.639 -2 21 2.731 1.171 0.443000 0.665 0 2 0
 9 1101.604 3885.218 -2 21 7.024 8.981 0.532000 0.729 0 2 0
 10 1100.043 3874.093 -2 21 3.122 1.562 0.422000 0.649 0 2 0
 11 1099.263 3802.819 -2 21 10.146 6.638 4.062000 2.015 0 2 0
 12 1099.847 3792.475 -2 21 11.317 1.562 3.161000 1.562 0 2 0
 13 1098.677 3781.733 -2 21 8.976 14.448 26.784000 5.175 0 2 0
 14 1094.970 3965.858 -2 21 1.561 10.153 0.465000 0.681 0 2 0
 15 1099.458 3900.452 -2 21 2.731 3.514 0.486000 0.697 0 2 0
 16 1099.067 3837.968 -2 21 3.512 1.952 0.443000 0.665 0 2 0
 17 4722.990 3994.366 3 21 308.702 315.530 5843.219968 76.440 0 2 0
 18 2252.013 2632.194 -1 21 0.390 0.390 0.181000 0.390 0 2 0
 19 2805.220 2617.749 -1 21 0.780 0.390 0.097000 0.311 0 2 0
 20 2807.562 2584.163 -1 21 0.780 0.390 0.097000 0.311 0 2 0
 21 2903.177 2629.460 -1 21 0.780 0.390 0.097000 0.311 0 2 0
 22 2895.372 2622.819 -1 21 0.780 0.390 0.097000 0.311 0 2 0
 23 2976.548 2535.155 -1 21 0.780 0.390 0.108000 0.327 0 2 0
 24 3225.149 2602.514 -1 21 0.780 0.390 0.087000 0.294 0 2 0
 25 3327.400 2604.858 -1 21 0.780 0.390 0.068000 0.260 0 2 0
 26 2866.537 4006.261 8 17 1.561 0.390 0.168000 0.390 0 2 0
 27 2871.221 4002.941 8 17 0.780 0.781 0.168000 0.409 0 2 0
 28 2875.904 3999.425 8 17 1.561 1.562 0.307000 0.554 0 2 0
 29 2823.217 3957.058 8 17 0.390 0.390 0.097000 0.311 0 2 0
 30 2837.658 3949.831 8 17 0.390 0.781 0.119000 0.344 0 2 0
 31 2850.147 3943.972 8 17 0.780 0.781 0.181000 0.425 0 2 0
 32 2794.338 3975.019 8 17 1.561 1.171 0.240000 0.490 0 2 0
 33 2802.533 3969.355 8 17 0.390 0.390 0.044000 0.208 0 2 0
 34 1082.724 2340.277 -3 17 0.390 0.390 0.210000 0.390 0 2 0
 35 1082.724 2333.831 -3 17 0.390 0.781 0.240000 0.390 0 2 0
 36 1075.113 2323.089 -3 17 7.415 14.448 5.964000 2.442 0 2 0
 37 1097.164 2355.503 -3 17 0.780 5.076 0.422000 0.649 0 2 0
 38 1111.994 2283.066 -3 17 1.561 0.390 0.290000 0.390 0 2 0
 39 1144.386 2381.472 -3 17 0.390 0.390 0.256000 0.390 0 2 0
 40 1153.753 2379.519 -3 17 0.780 0.390 0.307000 0.390 0 2 0
 41 1143.410 2377.956 -3 17 0.390 0.390 0.325000 0.390 0 2 0
 42 1140.484 2377.175 -3 17 0.390 0.390 0.256000 0.390 0 2 0
 43 1187.121 2295.753 -3 17 2.731 1.952 0.509000 0.713 0 2 0
 44 1180.095 2291.464 -3 17 1.951 1.171 0.532000 0.729 0 2 0
 45 1206.634 2311.964 -3 17 5.073 3.124 1.947000 1.395 0 2 0
 46 1591.244 2459.183 -3 17 0.780 2.343 0.097000 0.311 0 2 0
 47 1582.658 2448.839 -3 17 2.341 5.076 0.210000 0.458 0 2 0
 48 1572.316 2433.605 -3 17 1.170 5.076 0.119000 0.344 0 2 0
 49 1564.316 2411.152 -3 17 0.390 0.390 0.181000 0.390 0 2 0
 50 1572.707 2398.066 -3 17 0.390 1.952 0.097000 0.311 0 2 0
 51 1583.439 2391.628 -3 17 0.390 0.390 0.225000 0.390 0 2 0
 52 1624.222 2475.972 -3 17 0.390 0.390 0.155000 0.390 0 2 0
 53 1618.564 2474.222 -3 17 0.390 0.390 0.225000 0.390 0 2 0
 54 1600.611 2466.409 -3 17 0.780 2.733 0.087000 0.294 0 2 0
 55 1596.513 2383.034 -3 17 1.170 0.390 0.195000 0.390 0 2 0
 56 1604.513 2382.644 -3 17 2.341 0.781 0.290000 0.538 0 2 0
 57 1617.587 2379.519 -3 17 5.854 2.343 0.382000 0.618 0 2 0
 58 1648.810 2479.292 -3 17 3.512 1.171 0.210000 0.458 0 2 0
 59 1658.175 2479.488 -3 17 1.951 0.781 0.181000 0.425 0 2 0
 60 1644.127 2478.902 -3 17 0.390 0.390 0.155000 0.390 0 2 0
 61 1668.908 2390.456 -3 17 1.561 0.781 0.486000 0.697 0 2 0
 62 1643.541 2381.472 -3 17 1.561 0.781 0.422000 0.649 0 2 0
 63 1673.591 2471.488 -3 17 0.390 0.390 0.155000 0.390 0 2 0
 64 1679.836 2466.214 -3 17 0.390 0.781 0.195000 0.390 0 2 0
 65 1678.080 2461.331 -3 17 0.390 1.171 0.290000 0.390 0 2 0
 66 1681.591 2454.105 -3 17 1.170 1.562 0.509000 0.713 0 2 0
 67 1684.714 2450.198 -3 17 0.390 0.390 0.168000 0.390 0 2 0
 68 1686.080 2445.323 -3 17 0.390 0.390 0.195000 0.390 0 2 0
 69 1687.252 2439.855 -3 17 0.780 2.733 0.656000 0.780 0 2 0
 70 1687.836 2434.777 -3 17 0.390 2.733 0.509000 0.390 0 2 0
 71 1688.617 2428.527 -3 17 0.390 1.952 0.465000 0.390 0 2 0
 72 1690.177 2423.066 -3 17 0.390 0.390 0.195000 0.390 0 2 0
 73 1688.226 2406.659 -3 17 2.731 5.076 1.565000 1.250 0 2 0
 74 1682.763 2399.628 -3 17 3.512 3.514 0.240000 0.490 0 2 0
 75 1972.148 2540.214 -3 17 1.561 2.733 0.051000 0.226 0 2 0
 76 2016.834 2564.816 -3 17 0.390 0.390 0.036000 0.190 0 2 0
 77 1992.050 2554.855 -3 17 0.390 0.390 0.036000 0.190 0 2 0
 78 2045.517 2566.964 -3 17 0.390 0.390 0.036000 0.190 0 2 0
 79 2051.956 2564.034 -3 17 2.731 1.952 0.036000 0.190 0 2 0
 80 4377.463 471.050 8 17 1.951 1.952 0.443000 0.665 0 2 0
 81 4388.588 469.683 8 17 2.341 2.343 0.532000 0.729 0 2 0
 82 4325.947 532.948 8 17 3.512 3.124 0.443000 0.665 0 2 0
 83 4169.256 608.316 8 17 0.390 0.390 0.068000 0.260 0 2 0
 84 4150.326 608.316 8 17 0.390 0.390 0.087000 0.294 0 2 0
 85 4170.818 600.503 8 17 0.390 0.390 0.044000 0.208 0 2 0
 86 4167.303 600.503 8 17 0.390 0.390 0.044000 0.208 0 2 0
 87 4159.889 600.503 8 17 0.390 0.390 0.044000 0.208 0 2 0
 88 4134.912 606.753 8 17 0.390 0.390 0.168000 0.390 0 2 0
 89 4141.158 600.503 8 17 0.390 0.390 0.044000 0.208 0 2 0
 90 2747.086 3503.903 7 16 0.390 0.390 0.044000 0.208 0 2 0
 91 75.950 3421.544 -7 15 0.780 1.171 0.290000 0.538 0 2 0
 92 4361.981 1926.044 0 15 0.390 0.390 0.130000 0.360 0 2 0
 93 4347.737 1919.021 0 15 1.561 0.781 0.256000 0.506 0 2 0
 94 4340.516 1910.232 0 15 0.390 0.390 0.087000 0.294 0 2 0
 95 4332.321 1879.185 0 15 7.415 4.686 1.947000 1.395 0 2 0
 96 4388.324 1933.076 0 15 0.390 0.390 0.087000 0.294 0 2 0
 97 4382.080 1932.099 0 15 1.561 0.390 0.181000 0.390 0 2 0
 98 4368.811 1924.091 0 15 0.390 0.390 0.119000 0.344 0 2 0
 99 4482.770 1913.162 0 15 0.390 0.390 0.068000 0.260 0 2 0
 100 4494.087 1892.857 0 15 1.561 11.715 0.181000 0.425 0 2 0
 101 4738.786 1905.349 0 15 0.390 0.390 0.119000 0.344 0 2 0
 102 4814.889 1936.591 0 15 3.122 0.390 0.119000 0.344 0 2 0
 103 364.464 1886.021 1 15 1.951 1.171 0.256000 0.506 0 2 0
 104 369.733 1885.826 1 15 1.561 1.562 0.273000 0.522 0 2 0
 105 369.537 1877.818 1 15 0.390 1.171 0.155000 0.390 0 2 0
 106 374.806 1877.818 1 15 0.780 1.171 0.210000 0.458 0 2 0
 107 735.220 1889.927 1 15 1.951 0.390 0.486000 0.390 0 2 0
 108 761.172 1886.998 1 15 6.244 1.562 0.509000 0.713 0 2 0
 109 736.000 1886.607 1 15 2.731 0.781 0.486000 0.697 0 2 0
 110 746.928 1886.021 1 15 0.390 0.390 0.195000 0.390 0 2 0
 111 762.148 1883.091 1 15 4.292 1.562 0.486000 0.697 0 2 0
 112 2068.146 2120.342 -3 14 0.390 0.390 0.036000 0.190 0 2 0
 113 2164.154 2153.729 -3 14 0.390 0.390 0.036000 0.190 0 2 0
 114 3073.762 850.838 11 14 0.390 0.390 0.051000 0.226 0 2 0
 115 1462.341 712.987 11 14 0.390 0.390 0.119000 0.344 0 2 0
 116 1569.894 3997.886 12 13 0.390 0.390 0.142000 0.377 0 2 0
 117 1609.702 3997.691 12 13 0.390 0.390 0.119000 0.344 0 2 0
 118 1916.081 2206.821 -13 12 0.390 0.390 0.108000 0.327 0 2 0
 119 2837.009 726.852 4 12 2.341 0.390 0.532000 0.390 0 2 0
 120 2837.009 722.946 4 12 2.341 0.390 0.532000 0.390 0 2 0
 121 2868.818 720.407 4 12 0.390 0.390 0.465000 0.390 0 2 0
 122 2853.597 719.235 4 12 1.951 0.781 0.382000 0.618 0 2 0
 123 2894.964 635.278 4 12 0.390 0.390 0.240000 0.390 0 2 0
 124 2916.429 621.024 4 12 2.731 1.952 0.486000 0.697 0 2 0
 125 2940.431 719.040 4 12 0.780 0.390 0.256000 0.390 0 2 0
 126 2923.064 616.532 4 12 0.390 0.390 0.195000 0.390 0 2 0
 127 2931.454 611.262 4 12 0.390 0.390 0.181000 0.390 0 2 0
 128 2929.503 605.208 4 12 0.390 0.390 0.181000 0.390 0 2 0
 129 2963.456 593.298 4 12 0.390 0.390 0.168000 0.390 0 2 0
 130 2963.261 587.048 4 12 0.390 0.390 0.240000 0.390 0 2 0
 131 2991.165 574.747 4 12 0.780 0.390 0.195000 0.390 0 2 0
 132 3029.802 567.524 4 12 0.390 0.390 0.181000 0.390 0 2 0
 133 3026.681 562.641 4 12 0.390 0.390 0.290000 0.390 0 2 0
 134 3041.120 725.095 4 12 0.390 0.390 0.155000 0.390 0 2 0
 135 3053.218 723.727 4 12 0.390 0.390 0.059000 0.243 0 2 0
 136 3067.269 719.821 4 12 7.805 1.952 0.486000 0.697 0 2 0
 137 3042.292 563.618 4 12 0.390 0.390 0.273000 0.390 0 2 0
 138 3189.423 520.470 4 12 0.390 0.390 0.225000 0.390 0 2 0
 139 3216.741 515.196 4 12 0.390 0.390 0.240000 0.390 0 2 0
 140 3241.913 510.313 4 12 1.170 0.390 0.210000 0.390 0 2 0
 141 3271.380 621.610 4 12 0.390 0.390 0.181000 0.390 0 2 0
 142 3302.601 595.055 4 12 0.780 1.562 0.225000 0.474 0 2 0
 143 3272.355 510.704 4 12 3.512 0.781 1.446000 0.781 0 2 0
 144 3278.015 509.532 4 12 1.561 1.562 0.532000 0.729 0 2 0
 145 3321.724 588.024 4 12 0.390 0.781 0.195000 0.390 0 2 0
 146 3328.163 578.653 4 12 1.170 0.781 0.240000 0.490 0 2 0
 147 3339.482 571.821 4 12 3.512 1.171 0.273000 0.522 0 2 0
 148 3315.480 504.262 4 12 6.244 1.952 1.688000 1.299 0 2 0
 149 3323.480 503.286 4 12 1.951 0.390 0.181000 0.390 0 2 0
 150 3332.847 501.528 4 12 2.731 2.733 0.256000 0.506 0 2 0
 151 3372.849 549.950 4 12 0.780 0.390 0.465000 0.390 0 2 0
 152 3377.532 549.559 4 12 0.780 0.390 0.363000 0.390 0 2 0
 153 3612.085 673.938 4 12 0.390 0.390 0.036000 0.190 0 2 0
 154 4301.854 3885.451 3 11 0.390 0.390 0.240000 0.390 0 2 0
 155 4300.489 3874.713 3 11 3.122 3.124 0.256000 0.506 0 2 0
 156 4170.804 3412.835 14 10 0.390 0.390 0.036000 0.190 0 2 0
 157 2672.161 1059.117 13 9 0.390 0.390 0.044000 0.208 0 2 0
 158 1567.425 395.646 4 8 0.390 0.390 0.036000 0.190 0 2 0
 159 3021.413 840.700 -5 7 0.390 0.390 0.087000 0.294 0 2 0
 160 2736.970 858.710 2 6 0.390 0.390 0.036000 0.190 0 2 0
 161 331.777 3803.735 -3 5 0.390 0.390 0.051000 0.226 0 2 0
 162 805.196 3437.016 -14 3 0.390 0.390 0.036000 0.190 0 2 0
 163 2046.170 3569.758 -2 2 0.390 0.390 0.155000 0.390 0 2 0
 164 3657.953 1027.456 3 2 0.390 0.390 0.036000 0.190 0 2 0
 165 2223.312 834.154 5 2 0.390 0.390 0.059000 0.243 0 2 0
 166 1083.269 757.225 16 2 0.390 0.390 0.036000 0.190 0 2 0
 167 1778.006 3418.296 2 1 4.683 0.390 0.087000 0.294 0 2 0
 168 3226.939 2051.243 15 1 1.170 1.562 0.077000 0.277 0 2 0
 169 3031.287 3964.687 6 0 0.390 0.390 0.097000 0.311 0 2 0
 170 2641.159 1088.750 -13 0 0.390 0.390 0.059000 0.243 0 2 0
 171 2904.071 835.763 9 -5 0.390 0.390 0.051000 0.226 0 2 0
 172 2737.739 829.891 -7 -7 0.390 0.390 0.036000 0.190 0 2 0
 173 2741.539 853.695 6 -9 0.390 0.390 0.036000 0.190 0 2 0
 174 4349.621 3952.658 7 -10 0.390 0.390 0.036000 0.190 0 2 0
 175 1401.984 3524.661 -2 -10 0.390 0.390 0.036000 0.190 0 2 0
 176 1888.897 374.310 17 -10 0.390 0.390 0.059000 0.243 0 2 0
 177 2991.462 827.565 -14 -11 0.390 0.390 0.030000 0.172 0 2 0
 178 903.112 571.531 12 -12 0.390 0.390 0.030000 0.172 0 2 0
 179 2507.868 857.102 -7 -13 0.390 0.390 0.036000 0.190 0 2 0
 180 2343.093 3821.464 2 -15 0.390 0.390 0.036000 0.190 0 2 0
 181 597.536 453.984 13 -16 0.390 0.390 0.044000 0.208 0 2 0
 182 466.993 944.269 13 -16 1.170 1.171 0.142000 0.377 0 2 0
 183 3804.789 2458.783 9 -18 0.390 0.390 0.036000 0.190 0 2 0
 184 3791.325 2405.869 9 -18 1.561 3.124 0.059000 0.243 0 2 0
 185 3853.770 2487.682 9 -18 0.780 1.171 0.077000 0.277 0 2 0
 186 3834.254 2477.729 9 -18 0.780 2.343 0.068000 0.260 0 2 0
 187 3885.184 2507.791 9 -18 0.390 2.343 0.044000 0.208 0 2 0
 188 3892.602 2433.987 9 -18 0.390 1.562 0.044000 0.208 0 2 0
 189 3868.989 2431.252 9 -18 0.780 2.343 0.059000 0.243 0 2 0
 190 3858.258 2426.572 9 -18 1.170 3.124 0.119000 0.344 0 2 0
 191 3907.039 2440.432 9 -18 0.390 0.390 0.044000 0.208 0 2 0
 192 3960.508 2543.135 9 -18 4.292 1.171 0.532000 0.729 0 2 0
 193 3960.703 2539.033 9 -18 2.341 0.781 0.486000 0.697 0 2 0
 194 3960.117 2462.885 9 -18 4.292 3.124 0.486000 0.697 0 2 0
 195 3961.875 2454.104 9 -18 3.902 1.952 0.486000 0.697 0 2 0
 196 4004.414 2553.096 9 -18 0.390 0.390 0.036000 0.190 0 2 0
 197 3975.336 2547.041 9 -18 1.170 0.390 0.325000 0.390 0 2 0
 198 3974.946 2541.963 9 -18 1.951 0.390 0.509000 0.390 0 2 0
 199 4004.610 2491.393 9 -18 0.390 0.781 0.068000 0.260 0 2 0
 200 4004.414 2479.291 9 -18 0.390 0.390 0.130000 0.360 0 2 0
 201 3998.950 2474.604 9 -18 0.390 0.390 0.422000 0.390 0 2 0
 202 4044.610 2518.338 9 -18 0.390 0.390 0.051000 0.226 0 2 0
 203 4041.879 2512.674 9 -18 5.463 5.076 0.225000 0.474 0 2 0
 204 4029.196 2512.088 9 -18 0.390 0.390 0.059000 0.243 0 2 0
 205 4035.242 2505.846 9 -18 0.780 0.781 0.273000 0.522 0 2 0
 206 4029.391 2501.158 9 -18 0.390 0.781 0.130000 0.360 0 2 0
 207 3793.939 755.010 1 -18 0.390 0.390 0.036000 0.190 0 2 0
 208 4425.705 2064.824 8 -20 9.756 5.076 0.344000 0.586 0 2 0
 209 4415.947 2060.137 8 -20 0.390 0.390 0.108000 0.327 0 2 0
 210 4419.072 2058.379 8 -20 1.170 0.781 0.087000 0.294 0 2 0
 211 4424.147 2024.411 8 -20 0.390 0.390 0.068000 0.260 0 2 0
 212 4412.631 2021.481 8 -20 2.341 0.390 0.087000 0.294 0 2 0
 213 4468.244 2085.520 8 -20 0.390 0.390 0.119000 0.344 0 2 0
 214 4474.100 2037.684 8 -20 1.170 0.781 0.225000 0.474 0 2 0
 215 4474.100 2031.247 8 -20 0.390 0.390 0.195000 0.390 0 2 0
 216 4517.615 2050.770 8 -20 0.390 0.390 0.077000 0.277 0 2 0
 217 4481.514 2037.879 8 -20 4.292 0.390 0.210000 0.390 0 2 0
 218 4490.490 2037.879 8 -20 1.951 0.390 0.181000 0.390 0 2 0
 219 4497.904 2037.684 8 -20 0.390 0.781 0.108000 0.327 0 2 0
 220 4522.690 2052.723 8 -20 0.780 0.390 0.097000 0.311 0 2 0
 221 4528.736 2047.840 8 -20 2.731 1.562 0.290000 0.538 0 2 0
 222 4520.150 2044.520 8 -20 0.390 0.390 0.068000 0.260 0 2 0
 223 3010.321 892.827 -2 -22 0.390 0.390 0.044000 0.208 0 2 0;
DieOrigin 0.0000000000e+00 0.0000000000e+00;
WaferID "@02";
Slot 2;
SampleCenterLocation 5.1542800000e+03 -2.0095600000e+03;
OrientationInstructions "";
InspectionTest 2;
AreaPerTest 1.4232500490e+10;
DefectRecordSpec 12 DEFECTID XREL YREL XINDEX YINDEX XSIZE YSIZE DEFECTAREA DSIZE CLASSNUMBER TEST IMAGECOUNT ;
DefectList
 1 4870.503 3771.327 3 21 1.170 0.390 0.509000 0.390 0 2 0
 2 4869.918 3750.241 3 21 14.830 12.886 4.454000 2.110 0 2 0
 3 4866.405 3721.733 3 21 21.855 38.660 61.699000 7.854 0 2 0
 4 4846.502 3729.350 3 21 0.780 0.781 0.104000 0.323 0 2 0
 5 4849.429 3714.710 3 21 1.170 0.390 0.065000 0.255 0 2 0
 6 4851.575 3710.608 3 21 1.561 2.343 0.486000 0.697 0 2 0
 7 4846.892 3638.952 3 21 14.049 6.638 14.880000 3.857 0 2 0
 8 4826.793 3612.593 3 21 101.079 35.926 1450.286976 35.926 0 2 0
 9 4866.796 3580.374 3 21 20.293 1.171 3.161000 1.171 0 2 0
 10 4856.454 3566.311 3 21 41.758 1.952 27.766000 1.952 0 2 0
 11 4857.624 3560.850 3 21 39.417 1.171 18.735000 1.171 0 2 0
 12 4857.624 3555.968 3 21 39.417 0.781 17.929000 0.781 0 2 0
 13 4856.844 3551.280 3 21 40.978 2.343 22.136000 2.343 0 2 0
 14 4856.454 3539.952 3 21 41.758 15.620 61.699000 7.854 0 2 0
 15 4856.844 3529.022 3 21 40.978 1.562 41.537000 1.562 0 2 0
 16 4824.646 3515.155 3 21 105.372 8.200 840.432000 8.200 0 2 0
 17 4841.038 3729.350 3 21 0.780 0.781 0.065000 0.255 0 2 0
 18 4843.769 3714.710 3 21 0.780 0.390 0.065000 0.255 0 2 0
 19 3090.685 2431.616 2 21 0.390 0.390 0.044000 0.208 0 2 0
 20 3096.929 2384.952 2 21 0.390 0.390 0.044000 0.208 0 2 0
 21 3134.786 2377.139 2 21 0.390 0.390 0.077000 0.277 0 2 0
 22 3160.934 2320.905 2 21 0.390 0.390 0.051000 0.226 0 2 0
 23 3213.815 2400.569 2 21 0.780 1.171 0.044000 0.208 0 2 0
 24 3218.303 2400.960 2 21 0.390 0.390 0.044000 0.208 0 2 0
 25 3214.010 2384.171 2 21 0.390 0.390 0.044000 0.208 0 2 0
 26 3192.155 2351.952 2 21 0.390 0.390 0.036000 0.190 0 2 0
 27 3231.182 2407.991 2 21 0.390 0.390 0.044000 0.208 0 2 0
 28 3313.920 2387.483 2 21 0.390 0.390 0.044000 0.208 0 2 0
 29 3528.958 2585.085 2 21 0.390 0.390 0.044000 0.208 0 2 0
 30 3612.475 2506.593 2 21 0.390 0.390 0.044000 0.208 0 2 0
 31 3611.304 2343.749 2 21 0.390 0.390 0.108000 0.327 0 2 0
 32 3581.449 2296.889 2 21 0.390 0.390 0.036000 0.190 0 2 0
 33 3730.141 2524.944 2 21 0.780 0.390 0.036000 0.190 0 2 0
 34 3738.141 2519.866 2 21 0.390 0.390 0.036000 0.190 0 2 0
 35 3797.658 2419.897 2 21 0.780 0.390 0.051000 0.226 0 2 0
 36 3820.489 2458.171 2 21 0.390 0.390 0.059000 0.243 0 2 0
 37 3954.351 2538.225 2 21 0.390 0.390 0.044000 0.208 0 2 0
 38 3958.449 2538.225 2 21 0.780 0.390 0.051000 0.226 0 2 0
 39 4156.899 2282.436 2 21 0.390 0.390 0.097000 0.311 0 2 0
 40 1745.923 2569.069 3 21 0.390 0.390 0.273000 0.390 0 2 0
 41 1745.923 2563.999 3 21 0.390 0.390 0.273000 0.390 0 2 0
 42 1950.813 2610.858 3 21 0.390 0.390 0.044000 0.208 0 2 0
 43 1983.597 2439.030 3 21 0.390 0.390 0.130000 0.360 0 2 0
 44 2052.674 2579.030 3 21 0.390 0.390 0.240000 0.390 0 2 0
 45 2123.703 2439.225 3 21 0.390 0.390 0.155000 0.390 0 2 0
 46 2238.832 2599.530 3 21 0.780 0.390 0.273000 0.390 0 2 0
 47 2230.052 2545.835 3 21 0.390 0.390 0.256000 0.390 0 2 0
 48 2318.643 2626.085 3 21 0.390 0.390 0.256000 0.390 0 2 0
 49 2358.450 2420.874 3 21 0.390 0.390 0.068000 0.260 0 2 0
 50 2505.972 2264.085 3 21 0.390 0.390 0.044000 0.208 0 2 0
 51 2670.665 2264.085 3 21 0.390 0.781 0.044000 0.208 0 2 0
 52 1747.155 2352.343 -2 21 0.390 0.390 0.210000 0.390 0 2 0
 53 1164.571 3445.437 -5 20 0.390 0.390 0.051000 0.226 0 2 0
 54 3043.338 3604.110 0 19 0.390 0.390 0.142000 0.377 0 2 0
 55 3313.396 3925.494 5 18 0.390 0.390 0.108000 0.327 0 2 0
 56 2054.735 3574.822 -3 18 0.390 0.390 0.097000 0.311 0 2 0
 57 4004.906 3589.658 -4 18 0.390 0.390 0.119000 0.344 0 2 0
 58 3035.472 3904.408 -5 18 0.390 0.390 0.130000 0.360 0 2 0
 59 133.431 3898.158 -5 18 0.390 0.390 0.068000 0.260 0 2 0
 60 4348.823 2388.768 1 18 0.390 0.390 0.036000 0.190 0 2 0
 61 308.930 3805.613 -2 17 0.390 0.390 0.051000 0.226 0 2 0
 62 1612.626 3577.159 -5 17 0.390 0.390 0.108000 0.327 0 2 0
 63 2944.227 753.777 -7 17 0.390 0.390 0.068000 0.260 0 2 0
 64 1447.735 3588.614 0 16 1.170 0.390 0.130000 0.360 0 2 0
 65 4463.546 3906.684 -4 16 0.390 0.390 0.108000 0.327 0 2 0
 66 3431.872 899.528 -5 16 0.390 1.562 0.142000 0.377 0 2 0
 67 3416.456 892.106 -5 16 0.390 0.390 0.422000 0.390 0 2 0
 68 3370.599 978.606 -5 16 1.170 0.390 0.181000 0.390 0 2 0
 69 3363.769 975.871 -5 16 2.341 1.952 0.181000 0.425 0 2 0
 70 3353.622 959.278 -5 16 0.780 0.781 0.195000 0.442 0 2 0
 71 3340.939 954.395 -5 16 0.390 2.733 0.181000 0.390 0 2 0
 72 3333.523 941.309 -5 16 1.951 0.390 0.130000 0.360 0 2 0
 73 3338.792 938.184 -5 16 0.390 0.781 0.155000 0.390 0 2 0
 74 3334.694 930.770 -5 16 0.390 0.781 0.181000 0.390 0 2 0
 75 3331.376 923.934 -5 16 7.024 6.638 0.465000 0.681 0 2 0
 76 3323.376 920.418 -5 16 1.170 2.733 0.210000 0.458 0 2 0
 77 3357.915 891.129 -5 16 6.244 1.171 0.486000 0.697 0 2 0
 78 3252.933 885.075 -5 16 0.390 0.390 0.155000 0.390 0 2 0
 79 3250.786 879.223 -5 16 1.170 0.781 0.168000 0.409 0 2 0
 80 3248.444 871.996 -5 16 0.390 0.390 0.108000 0.327 0 2 0
 81 3256.056 861.840 -5 16 1.561 0.390 0.130000 0.360 0 2 0
 82 3221.517 925.106 -5 16 0.390 0.390 0.256000 0.390 0 2 0
 83 3221.907 919.637 -5 16 3.512 0.390 0.195000 0.390 0 2 0
 84 3223.468 916.512 -5 16 0.390 0.390 0.240000 0.390 0 2 0
 85 3189.710 805.020 -5 16 0.390 0.390 0.210000 0.390 0 2 0
 86 3138.194 925.106 -5 16 0.780 0.390 0.036000 0.190 0 2 0
 87 3132.730 924.520 -5 16 0.780 0.781 0.030000 0.172 0 2 0
 88 3142.097 921.395 -5 16 0.390 0.390 0.059000 0.243 0 2 0
 89 3118.485 922.176 -5 16 0.390 0.781 0.168000 0.390 0 2 0
 90 3101.704 910.262 -5 16 1.951 1.952 0.486000 0.697 0 2 0
 91 3115.948 907.145 -5 16 1.561 1.171 0.256000 0.506 0 2 0
 92 3102.679 895.035 -5 16 3.122 4.295 0.465000 0.681 0 2 0
 93 3098.776 893.278 -5 16 0.390 0.390 0.059000 0.243 0 2 0
 94 3092.142 879.614 -5 16 0.390 0.781 0.077000 0.277 0 2 0
 95 3102.288 806.582 -5 16 3.122 0.781 0.509000 0.713 0 2 0
 96 3103.655 800.340 -5 16 4.292 1.562 0.919000 0.958 0 2 0
 97 3082.970 884.293 -5 16 0.390 0.781 0.077000 0.277 0 2 0
 98 3075.360 865.551 -5 16 0.390 0.781 0.142000 0.377 0 2 0
 99 3081.214 855.207 -5 16 0.390 0.390 0.077000 0.277 0 2 0
 100 3071.653 840.364 -5 16 0.390 0.390 0.059000 0.243 0 2 0
 101 2994.575 785.496 -5 16 0.390 0.390 0.059000 0.243 0 2 0
 102 2987.550 726.723 -5 16 0.780 0.390 0.044000 0.208 0 2 0
 103 2972.915 724.192 -5 16 0.390 0.390 0.168000 0.390 0 2 0
 104 2978.378 721.262 -5 16 1.170 0.390 0.181000 0.390 0 2 0
 105 2962.378 852.278 -5 16 0.390 0.390 0.051000 0.226 0 2 0
 106 2969.013 722.629 -5 16 2.731 0.781 0.486000 0.697 0 2 0
 107 2934.669 705.637 -5 16 2.731 1.171 0.382000 0.618 0 2 0
 108 2911.253 859.496 -5 16 0.390 0.390 0.068000 0.260 0 2 0
 109 2922.569 851.106 -5 16 1.170 0.781 0.195000 0.442 0 2 0
 110 2918.081 851.301 -5 16 0.390 0.390 0.068000 0.260 0 2 0
 111 2887.251 865.160 -5 16 0.390 0.390 0.443000 0.390 0 2 0
 112 2889.788 854.426 -5 16 0.390 3.514 0.273000 0.390 0 2 0
 113 2885.691 853.450 -5 16 0.780 0.781 0.155000 0.393 0 2 0
 114 2835.735 858.910 -5 16 2.341 0.781 0.486000 0.697 0 2 0
 115 2793.587 705.246 -5 16 1.561 0.390 0.290000 0.390 0 2 0
 116 2771.341 736.684 -5 16 0.780 4.686 0.486000 0.697 0 2 0
 117 2684.896 726.723 -5 16 0.390 0.390 0.130000 0.360 0 2 0
 118 2690.165 725.551 -5 16 0.390 0.390 0.119000 0.344 0 2 0
 119 2695.433 721.067 -5 16 0.390 0.390 0.195000 0.390 0 2 0
 120 2684.116 721.067 -5 16 0.390 0.390 0.210000 0.390 0 2 0
 121 2692.702 640.035 -5 16 0.390 0.390 0.210000 0.390 0 2 0
 122 2628.112 751.910 -5 16 0.390 0.390 0.130000 0.360 0 2 0
 123 2605.866 590.637 -5 16 2.341 0.781 0.465000 0.681 0 2 0
 124 2538.351 570.325 -5 16 1.561 2.343 0.181000 0.425 0 2 0
 125 2502.056 767.535 -5 16 0.390 0.390 0.181000 0.390 0 2 0
 126 2496.982 767.535 -5 16 0.390 0.390 0.181000 0.390 0 2 0
 127 2422.441 756.793 -5 16 1.561 1.171 0.325000 0.570 0 2 0
 128 2380.290 644.918 -5 16 0.390 0.781 0.225000 0.390 0 2 0
 129 2359.021 608.989 -5 16 0.390 0.390 0.225000 0.390 0 2 0
 130 2356.679 604.496 -5 16 1.951 2.733 0.509000 0.713 0 2 0
 131 2367.802 604.692 -5 16 1.561 1.562 0.465000 0.681 0 2 0
 132 2305.359 480.317 -5 16 4.683 1.952 0.465000 0.681 0 2 0
 133 2274.333 629.098 -5 16 0.390 0.390 0.195000 0.390 0 2 0
 134 2282.528 628.903 -5 16 0.390 0.390 0.168000 0.390 0 2 0
 135 2305.554 579.114 -5 16 1.170 1.171 0.422000 0.649 0 2 0
 136 2305.359 547.871 -5 16 2.341 1.171 0.486000 0.697 0 2 0
 137 2281.163 545.137 -5 16 0.780 0.390 0.108000 0.327 0 2 0
 138 2230.427 610.356 -5 16 1.561 0.390 0.181000 0.390 0 2 0
 139 2258.526 461.575 -5 16 0.390 0.390 0.130000 0.360 0 2 0
 140 2229.257 460.793 -5 16 1.561 1.171 0.210000 0.458 0 2 0
 141 2255.015 460.793 -5 16 0.390 0.390 0.077000 0.277 0 2 0
 142 2243.306 458.450 -5 16 0.390 0.390 0.130000 0.360 0 2 0
 143 2229.257 456.301 -5 16 1.561 0.781 0.240000 0.490 0 2 0
 144 2202.718 614.653 -5 16 1.561 0.390 0.486000 0.390 0 2 0
 145 2126.812 559.785 -5 16 0.390 0.390 0.068000 0.260 0 2 0
 146 2124.665 556.660 -5 16 0.780 0.390 0.059000 0.243 0 2 0
 147 2138.519 452.004 -5 16 0.390 0.390 0.097000 0.311 0 2 0
 148 2127.202 451.614 -5 16 1.951 0.390 0.097000 0.311 0 2 0
 149 2100.468 448.489 -5 16 2.341 0.390 0.097000 0.311 0 2 0
 150 1683.075 398.114 -5 16 2.731 1.562 0.155000 0.393 0 2 0
 151 1678.782 395.379 -5 16 0.390 2.343 0.108000 0.327 0 2 0
 152 3978.844 856.567 -11 16 0.390 0.390 0.059000 0.243 0 2 0
 153 2724.115 3592.654 0 15 0.390 0.390 0.097000 0.311 0 2 0
 154 176.834 3532.130 -2 15 0.390 0.390 0.130000 0.360 0 2 0
 155 1975.597 3589.146 -6 15 0.390 0.390 0.142000 0.377 0 2 0
 156 3029.327 3688.724 -8 15 0.390 0.390 0.119000 0.344 0 2 0
 157 1922.086 2015.068 6 15 0.390 0.390 0.130000 0.360 0 2 0
 158 4009.697 449.412 -12 15 0.390 0.390 0.059000 0.243 0 2 0
 159 4477.981 3988.381 -1 14 0.390 0.390 0.108000 0.327 0 2 0
 160 4460.812 3730.647 -2 14 0.390 0.390 0.168000 0.390 0 2 0
 161 922.633 3636.143 -2 14 0.390 0.390 0.181000 0.390 0 2 0
 162 2006.027 3952.456 -4 14 0.390 0.390 0.130000 0.360 0 2 0
 163 3044.536 3898.174 -5 14 0.390 0.390 0.097000 0.311 0 2 0
 164 4478.391 4108.663 -7 14 0.390 0.390 0.097000 0.311 0 2 0
 165 1477.223 3588.893 -7 14 0.390 0.390 0.108000 0.327 0 2 0
 166 133.926 4081.668 -9 13 0.390 0.390 0.097000 0.311 0 2 0
 167 1018.272 3810.265 -8 13 0.390 0.390 0.044000 0.208 0 2 0
 168 3949.175 3902.425 -3 13 0.390 0.390 0.108000 0.327 0 2 0
 169 3028.126 3882.507 1 13 0.390 0.390 0.108000 0.327 0 2 0
 170 2005.618 3946.550 2 13 0.390 0.390 0.130000 0.360 0 2 0
 171 2782.289 3593.563 -9 12 0.390 0.390 0.108000 0.327 0 2 0
 172 3907.819 3593.563 -8 12 0.390 0.390 0.119000 0.344 0 2 0
 173 3043.364 4106.692 -7 12 0.390 0.390 0.119000 0.344 0 2 0
 174 2996.124 3581.458 -4 12 0.390 0.390 0.097000 0.311 0 2 0
 175 1780.033 3421.739 -2 12 2.341 0.390 0.044000 0.208 0 2 0
 176 3485.510 3572.477 -2 12 0.390 0.390 0.119000 0.344 0 2 0
 177 3948.368 3926.669 -2 12 0.390 0.390 0.181000 0.390 0 2 0
 178 3981.581 860.630 -8 12 0.390 0.390 0.097000 0.311 0 2 0
 179 2742.860 759.489 -7 12 0.390 0.390 0.036000 0.190 0 2 0
 180 2742.834 756.364 -3 12 0.390 0.390 0.051000 0.226 0 2 0
 181 135.120 3803.799 -13 11 0.390 0.390 0.077000 0.277 0 2 0
 182 973.783 3949.846 -10 11 0.390 0.390 0.119000 0.344 0 2 0
 183 4480.353 4054.892 -10 11 0.390 0.390 0.097000 0.311 0 2 0
 184 4114.230 3592.924 -4 11 0.390 0.390 0.108000 0.327 0 2 0
 185 1779.429 3421.295 -2 11 1.170 0.390 0.051000 0.226 0 2 0
 186 4384.188 3517.557 9 11 0.390 0.390 0.051000 0.226 0 2 0
 187 4206.700 448.646 -1 11 0.390 0.390 0.044000 0.208 0 2 0
 188 4014.824 850.088 6 11 0.390 0.390 0.036000 0.190 0 2 0
 189 1942.215 755.193 16 11 0.390 0.390 0.097000 0.311 0 2 0
 190 350.881 3805.827 7 10 0.390 0.390 0.036000 0.190 0 2 0
 191 332.180 3805.827 3 10 0.390 0.390 0.044000 0.208 0 2 0
 192 3898.900 3577.382 -3 10 0.390 0.390 0.119000 0.344 0 2 0
 193 3032.519 3673.444 -5 10 0.390 0.390 0.108000 0.327 0 2 0
 194 3854.442 3577.382 -7 10 0.390 0.390 0.119000 0.344 0 2 0
 195 982.692 4054.379 9 9 0.390 0.390 0.142000 0.377 0 2 0
 196 2504.058 3992.094 -6 9 0.390 0.390 0.168000 0.390 0 2 0
 197 1645.468 3586.551 -6 9 0.390 0.390 0.097000 0.311 0 2 0
 198 4172.465 3595.531 -7 9 0.390 0.390 0.097000 0.311 0 2 0
 199 2965.379 3586.551 -9 9 0.390 0.390 0.097000 0.311 0 2 0
 200 2789.764 3592.406 -10 9 0.390 0.390 0.119000 0.344 0 2 0
 201 2739.801 827.141 -9 9 0.390 0.390 0.036000 0.190 0 2 0
 202 2431.128 772.078 -13 9 0.390 0.390 0.155000 0.390 0 2 0
 203 3034.843 3859.861 -15 8 0.390 0.390 0.130000 0.360 0 2 0
 204 3928.550 3983.259 -13 8 0.390 0.390 0.155000 0.390 0 2 0
 205 2926.277 3586.896 -4 8 0.390 0.390 0.119000 0.344 0 2 0
 206 492.843 3529.880 12 8 0.390 0.390 0.119000 0.344 0 2 0
 207 3327.498 970.099 -8 8 0.390 0.390 0.030000 0.172 0 2 0
 208 3042.511 3862.858 12 7 0.390 0.390 0.168000 0.390 0 2 0
 209 1552.992 3575.834 -9 7 0.390 0.390 0.130000 0.360 0 2 0
 210 2360.076 3588.721 -10 7 0.390 0.390 0.119000 0.344 0 2 0
 211 130.091 4041.709 -12 7 0.390 0.390 0.181000 0.390 0 2 0
 212 3039.833 857.852 4 7 0.390 0.390 0.036000 0.190 0 2 0
 213 2553.254 950.403 -9 7 0.390 0.390 0.030000 0.172 0 2 0
 214 3760.001 873.080 -14 7 0.390 0.390 0.181000 0.390 0 2 0
 215 2183.140 3571.054 12 6 0.390 0.390 0.108000 0.327 0 2 0
 216 1993.527 3500.373 5 6 0.390 0.390 0.059000 0.243 0 2 0
 217 3926.626 3696.017 -7 6 0.390 0.390 0.168000 0.390 0 2 0
 218 4316.520 3574.179 -9 6 0.390 0.390 0.155000 0.390 0 2 0
 219 259.316 3532.199 -13 6 0.390 0.390 0.181000 0.390 0 2 0
 220 4475.790 4138.462 -14 6 0.390 0.390 0.097000 0.311 0 2 0
 221 2250.535 366.404 3 6 4.292 2.343 8.772000 2.343 0 2 0
 222 341.258 758.474 -11 6 0.390 0.390 0.142000 0.377 0 2 0
 223 3205.378 3589.503 -13 5 0.390 0.390 0.130000 0.360 0 2 0
 224 3804.831 3577.397 -13 5 0.390 0.390 0.119000 0.344 0 2 0
 225 4744.201 3525.460 -12 5 0.390 0.390 0.044000 0.208 0 2 0
 226 3932.037 3881.993 -10 5 0.390 0.390 0.108000 0.327 0 2 0
 227 4456.541 3652.374 -8 5 0.390 0.390 0.097000 0.311 0 2 0
 228 342.569 3805.844 10 5 0.390 0.390 0.036000 0.190 0 2 0
 229 2742.454 829.266 -5 5 0.390 0.390 0.044000 0.208 0 2 0
 230 3263.790 479.370 3 5 0.390 0.390 0.036000 0.190 0 2 0
 231 943.820 552.981 5 5 1.951 1.171 0.307000 0.554 0 2 0
 232 1024.935 3512.963 -2 4 0.390 0.390 0.036000 0.190 0 2 0
 233 2004.957 4110.830 -9 4 0.390 0.390 0.181000 0.390 0 2 0
 234 3385.365 3592.627 -12 4 0.390 0.390 0.210000 0.390 0 2 0
 235 134.029 4099.115 -12 4 0.390 0.390 0.108000 0.327 0 2 0
 236 3035.300 4090.134 -13 4 0.390 0.390 0.168000 0.390 0 2 0
 237 4457.251 3898.004 -14 4 0.390 0.390 0.130000 0.360 0 2 0
 238 953.011 574.560 12 4 0.390 0.390 0.097000 0.311 0 2 0
 239 2739.753 823.314 1 4 0.390 0.390 0.036000 0.190 0 2 0
 240 2766.706 849.869 -2 4 0.390 0.390 0.051000 0.226 0 2 0
 241 3913.714 3892.286 -13 3 0.390 0.390 0.142000 0.377 0 2 0
 242 4460.478 3751.313 -12 3 0.390 0.390 0.168000 0.390 0 2 0
 243 3612.804 3595.501 -11 3 0.390 0.390 0.108000 0.327 0 2 0
 244 339.536 3805.985 -1 3 0.390 0.390 0.036000 0.190 0 2 0
 245 3930.290 4035.212 13 3 0.390 0.390 0.168000 0.390 0 2 0
 246 3042.615 3901.284 -12 2 0.390 0.390 0.119000 0.344 0 2 0
 247 3030.498 3733.756 -10 2 0.390 0.390 0.168000 0.390 0 2 0
 248 919.055 4105.519 -2 2 0.390 0.390 0.097000 0.311 0 2 0
 249 467.398 2543.058 6 2 0.390 0.390 0.130000 0.360 0 2 0
 250 464.861 2528.022 6 2 0.390 0.390 0.119000 0.344 0 2 0
 251 464.861 2465.542 6 2 0.390 0.390 0.119000 0.344 0 2 0
 252 1502.673 2509.669 -2 2 0.390 0.390 0.142000 0.377 0 2 0
 253 1918.444 2204.683 -15 2 0.390 0.390 0.240000 0.390 0 2 0
 254 4474.155 4096.147 -15 1 0.390 0.390 0.108000 0.327 0 2 0
 255 923.142 3534.987 13 1 0.390 0.390 0.155000 0.390 0 2 0
 256 3061.014 2352.685 1 1 0.390 0.390 0.051000 0.226 0 2 0
 257 3913.508 3617.009 -11 0 0.390 0.390 0.108000 0.327 0 2 0
 258 559.939 3529.926 -12 0 0.390 0.390 0.108000 0.327 0 2 0
 259 4619.189 455.065 15 0 0.390 0.390 0.142000 0.377 0 2 0
 260 4620.361 424.020 15 0 0.390 0.390 0.142000 0.377 0 2 0
 261 4537.228 456.237 15 0 1.561 5.467 7.174000 1.561 0 2 0
 262 4493.134 456.041 15 0 0.780 4.295 0.465000 0.681 0 2 0
 263 4488.252 456.822 15 0 0.390 2.733 0.422000 0.390 0 2 0
 264 4487.666 451.941 15 0 0.780 0.781 0.195000 0.442 0 2 0
 265 2428.949 1063.867 -13 0 0.390 0.390 0.108000 0.327 0 2 0
 266 4474.559 3642.142 -16 -1 0.390 0.390 0.210000 0.390 0 2 0
 267 2919.696 3586.300 -14 -1 0.390 0.390 0.119000 0.344 0 2 0
 268 3322.058 754.194 -13 -1 0.390 0.390 0.051000 0.226 0 2 0
 269 2711.587 852.602 -6 -1 0.390 0.390 0.036000 0.190 0 2 0
 270 1630.505 364.467 -3 -1 0.390 0.390 0.051000 0.226 0 2 0
 271 2711.430 824.486 7 -1 0.390 0.390 0.068000 0.260 0 2 0
 272 2461.987 1003.729 12 -1 0.390 0.390 0.044000 0.208 0 2 0
 273 972.900 4054.644 15 -2 0.390 0.390 0.130000 0.360 0 2 0
 274 4376.453 3589.939 14 -2 0.390 0.390 0.210000 0.390 0 2 0
 275 203.264 3547.374 -15 -2 0.390 0.390 0.130000 0.360 0 2 0
 276 3731.447 887.623 5 -2 0.390 0.390 0.044000 0.208 0 2 0
 277 3759.974 861.849 2 -2 0.390 0.390 0.030000 0.172 0 2 0
 278 3066.856 4090.571 -16 -3 0.390 0.390 0.108000 0.327 0 2 0
 279 4462.848 3674.680 -16 -3 0.390 0.390 0.181000 0.390 0 2 0
 280 3455.163 3504.418 -15 -3 0.390 0.390 0.044000 0.208 0 2 0
 281 134.592 3877.939 -2 -3 0.390 0.390 0.087000 0.294 0 2 0
 282 458.507 2312.869 -15 -3 0.390 0.390 0.168000 0.390 0 2 0
 283 2737.783 753.789 -10 -3 0.390 0.390 0.044000 0.208 0 2 0
 284 965.136 3592.313 12 -4 0.390 0.390 0.097000 0.311 0 2 0
 285 350.510 3805.921 8 -4 0.390 0.390 0.036000 0.190 0 2 0
 286 1324.658 3597.390 5 -4 0.390 0.390 0.181000 0.390 0 2 0
 287 411.221 3529.442 -10 -4 0.390 0.390 0.097000 0.311 0 2 0
 288 641.915 3551.701 -14 -4 0.390 0.390 0.210000 0.390 0 2 0
 289 4170.364 3575.131 -16 -4 0.390 0.390 0.225000 0.390 0 2 0
 290 906.361 3534.128 13 -5 0.390 0.390 0.108000 0.327 0 2 0
 291 3044.478 3656.950 13 -6 0.390 0.390 0.168000 0.390 0 2 0
 292 4771.088 4117.359 8 -6 0.390 0.390 0.108000 0.327 0 2 0
 293 4775.967 4114.821 8 -6 0.390 0.390 0.256000 0.390 0 2 0
 294 2463.720 3598.374 0 -6 3.512 0.390 0.422000 0.390 0 2 0
 295 2466.647 3593.884 0 -6 0.390 1.171 0.465000 0.390 0 2 0
 296 2469.965 3592.321 0 -6 0.390 1.171 0.443000 0.390 0 2 0
 297 2467.038 3589.784 0 -6 0.390 0.390 0.443000 0.390 0 2 0
 298 2463.916 3589.784 0 -6 0.390 0.390 0.486000 0.390 0 2 0
 299 2460.793 3592.907 0 -6 0.390 0.390 0.465000 0.390 0 2 0
 300 3030.332 3624.929 -11 -6 0.390 0.390 0.210000 0.390 0 2 0
 301 1461.199 2385.675 -9 -6 0.390 0.390 0.168000 0.390 0 2 0
 302 2739.468 2545.003 12 -6 0.390 0.390 0.036000 0.190 0 2 0
 303 4876.278 521.608 -9 -6 0.390 0.390 0.036000 0.190 0 2 0
 304 2739.164 883.608 -9 -6 0.390 0.390 0.044000 0.208 0 2 0
 305 627.681 3933.494 15 -7 0.390 0.390 0.168000 0.390 0 2 0
 306 3962.343 2438.926 -15 -7 0.390 0.390 0.142000 0.377 0 2 0
 307 1049.819 903.322 10 -7 0.390 0.390 0.044000 0.208 0 2 0
 308 3513.734 761.957 14 -7 0.390 0.390 0.030000 0.172 0 2 0
 309 3942.417 3925.823 -13 -8 0.390 0.390 0.210000 0.390 0 2 0
 310 1732.451 2382.552 -10 -8 0.390 0.390 0.051000 0.226 0 2 0
 311 3003.061 455.144 17 -8 0.390 0.390 0.068000 0.260 0 2 0
 312 1370.297 950.894 7 -8 2.341 2.733 0.210000 0.458 0 2 0
 313 1366.004 955.384 7 -8 0.390 0.390 0.030000 0.172 0 2 0
 314 1358.588 949.917 7 -8 0.780 0.781 0.256000 0.506 0 2 0
 315 4877.449 1887.387 -9 -9 0.390 0.390 0.036000 0.190 0 2 0
 316 2488.699 3593.001 16 -10 0.390 0.390 0.256000 0.390 0 2 0
 317 3588.540 3571.525 11 -10 0.390 0.390 0.097000 0.311 0 2 0
 318 2151.813 3513.728 -9 -10 0.390 0.390 0.097000 0.311 0 2 0
 319 4458.705 3940.552 -10 -10 0.390 0.390 0.130000 0.360 0 2 0
 320 4509.462 1022.802 -12 -10 0.390 0.390 0.142000 0.377 0 2 0
 321 2797.794 967.740 -16 -10 0.390 0.390 0.059000 0.243 0 2 0
 322 3445.644 3503.452 -3 -11 0.390 0.390 0.036000 0.190 0 2 0
 323 4108.975 2426.998 -6 -11 0.390 0.390 0.130000 0.360 0 2 0
 324 4256.022 2206.752 -15 -11 2.731 1.171 0.273000 0.522 0 2 0
 325 4227.335 2171.412 -15 -11 0.780 0.781 0.325000 0.570 0 2 0
 326 4248.999 2169.850 -15 -11 0.390 0.781 0.168000 0.390 0 2 0
 327 4184.404 2216.123 -15 -11 0.780 1.952 0.225000 0.474 0 2 0
 328 4218.163 2175.315 -15 -11 1.170 0.781 0.195000 0.442 0 2 0
 329 117.476 3600.156 12 -12 0.390 0.390 0.168000 0.390 0 2 0
 330 4474.450 4045.726 11 -12 0.390 0.390 0.119000 0.344 0 2 0
 331 564.967 3529.472 -8 -12 0.390 0.390 0.087000 0.294 0 2 0
 332 2008.379 3997.583 -11 -13 0.390 0.390 0.195000 0.390 0 2 0
 333 4465.515 3815.606 -11 -13 0.390 0.390 0.181000 0.390 0 2 0
 334 2372.448 3573.209 12 -14 0.390 0.390 0.181000 0.390 0 2 0
 335 2970.221 493.162 -10 -14 0.390 0.390 0.036000 0.190 0 2 0
 336 1987.511 3889.022 4 -15 0.390 0.390 0.108000 0.327 0 2 0
 337 4774.339 2211.261 -2 -15 0.390 0.390 0.155000 0.390 0 2 0
 338 3003.271 1014.757 13 -15 0.390 0.390 0.044000 0.208 0 2 0
 339 3929.062 4041.446 7 -17 0.390 0.390 0.155000 0.390 0 2 0
 340 3051.311 3977.399 10 -17 0.390 0.390 0.181000 0.390 0 2 0
 341 1001.552 3592.362 3 -18 0.390 0.390 0.195000 0.390 0 2 0
 342 3927.022 4039.494 2 -18 0.390 0.390 0.155000 0.390 0 2 0
 343 2731.189 906.947 6 -18 0.390 0.390 0.119000 0.344 0 2 0
 344 4862.399 523.276 -6 -18 5.073 1.171 0.307000 0.554 0 2 0
 345 4852.253 455.908 -6 -18 0.390 0.781 0.307000 0.390 0 2 0
 346 4858.692 451.612 -6 -18 1.561 0.781 0.325000 0.570 0 2 0
 347 4830.983 469.776 -6 -18 3.902 3.514 0.240000 0.490 0 2 0
 348 1220.758 3592.769 -7 -19 0.390 0.390 0.181000 0.390 0 2 0
 349 452.257 3714.995 -2 -19 0.390 0.390 0.155000 0.390 0 2 0
 350 1570.158 480.872 5 -20 0.390 0.390 0.036000 0.190 0 2 0
 351 4234.282 552.332 -7 -20 0.390 0.390 0.044000 0.208 0 2 0
 352 2949.516 948.309 -7 -20 0.390 0.390 0.051000 0.226 0 2 0
 353 2943.769 895.951 -5 -21 0.390 0.390 0.051000 0.226 0 2 0
 354 1788.932 875.530 3 -22 7.415 2.343 6.435000 2.343 0 2 0
 355 1734.879 754.085 3 -22 0.390 0.390 0.059000 0.243 0 2 0;
DieOrigin 0.0000000000e+00 0.0000000000e+00;
WaferID "@03";
Slot 3;
SampleCenterLocation 5.1542800000e+03 -2.0095600000e+03;
OrientationInstructions "";
InspectionTest 2;
AreaPerTest 1.4232500490e+10;
DefectRecordSpec 12 DEFECTID XREL YREL XINDEX YINDEX XSIZE YSIZE DEFECTAREA DSIZE CLASSNUMBER TEST IMAGECOUNT ;
DefectList
 1 2378.607 2404.928 -2 21 1.561 0.390 0.240000 0.390 0 2 0
 2 1296.499 678.301 12 16 0.390 1.171 0.044000 0.208 0 2 0
 3 862.828 3530.958 5 15 0.390 0.390 0.097000 0.311 0 2 0
 4 3941.611 4074.154 -1 15 0.390 0.390 0.108000 0.327 0 2 0
 5 3062.513 824.208 -3 15 0.390 0.390 0.051000 0.226 0 2 0
 6 3947.910 3905.581 6 14 0.390 0.390 0.155000 0.390 0 2 0
 7 3916.266 3800.534 1 14 0.390 0.390 0.155000 0.390 0 2 0
 8 3765.099 2321.397 5 14 0.390 0.390 0.030000 0.172 0 2 0
 9 3770.369 2312.612 5 14 9.756 12.886 70.876000 8.418 0 2 0
 10 3738.012 2593.971 11 14 0.390 1.562 0.087000 0.294 0 2 0
 11 4238.081 3579.086 1 13 0.390 0.390 0.155000 0.390 0 2 0
 12 411.826 3529.286 -4 12 0.390 0.390 0.119000 0.344 0 2 0
 13 3929.324 3675.727 -3 12 0.390 0.390 0.155000 0.390 0 2 0
 14 3032.882 3756.173 1 12 0.390 0.390 0.195000 0.390 0 2 0
 15 924.656 4071.309 5 12 0.390 0.390 0.155000 0.390 0 2 0
 16 2769.048 850.868 -6 12 0.390 0.390 0.051000 0.226 0 2 0
 17 3034.451 3913.748 8 11 0.390 0.390 0.097000 0.311 0 2 0
 18 808.942 3556.435 11 11 0.390 0.781 0.130000 0.360 0 2 0
 19 816.552 3556.435 11 11 0.780 0.781 0.130000 0.360 0 2 0
 20 2738.611 860.475 -10 11 0.390 0.390 0.059000 0.243 0 2 0
 21 4702.121 3451.956 9 10 4.292 13.667 7.689000 2.772 0 2 0
 22 4677.340 3535.331 9 10 0.390 0.390 0.051000 0.226 0 2 0
 23 4569.235 3445.515 9 10 0.780 0.781 0.325000 0.570 0 2 0
 24 4264.434 3893.429 9 10 0.390 0.390 0.290000 0.390 0 2 0
 25 4264.629 3891.085 9 10 0.390 0.390 0.181000 0.390 0 2 0
 26 4266.973 3874.683 9 10 0.390 0.390 0.059000 0.243 0 2 0
 27 4233.407 3962.937 9 10 0.390 0.390 0.240000 0.390 0 2 0
 28 4241.992 3952.980 9 10 0.390 0.390 0.465000 0.390 0 2 0
 29 4241.606 3943.413 9 10 0.390 0.390 0.240000 0.390 0 2 0
 30 4252.727 3829.968 9 10 0.780 1.952 0.465000 0.681 0 2 0
 31 4246.481 3822.745 9 10 0.390 0.390 0.195000 0.390 0 2 0
 32 4231.848 3810.249 9 10 1.951 1.562 0.422000 0.649 0 2 0
 33 4226.969 3803.417 9 10 0.390 0.390 0.240000 0.390 0 2 0
 34 4224.629 3803.608 9 10 0.390 0.390 0.195000 0.390 0 2 0
 35 4194.578 3988.515 9 10 0.390 0.390 0.273000 0.390 0 2 0
 36 4206.481 3975.823 9 10 1.170 0.781 0.225000 0.474 0 2 0
 37 4140.913 4004.136 9 10 5.073 0.390 0.240000 0.390 0 2 0
 38 4169.598 3993.397 9 10 0.390 0.390 0.256000 0.390 0 2 0
 39 4179.551 3990.858 9 10 0.390 0.390 0.181000 0.390 0 2 0
 40 4146.379 3810.444 9 10 3.512 1.952 0.465000 0.681 0 2 0
 41 4114.375 4000.034 9 10 4.292 1.562 7.689000 1.562 0 2 0
 42 4137.207 3815.327 9 10 0.780 0.781 0.465000 0.681 0 2 0
 43 4137.207 3810.249 9 10 0.390 0.390 0.256000 0.390 0 2 0
 44 4083.739 3857.890 9 10 1.561 0.781 0.465000 0.681 0 2 0
 45 4088.422 3852.425 9 10 0.390 0.390 0.465000 0.390 0 2 0
 46 4089.594 3845.589 9 10 0.780 0.390 0.196000 0.390 0 2 0
 47 4062.078 3993.397 9 10 0.390 0.390 0.290000 0.390 0 2 0
 48 4054.469 3991.054 9 10 0.390 0.390 0.240000 0.390 0 2 0
 49 4039.250 3957.276 9 10 0.780 4.295 0.422000 0.649 0 2 0
 50 4043.934 3957.276 9 10 0.780 2.733 0.532000 0.729 0 2 0
 51 4044.715 3942.046 9 10 0.780 3.514 0.532000 0.729 0 2 0
 52 4046.469 3930.136 9 10 1.170 3.124 0.532000 0.729 0 2 0
 53 922.168 3729.413 6 10 0.390 0.390 0.168000 0.390 0 2 0
 54 3967.970 2086.827 5 10 0.390 0.390 0.119000 0.344 0 2 0
 55 2766.189 834.343 6 10 0.390 0.390 0.044000 0.208 0 2 0
 56 3872.594 3576.117 9 9 0.390 0.390 0.195000 0.390 0 2 0
 57 1214.662 3907.656 -12 9 1.170 1.562 0.240000 0.490 0 2 0
 58 1214.857 3895.746 -12 9 0.780 0.390 0.273000 0.390 0 2 0
 59 1203.345 3907.461 -12 9 1.951 1.952 0.097000 0.311 0 2 0
 60 1197.685 3908.047 -12 9 0.390 0.390 0.195000 0.390 0 2 0
 61 1214.271 3901.996 -12 9 0.390 0.390 0.240000 0.390 0 2 0
 62 1209.197 3901.996 -12 9 0.390 0.390 0.290000 0.390 0 2 0
 63 1203.931 3901.996 -12 9 0.390 0.390 0.256000 0.390 0 2 0
 64 1209.197 3894.770 -12 9 1.951 2.343 2.369000 1.539 0 2 0
 65 1203.150 3894.574 -12 9 2.341 1.952 0.344000 0.586 0 2 0
 66 2766.571 850.000 1 9 0.390 0.390 0.068000 0.260 0 2 0
 67 2791.548 3507.885 1 7 0.390 0.390 0.036000 0.190 0 2 0
 68 2736.932 858.304 10 6 0.390 0.390 0.044000 0.208 0 2 0
 69 2736.982 859.867 -3 6 0.390 0.390 0.044000 0.208 0 2 0
 70 2321.032 3471.303 -14 5 0.780 0.390 0.044000 0.208 0 2 0
 71 544.884 3529.489 -5 5 0.390 0.390 0.087000 0.294 0 2 0
 72 130.370 919.785 -2 4 0.390 0.390 0.036000 0.190 0 2 0
 73 2850.965 758.896 -9 4 0.390 0.390 0.030000 0.172 0 2 0
 74 1779.648 3419.780 7 3 2.341 0.390 0.044000 0.208 0 2 0
 75 4096.776 2008.287 19 2 2.731 0.390 0.036000 0.190 0 2 0
 76 3918.660 4009.205 -1 1 0.390 0.390 0.119000 0.344 0 2 0
 77 1227.012 2179.580 11 1 0.390 0.390 0.030000 0.172 0 2 0
 78 2902.780 633.558 0 1 0.780 0.781 0.432000 0.657 0 2 0
 79 3753.943 3878.775 17 0 0.390 0.390 0.097000 0.311 0 2 0
 80 3767.608 3858.859 17 0 0.390 0.390 0.195000 0.390 0 2 0
 81 3754.139 3846.168 17 0 1.170 1.952 0.181000 0.425 0 2 0
 82 3762.725 3809.655 17 0 0.390 0.390 0.168000 0.390 0 2 0
 83 3778.537 3803.798 17 0 0.390 0.390 0.210000 0.390 0 2 0
 84 3733.654 3893.614 17 0 0.390 0.390 0.195000 0.390 0 2 0
 85 3751.217 3876.041 17 0 0.390 0.390 0.068000 0.260 0 2 0
 86 3733.654 3876.041 17 0 0.390 0.390 0.181000 0.390 0 2 0
 87 3749.068 3856.321 17 0 0.390 0.390 0.077000 0.277 0 2 0
 88 3728.967 3601.319 17 0 0.780 0.390 0.210000 0.390 0 2 0
 89 3728.186 3598.000 17 0 1.561 0.781 0.256000 0.506 0 2 0
 90 3744.389 3597.804 17 0 1.170 0.390 0.240000 0.390 0 2 0
 91 3723.506 3598.000 17 0 0.390 0.390 0.195000 0.390 0 2 0
 92 3715.701 3566.759 17 0 0.390 0.390 0.168000 0.390 0 2 0
 93 3731.701 3552.506 17 0 0.780 1.952 0.382000 0.618 0 2 0
 94 3729.748 3546.062 17 0 0.390 0.781 0.168000 0.390 0 2 0
 95 3713.748 3544.305 17 0 0.390 1.952 0.087000 0.294 0 2 0
 96 3708.287 3492.562 17 0 0.390 0.390 0.077000 0.277 0 2 0
 97 3678.428 3445.701 17 0 0.390 0.781 0.077000 0.277 0 2 0
 98 3623.209 3902.401 17 0 0.390 0.390 0.077000 0.277 0 2 0
 99 2000.238 3963.125 0 0 0.390 0.390 0.097000 0.311 0 2 0
 100 2951.566 1098.568 16 0 0.390 0.390 0.036000 0.190 0 2 0
 101 2950.785 1094.077 16 0 0.390 0.390 0.036000 0.190 0 2 0
 102 2888.144 1103.254 16 0 0.390 1.171 0.051000 0.226 0 2 0
 103 445.787 750.820 1 0 0.390 0.390 0.036000 0.190 0 2 0
 104 4455.984 3924.230 7 -3 0.390 0.390 0.087000 0.294 0 2 0
 105 2282.546 3445.912 -15 -4 0.390 0.390 0.130000 0.360 0 2 0
 106 2214.444 3482.815 -15 -4 0.390 3.124 0.195000 0.390 0 2 0
 107 2203.514 3461.533 -15 -4 0.390 1.952 0.168000 0.390 0 2 0
 108 2200.585 3457.432 -15 -4 0.390 2.343 0.168000 0.390 0 2 0
 109 2204.491 3456.260 -15 -4 0.390 0.390 0.168000 0.390 0 2 0
 110 2204.491 3447.865 -15 -4 0.390 1.171 0.181000 0.390 0 2 0
 111 2204.296 3442.398 -15 -4 0.390 5.076 0.108000 0.327 0 2 0
 112 2196.491 3427.558 -15 -4 0.390 0.390 0.142000 0.377 0 2 0
 113 1317.484 3794.206 2 -5 0.390 0.390 0.119000 0.344 0 2 0
 114 3034.075 3746.438 -1 -6 0.390 0.390 0.119000 0.344 0 2 0
 115 2806.489 3700.836 9 -7 2.731 3.514 0.443000 0.665 0 2 0
 116 1892.808 483.260 -5 -7 0.390 0.390 0.044000 0.208 0 2 0
 117 962.879 4082.948 3 -8 0.390 0.390 0.108000 0.327 0 2 0
 118 953.225 3504.216 -8 -8 0.390 0.390 0.036000 0.190 0 2 0
 119 1551.283 2245.515 -1 -8 0.390 0.390 0.155000 0.390 0 2 0
 120 1300.034 2373.235 -13 -9 0.390 0.390 0.273000 0.390 0 2 0
 121 2409.598 1900.162 -16 -11 0.390 0.781 0.097000 0.311 0 2 0
 122 2354.958 1893.330 -16 -11 0.390 1.952 0.051000 0.226 0 2 0
 123 2354.958 1889.229 -16 -11 0.390 0.781 0.051000 0.226 0 2 0
 124 2734.801 755.320 -7 -12 0.390 0.390 0.036000 0.190 0 2 0
 125 2711.430 755.430 11 -13 0.390 0.390 0.077000 0.277 0 2 0
 126 4876.148 3905.814 0 -14 0.390 0.390 0.068000 0.260 0 2 0
 127 2074.389 4006.426 2 -16 0.390 0.390 0.108000 0.327 0 2 0
 128 3812.910 3977.401 -4 -18 0.390 0.390 0.108000 0.327 0 2 0
 129 4038.270 354.588 -2 -18 0.780 0.390 0.290000 0.390 0 2 0
 130 689.550 919.567 1 -20 0.390 0.390 0.181000 0.390 0 2 0
 131 3179.886 408.663 -1 -22 0.390 0.390 0.344000 0.390 0 2 0;
DieOrigin 0.0000000000e+00 0.0000000000e+00;
WaferID "@04";
Slot 4;
SampleCenterLocation 5.1542800000e+03 -2.0095600000e+03;
OrientationInstructions "";
InspectionTest 2;
AreaPerTest 1.4232500490e+10;
DefectRecordSpec 12 DEFECTID XREL YREL XINDEX YINDEX XSIZE YSIZE DEFECTAREA DSIZE CLASSNUMBER TEST IMAGECOUNT ;
DefectList
 1 4847.135 3605.421 0 21 0.780 0.781 0.210000 0.458 0 2 0
 2 4541.164 4033.218 0 21 1.561 0.390 0.104000 0.323 0 2 0
 3 1101.427 4114.249 -2 21 5.854 67.167 794.782016 5.854 0 2 0
 4 1100.256 3942.819 -2 21 8.195 3.905 2.369000 1.539 0 2 0
 5 1099.865 3937.350 -2 21 8.976 2.343 3.508000 1.873 0 2 0
 6 4874.605 4080.280 3 21 5.463 10.934 1.446000 1.202 0 2 0
 7 4869.922 4056.850 3 21 14.830 21.868 13.462000 3.669 0 2 0
 8 4852.165 3985.186 3 21 50.344 78.492 1076.265984 32.806 0 2 0
 9 4677.324 3706.757 3 21 378.951 255.001 2320.430080 48.170 0 2 0
 10 4823.285 4051.772 3 21 2.731 2.343 0.306000 0.552 0 2 0
 11 4791.868 3611.475 3 21 29.660 19.134 46.525000 6.820 0 2 0
 12 4815.479 3617.718 3 21 2.731 4.295 0.382000 0.618 0 2 0
 13 4833.627 3614.788 3 21 1.561 9.372 0.382000 0.618 0 2 0
 14 4823.479 3618.694 3 21 0.390 1.562 0.382000 0.390 0 2 0
 15 4822.699 3611.671 3 21 1.561 4.686 0.256000 0.506 0 2 0
 16 4813.918 3611.085 3 21 3.512 4.295 0.486000 0.697 0 2 0
 17 4811.967 3604.444 3 21 0.390 1.171 0.443000 0.390 0 2 0
 18 4836.749 3601.514 3 21 1.561 1.562 0.344000 0.586 0 2 0
 19 4820.943 3599.561 3 21 4.292 4.686 0.486000 0.697 0 2 0
 20 4812.747 3598.780 3 21 1.951 3.905 0.307000 0.554 0 2 0
 21 4828.748 3583.944 3 21 0.390 0.390 0.465000 0.390 0 2 0
 22 4815.479 3562.655 3 21 16.001 12.886 2.083000 1.443 0 2 0
 23 4802.405 4017.600 3 21 2.341 1.171 0.486000 0.697 0 2 0
 24 4771.964 3627.483 3 21 2.341 1.171 0.148000 0.384 0 2 0
 25 4767.281 3627.483 3 21 1.561 1.171 0.402000 0.633 0 2 0
 26 4765.915 3608.155 3 21 13.659 2.343 0.486000 0.697 0 2 0
 27 4771.769 3597.803 3 21 17.562 1.171 2.369000 1.171 0 2 0
 28 4753.231 3626.116 3 21 1.561 2.343 0.443000 0.665 0 2 0
 29 4733.133 3627.093 3 21 5.073 0.390 0.148000 0.384 0 2 0
 30 4747.183 3625.921 3 21 1.170 1.952 0.422000 0.649 0 2 0
 31 4712.839 3597.608 3 21 90.932 22.649 502.460000 22.415 0 2 0
 32 4751.865 3608.741 3 21 0.390 0.390 0.325000 0.390 0 2 0
 33 4728.449 3607.764 3 21 2.731 1.562 0.486000 0.697 0 2 0
 34 4722.790 3625.335 3 21 8.585 5.467 0.465000 0.681 0 2 0
 35 4714.790 3627.483 3 21 1.951 1.171 0.465000 0.681 0 2 0
 36 4693.716 3626.507 3 21 5.854 3.124 0.465000 0.681 0 2 0
 37 4700.740 3627.288 3 21 1.951 0.781 0.486000 0.697 0 2 0
 38 4705.618 3626.897 3 21 1.561 0.390 0.104000 0.323 0 2 0
 39 4722.985 3609.132 3 21 7.415 4.295 0.307000 0.554 0 2 0
 40 4716.741 3608.741 3 21 0.390 0.390 0.363000 0.390 0 2 0
 41 4684.349 3627.288 3 21 2.731 0.781 0.422000 0.649 0 2 0
 42 2194.847 2524.257 3 21 0.390 0.390 0.077000 0.277 0 2 0
 43 2210.066 2517.616 3 21 0.390 0.390 0.068000 0.260 0 2 0
 44 2177.675 2479.155 3 21 0.390 0.390 0.077000 0.277 0 2 0
 45 2186.846 2470.952 3 21 0.780 0.390 0.077000 0.277 0 2 0
 46 2179.626 2470.757 3 21 0.390 0.390 0.077000 0.277 0 2 0
 47 2217.092 2519.178 3 21 0.390 0.390 0.068000 0.260 0 2 0
 48 2225.092 2512.350 3 21 0.390 0.390 0.068000 0.260 0 2 0
 49 2216.311 2510.983 3 21 0.390 0.390 0.077000 0.277 0 2 0
 50 2277.193 2465.678 3 21 0.390 0.390 0.087000 0.294 0 2 0
 51 2298.463 2519.178 3 21 0.390 0.390 0.068000 0.260 0 2 0
 52 2303.731 2519.178 3 21 0.390 0.390 0.068000 0.260 0 2 0
 53 2299.048 2490.866 3 21 0.390 0.390 0.077000 0.277 0 2 0
 54 2506.866 2263.397 3 21 0.390 0.390 0.087000 0.294 0 2 0
 55 2786.885 2571.116 3 21 0.390 0.390 0.068000 0.260 0 2 0
 56 2806.008 2539.100 3 21 0.390 0.390 0.097000 0.311 0 2 0
 57 2823.570 2532.460 3 21 0.390 0.390 0.068000 0.260 0 2 0
 58 2834.692 2530.897 3 21 0.390 0.390 0.077000 0.277 0 2 0
 59 2829.619 2503.171 3 21 0.390 0.390 0.068000 0.260 0 2 0
 60 2861.816 2584.397 3 21 0.390 0.390 0.068000 0.260 0 2 0
 61 2895.769 2478.178 3 21 0.390 0.390 0.130000 0.360 0 2 0
 62 2878.208 2458.264 3 21 0.390 0.390 0.068000 0.260 0 2 0
 63 3199.984 2489.897 3 21 0.390 0.390 0.059000 0.243 0 2 0
 64 1276.122 2372.883 5 20 0.390 0.781 0.532000 0.390 0 2 0
 65 904.246 4107.078 2 19 0.390 0.390 0.108000 0.327 0 2 0
 66 3908.437 3839.978 -5 19 0.390 0.390 0.097000 0.311 0 2 0
 67 4475.079 3836.462 -7 19 0.390 0.390 0.142000 0.377 0 2 0
 68 793.750 3536.830 3 18 0.390 0.390 0.119000 0.344 0 2 0
 69 134.506 4097.604 -2 18 0.390 0.390 0.108000 0.327 0 2 0
 70 3042.759 4109.705 -4 18 0.390 0.390 0.097000 0.311 0 2 0
 71 3305.784 3444.283 -5 18 0.390 0.390 0.044000 0.208 0 2 0
 72 2009.264 4076.510 -8 18 0.390 0.390 0.155000 0.390 0 2 0
 73 923.534 3797.299 -8 18 0.390 0.390 0.155000 0.390 0 2 0
 74 1922.652 2115.338 4 18 0.390 0.390 0.119000 0.344 0 2 0
 75 1920.716 2378.924 5 18 0.390 0.390 0.130000 0.360 0 2 0
 76 1628.766 369.947 -7 18 0.390 0.390 0.051000 0.226 0 2 0
 77 2762.768 1066.619 10 18 0.390 0.390 0.036000 0.190 0 2 0
 78 3790.652 3575.847 3 17 0.390 0.390 0.119000 0.344 0 2 0
 79 3437.822 3591.472 0 17 0.390 0.390 0.210000 0.390 0 2 0
 80 4459.138 3773.058 -2 17 0.390 0.390 0.195000 0.390 0 2 0
 81 4338.536 3585.222 -3 17 0.390 0.390 0.240000 0.390 0 2 0
 82 3966.849 2480.566 5 17 0.390 0.390 0.097000 0.311 0 2 0
 83 2003.629 3987.973 7 16 0.390 0.390 0.168000 0.390 0 2 0
 84 4303.835 3573.254 2 16 0.390 0.390 0.130000 0.360 0 2 0
 85 2315.779 3585.364 -1 16 0.390 0.390 0.130000 0.360 0 2 0
 86 908.078 4014.137 -1 16 0.390 0.390 0.108000 0.327 0 2 0
 87 3945.926 3932.528 -2 16 0.390 0.390 0.181000 0.390 0 2 0
 88 4231.569 3574.817 -6 16 0.390 0.390 0.210000 0.390 0 2 0
 89 1920.975 2535.504 -6 16 0.390 0.390 0.155000 0.390 0 2 0
 90 4463.628 2074.706 0 16 0.390 0.390 0.181000 0.390 0 2 0
 91 4868.604 456.082 8 16 0.390 0.390 0.036000 0.190 0 2 0
 92 2736.863 823.942 -3 16 0.390 0.390 0.059000 0.243 0 2 0
 93 4013.018 753.254 -6 16 0.390 0.390 0.044000 0.208 0 2 0
 94 1554.688 388.910 -9 16 0.390 0.390 0.036000 0.190 0 2 0
 95 902.299 4049.271 10 15 0.390 0.390 0.097000 0.311 0 2 0
 96 922.586 3639.240 9 15 0.390 0.390 0.155000 0.390 0 2 0
 97 853.508 3530.677 9 15 0.390 0.390 0.168000 0.390 0 2 0
 98 2180.788 3575.583 5 15 0.390 0.390 0.142000 0.377 0 2 0
 99 3032.716 3902.443 0 15 0.390 0.390 0.119000 0.344 0 2 0
 100 4337.379 3590.427 -1 15 0.390 0.390 0.097000 0.311 0 2 0
 101 2522.615 3473.466 -3 15 0.390 0.390 0.051000 0.226 0 2 0
 102 491.253 3545.513 -5 15 0.390 0.390 0.108000 0.327 0 2 0
 103 3911.559 3872.373 -7 15 0.390 0.390 0.119000 0.344 0 2 0
 104 3047.498 3803.248 -8 15 0.390 0.390 0.119000 0.344 0 2 0
 105 262.129 3527.552 -11 15 0.390 0.390 0.130000 0.360 0 2 0
 106 4870.041 456.568 -10 15 0.390 0.390 0.044000 0.208 0 2 0
 107 2985.426 1023.583 -11 15 0.390 0.390 0.036000 0.190 0 2 0
 108 2921.549 3584.846 10 14 0.390 0.390 0.130000 0.360 0 2 0
 109 3653.690 3572.741 8 14 0.390 0.390 0.119000 0.344 0 2 0
 110 972.148 3929.667 7 14 0.390 0.390 0.181000 0.390 0 2 0
 111 901.898 4144.053 6 14 0.390 0.390 0.142000 0.377 0 2 0
 112 2462.183 3572.741 1 14 0.390 0.390 0.108000 0.327 0 2 0
 113 3044.852 3860.545 0 14 0.390 0.390 0.108000 0.327 0 2 0
 114 2627.655 3575.866 0 14 0.390 0.390 0.119000 0.344 0 2 0
 115 2405.195 3587.971 -3 14 0.390 0.390 0.108000 0.327 0 2 0
 116 3028.058 4135.466 -6 14 0.390 0.390 0.130000 0.360 0 2 0
 117 923.333 3671.151 -7 14 0.390 0.390 0.195000 0.390 0 2 0
 118 4478.289 3884.756 -9 14 0.390 0.390 0.119000 0.344 0 2 0
 119 3915.521 3719.963 -10 14 0.390 0.390 0.155000 0.390 0 2 0
 120 1920.203 2126.174 -2 14 0.390 0.390 0.168000 0.390 0 2 0
 121 2736.945 828.581 7 14 0.390 0.390 0.051000 0.226 0 2 0
 122 2849.728 1008.995 4 14 0.390 0.390 0.036000 0.190 0 2 0
 123 4057.685 3594.843 -12 13 0.390 0.390 0.119000 0.344 0 2 0
 124 4298.100 3591.722 -8 13 0.390 0.390 0.168000 0.390 0 2 0
 125 279.896 3549.547 -4 13 0.390 0.390 0.130000 0.360 0 2 0
 126 1906.571 3796.738 11 13 0.390 0.390 0.030000 0.172 0 2 0
 127 1974.481 3654.789 11 13 1.561 1.952 0.363000 0.602 0 2 0
 128 1977.602 3651.664 11 13 0.390 0.390 0.225000 0.390 0 2 0
 129 1974.481 3650.297 11 13 0.780 1.562 0.256000 0.506 0 2 0
 130 1980.137 3649.320 11 13 0.390 0.390 0.256000 0.390 0 2 0
 131 1983.259 3743.043 11 13 0.390 1.171 0.225000 0.390 0 2 0
 132 1983.259 3647.172 11 13 0.390 0.781 0.240000 0.390 0 2 0
 133 2038.876 3682.515 11 13 0.780 1.171 0.240000 0.490 0 2 0
 134 2038.876 3676.461 11 13 0.780 2.343 0.273000 0.522 0 2 0
 135 2042.778 3677.242 11 13 0.390 0.781 0.210000 0.390 0 2 0
 136 2042.778 3671.187 11 13 0.390 1.171 0.210000 0.390 0 2 0
 137 2039.067 3598.750 11 13 1.170 0.781 0.273000 0.522 0 2 0
 138 4477.613 4131.792 -13 13 0.390 0.390 0.119000 0.344 0 2 0
 139 1197.692 2290.125 -7 13 0.390 0.390 0.044000 0.208 0 2 0
 140 3106.599 458.840 -12 13 0.390 0.390 0.051000 0.226 0 2 0
 141 3114.013 462.742 -12 13 0.780 0.390 0.130000 0.360 0 2 0
 142 3119.869 460.007 -12 13 0.780 0.390 0.059000 0.243 0 2 0
 143 3124.939 395.769 -12 13 0.390 0.390 0.051000 0.226 0 2 0
 144 3119.478 392.648 -12 13 3.122 3.905 0.256000 0.506 0 2 0
 145 2016.972 3923.809 -13 12 0.390 0.390 0.210000 0.390 0 2 0
 146 302.498 3527.833 -8 12 0.390 0.390 0.108000 0.327 0 2 0
 147 3921.071 3735.583 -7 12 0.390 0.390 0.168000 0.390 0 2 0
 148 3931.595 3907.407 -4 12 0.390 0.390 0.181000 0.390 0 2 0
 149 3047.219 3930.055 2 12 0.390 0.390 0.108000 0.327 0 2 0
 150 731.349 3546.188 5 12 0.390 0.390 0.108000 0.327 0 2 0
 151 3038.209 3816.028 10 12 0.390 0.390 0.119000 0.344 0 2 0
 152 3512.367 3573.134 14 12 0.390 0.390 0.142000 0.377 0 2 0
 153 4280.142 3588.502 -12 11 0.390 0.390 0.130000 0.360 0 2 0
 154 594.031 3534.611 -9 11 0.390 0.390 0.256000 0.390 0 2 0
 155 986.956 4086.400 3 11 0.390 0.390 0.097000 0.311 0 2 0
 156 1366.279 3833.740 6 11 0.390 0.390 0.044000 0.208 0 2 0
 157 927.604 3809.920 8 11 0.390 0.390 0.195000 0.390 0 2 0
 158 2135.475 3576.396 10 11 0.390 0.390 0.119000 0.344 0 2 0
 159 1224.763 2087.217 -3 11 0.390 0.390 0.044000 0.208 0 2 0
 160 495.282 594.666 -7 11 0.390 0.390 0.036000 0.190 0 2 0
 161 425.398 641.135 -3 11 0.390 0.390 0.036000 0.190 0 2 0
 162 3076.105 757.115 -3 11 0.390 0.390 0.044000 0.208 0 2 0
 163 1630.869 527.889 8 11 0.390 0.390 0.044000 0.208 0 2 0
 164 963.979 3926.355 10 10 0.390 0.390 0.195000 0.390 0 2 0
 165 1776.930 3419.476 7 10 4.683 0.390 0.077000 0.277 0 2 0
 166 3892.655 3572.163 -5 10 0.390 0.390 0.155000 0.390 0 2 0
 167 968.395 3927.136 -9 10 0.390 0.390 0.181000 0.390 0 2 0
 168 3524.677 3594.034 -12 10 0.390 0.390 0.097000 0.311 0 2 0
 169 3161.345 3570.210 -14 10 0.390 0.390 0.119000 0.344 0 2 0
 170 1221.967 2507.280 -8 10 0.390 0.390 0.036000 0.190 0 2 0
 171 2740.146 736.308 2 10 0.390 0.390 0.051000 0.226 0 2 0
 172 4870.669 370.401 -5 10 0.390 0.390 0.044000 0.208 0 2 0
 173 4323.947 681.640 -12 10 0.390 0.390 0.059000 0.243 0 2 0
 174 3032.873 3604.918 -8 9 0.390 0.390 0.142000 0.377 0 2 0
 175 924.650 3902.484 -10 9 0.390 0.390 0.195000 0.390 0 2 0
 176 243.570 850.477 2 9 0.390 0.390 0.077000 0.277 0 2 0
 177 1934.248 3590.392 -12 8 0.390 0.390 0.225000 0.390 0 2 0
 178 857.482 3534.357 -10 8 0.390 0.390 0.119000 0.344 0 2 0
 179 541.645 3525.177 11 8 0.390 0.390 0.108000 0.327 0 2 0
 180 1099.328 3591.173 14 8 0.390 0.390 0.195000 0.390 0 2 0
 181 3029.210 4008.236 14 8 0.390 0.390 0.108000 0.327 0 2 0
 182 3528.839 1891.962 5 8 0.390 0.390 0.036000 0.190 0 2 0
 183 4151.750 814.552 -11 8 0.390 0.390 0.044000 0.208 0 2 0
 184 4753.520 691.150 -6 8 0.390 0.390 0.210000 0.390 0 2 0
 185 3589.668 3586.221 16 7 0.390 0.390 0.225000 0.390 0 2 0
 186 2060.601 3589.737 14 7 0.390 0.390 0.210000 0.390 0 2 0
 187 364.107 3418.303 13 7 0.390 0.390 0.044000 0.208 0 2 0
 188 2002.081 4052.491 10 7 0.390 0.390 0.130000 0.360 0 2 0
 189 1776.916 3418.889 6 7 4.683 0.390 0.051000 0.226 0 2 0
 190 966.728 3947.053 4 7 0.390 0.390 0.168000 0.390 0 2 0
 191 2777.254 3506.557 -9 7 0.390 0.390 0.044000 0.208 0 2 0
 192 2888.883 3587.393 -11 7 0.390 0.390 0.142000 0.377 0 2 0
 193 2916.986 3573.725 -12 7 0.390 0.390 0.225000 0.390 0 2 0
 194 1207.076 2539.037 7 7 0.390 0.390 0.036000 0.190 0 2 0
 195 972.134 3947.240 15 6 0.390 0.390 0.142000 0.377 0 2 0
 196 118.220 3844.144 15 6 0.390 0.390 0.168000 0.390 0 2 0
 197 3029.249 3569.226 14 6 0.390 0.390 0.142000 0.377 0 2 0
 198 322.824 3533.300 1 6 0.390 0.390 0.097000 0.311 0 2 0
 199 3919.238 3946.849 -11 6 0.390 0.390 0.168000 0.390 0 2 0
 200 435.215 1958.195 -11 6 0.390 0.390 0.130000 0.360 0 2 0
 201 4625.580 2461.558 -17 6 0.390 0.390 0.181000 0.390 0 2 0
 202 3247.089 527.685 4 6 0.390 0.390 0.108000 0.327 0 2 0
 203 411.024 636.246 1 6 0.390 0.390 0.044000 0.208 0 2 0
 204 3546.035 3508.620 -9 5 0.390 0.390 0.059000 0.243 0 2 0
 205 4352.562 3444.577 14 5 0.390 0.390 0.036000 0.190 0 2 0
 206 4483.127 3863.983 -17 5 0.390 0.390 0.181000 0.390 0 2 0
 207 4616.286 2230.768 13 5 0.390 0.390 0.108000 0.327 0 2 0
 208 3965.909 2606.438 12 5 0.390 0.390 0.087000 0.294 0 2 0
 209 1233.675 2499.438 6 5 0.390 0.390 0.044000 0.208 0 2 0
 210 1236.939 1977.329 -14 5 0.390 0.390 0.051000 0.226 0 2 0
 211 3331.417 603.092 -13 5 0.390 0.390 0.195000 0.390 0 2 0
 212 3321.659 572.436 -13 5 0.780 0.781 0.273000 0.522 0 2 0
 213 3337.074 572.436 -13 5 1.170 0.781 0.307000 0.554 0 2 0
 214 3336.878 550.374 -13 5 0.780 1.171 0.509000 0.713 0 2 0
 215 3344.488 502.926 -13 5 2.731 2.343 0.325000 0.570 0 2 0
 216 3361.074 636.284 -13 5 1.561 1.171 0.509000 0.713 0 2 0
 217 3361.074 615.588 -13 5 1.561 1.952 0.509000 0.713 0 2 0
 218 3350.152 602.506 -13 5 1.561 1.562 0.509000 0.713 0 2 0
 219 3359.714 504.098 -13 5 0.390 0.390 0.256000 0.390 0 2 0
 220 3360.488 481.057 -13 5 3.512 5.467 0.509000 0.713 0 2 0
 221 3375.519 478.715 -13 5 1.561 1.562 0.422000 0.649 0 2 0
 222 3373.566 462.704 -13 5 0.390 0.781 0.486000 0.390 0 2 0
 223 3378.441 460.360 -13 5 1.951 1.562 0.273000 0.522 0 2 0
 224 3382.933 459.579 -13 5 0.390 0.390 0.307000 0.390 0 2 0
 225 3415.909 675.725 -13 5 1.170 0.390 0.486000 0.390 0 2 0
 226 3412.394 673.188 -13 5 0.390 0.781 0.240000 0.390 0 2 0
 227 3399.519 663.620 -13 5 0.390 0.390 0.240000 0.390 0 2 0
 228 3386.831 461.337 -13 5 0.390 0.390 0.443000 0.390 0 2 0
 229 3394.636 451.770 -13 5 2.341 3.124 0.382000 0.618 0 2 0
 230 3389.956 441.616 -13 5 0.780 1.562 0.465000 0.681 0 2 0
 231 3397.566 439.860 -13 5 1.951 1.952 1.688000 1.299 0 2 0
 232 3389.956 436.735 -13 5 0.780 1.171 0.486000 0.697 0 2 0
 233 3467.230 707.942 -13 5 12.488 3.124 0.307000 0.554 0 2 0
 234 3438.738 693.104 -13 5 2.341 1.562 0.225000 0.474 0 2 0
 235 3439.128 680.217 -13 5 1.561 0.781 0.422000 0.649 0 2 0
 236 3434.449 676.311 -13 5 0.390 0.390 0.195000 0.390 0 2 0
 237 3493.378 972.122 -13 5 0.780 1.171 0.108000 0.327 0 2 0
 238 3503.527 949.471 -13 5 0.780 0.390 0.068000 0.260 0 2 0
 239 3503.722 938.147 -13 5 1.951 9.762 0.509000 0.713 0 2 0
 240 3490.058 935.999 -13 5 0.390 4.686 0.290000 0.390 0 2 0
 241 3498.449 910.811 -13 5 0.780 0.390 0.465000 0.390 0 2 0
 242 3494.550 718.487 -13 5 0.390 0.390 0.240000 0.390 0 2 0
 243 3539.628 1026.989 -13 5 5.073 3.124 0.443000 0.665 0 2 0
 244 3533.964 1022.887 -13 5 0.780 0.390 0.119000 0.344 0 2 0
 245 3529.870 1019.960 -13 5 0.390 0.390 0.108000 0.327 0 2 0
 246 3541.183 1011.172 -13 5 2.731 3.514 0.509000 0.713 0 2 0
 247 3509.769 1001.020 -13 5 0.390 0.390 0.087000 0.294 0 2 0
 248 3506.058 996.333 -13 5 1.170 0.390 0.087000 0.294 0 2 0
 249 3519.331 990.866 -13 5 0.390 1.171 0.155000 0.390 0 2 0
 250 3519.136 984.618 -13 5 0.390 0.390 0.119000 0.344 0 2 0
 251 3513.089 981.104 -13 5 0.390 3.514 0.077000 0.277 0 2 0
 252 3513.284 973.489 -13 5 0.390 0.781 0.087000 0.294 0 2 0
 253 3505.675 963.530 -13 5 0.390 1.952 0.155000 0.390 0 2 0
 254 3515.034 909.446 -13 5 3.512 4.686 0.509000 0.713 0 2 0
 255 3517.378 882.891 -13 5 1.170 1.562 0.465000 0.681 0 2 0
 256 3539.042 855.165 -13 5 3.902 3.905 4.062000 2.015 0 2 0
 257 3542.745 849.698 -13 5 1.951 0.781 0.290000 0.538 0 2 0
 258 3569.870 1042.413 -13 5 0.780 5.076 0.059000 0.243 0 2 0
 259 3561.675 1026.208 -13 5 0.390 0.390 0.044000 0.208 0 2 0
 260 3554.066 854.774 -13 5 6.634 4.686 6.923000 2.631 0 2 0
 261 3545.870 844.620 -13 5 2.731 3.905 1.016000 1.007 0 2 0
 262 3559.136 844.036 -13 5 0.390 1.952 0.422000 0.390 0 2 0
 263 3559.917 837.006 -13 5 1.951 7.419 2.831000 1.682 0 2 0
 264 3572.409 624.764 -13 5 0.390 1.562 0.465000 0.390 0 2 0
 265 3578.261 624.569 -13 5 0.390 1.952 0.465000 0.390 0 2 0
 266 3590.753 1053.153 -13 5 0.390 0.781 0.051000 0.226 0 2 0
 267 3674.855 874.690 -13 5 1.561 2.343 0.465000 0.681 0 2 0
 268 3705.683 942.833 -13 5 0.390 0.390 0.036000 0.190 0 2 0
 269 425.061 646.633 -10 5 0.390 0.390 0.051000 0.226 0 2 0
 270 4477.615 691.151 -10 5 0.390 0.390 0.142000 0.377 0 2 0
 271 1436.177 905.930 0 5 0.390 0.390 0.036000 0.190 0 2 0
 272 1436.504 905.930 9 5 0.390 0.390 0.036000 0.190 0 2 0
 273 2712.288 757.147 10 5 0.390 0.390 0.044000 0.208 0 2 0
 274 1774.813 3419.140 2 4 1.170 0.390 0.077000 0.277 0 2 0
 275 1777.740 3418.945 2 4 0.390 0.390 0.068000 0.260 0 2 0
 276 3088.370 4053.129 -13 4 0.390 0.390 0.290000 0.390 0 2 0
 277 3101.636 3964.679 -13 4 0.390 0.390 0.168000 0.390 0 2 0
 278 3098.909 3963.117 -13 4 0.780 1.952 0.443000 0.665 0 2 0
 279 3102.808 3955.111 -13 4 0.780 0.781 0.225000 0.474 0 2 0
 280 3095.784 3950.425 -13 4 0.780 0.781 0.168000 0.409 0 2 0
 281 3095.394 3947.498 -13 4 0.780 0.390 0.256000 0.390 0 2 0
 282 3106.909 3946.131 -13 4 1.170 0.781 0.290000 0.538 0 2 0
 283 3098.324 3942.420 -13 4 0.390 0.390 0.307000 0.390 0 2 0
 284 3069.245 4020.912 -13 4 0.390 1.952 0.210000 0.390 0 2 0
 285 3069.831 4015.445 -13 4 0.390 1.952 0.363000 0.390 0 2 0
 286 569.208 3545.859 -16 4 0.390 0.390 0.142000 0.377 0 2 0
 287 3783.708 994.998 4 4 0.390 0.390 0.036000 0.190 0 2 0
 288 1999.054 3876.729 -15 3 0.390 0.390 0.051000 0.226 0 2 0
 289 600.321 3527.614 -14 3 0.390 0.390 0.155000 0.390 0 2 0
 290 247.120 3530.348 -13 3 0.390 0.390 0.142000 0.377 0 2 0
 291 926.191 3963.811 -13 3 0.390 0.390 0.168000 0.390 0 2 0
 292 1152.537 3588.925 -12 3 0.390 0.390 0.195000 0.390 0 2 0
 293 2005.264 4046.210 17 3 0.390 0.390 0.181000 0.390 0 2 0
 294 459.333 2541.956 13 3 0.390 0.390 0.130000 0.360 0 2 0
 295 2969.288 2224.864 -6 3 0.390 0.390 0.044000 0.208 0 2 0
 296 968.399 2543.909 -9 3 0.390 0.390 0.051000 0.226 0 2 0
 297 4419.742 846.089 6 3 0.390 0.390 0.036000 0.190 0 2 0
 298 237.192 756.272 11 3 0.390 0.390 0.036000 0.190 0 2 0
 299 4865.355 853.118 16 3 0.390 0.390 0.059000 0.243 0 2 0
 300 2645.134 3565.252 -14 2 1.951 2.733 0.307000 0.554 0 2 0
 301 2643.962 3560.761 -14 2 0.390 0.390 0.119000 0.344 0 2 0
 302 2651.181 3551.975 -14 2 0.780 0.390 0.130000 0.360 0 2 0
 303 2664.837 3545.531 -14 2 0.390 0.390 0.044000 0.208 0 2 0
 304 2698.790 3581.849 -14 2 0.780 0.390 0.036000 0.190 0 2 0
 305 2687.282 3566.033 -14 2 1.170 1.171 0.240000 0.490 0 2 0
 306 1024.125 3436.970 -11 2 0.390 0.390 0.044000 0.208 0 2 0
 307 2890.968 3595.126 14 2 0.390 0.390 0.181000 0.390 0 2 0
 308 3948.973 3884.883 16 2 0.390 0.390 0.210000 0.390 0 2 0
 309 801.815 3542.798 19 2 0.390 0.390 0.142000 0.377 0 2 0
 310 1233.360 2499.141 -2 2 0.390 0.390 0.036000 0.190 0 2 0
 311 2375.970 2185.562 -14 2 0.390 0.781 0.059000 0.243 0 2 0
 312 2369.142 2159.789 -14 2 0.390 0.390 0.030000 0.172 0 2 0
 313 2332.064 2155.494 -14 2 0.390 0.390 0.030000 0.172 0 2 0
 314 977.640 888.404 -6 2 0.390 0.390 0.036000 0.190 0 2 0
 315 2883.907 961.430 18 2 0.390 0.390 0.051000 0.226 0 2 0
 316 3847.072 3570.539 15 1 0.390 0.390 0.181000 0.390 0 2 0
 317 903.262 3925.511 16 1 0.390 0.390 0.210000 0.390 0 2 0
 318 2758.926 1955.272 1 1 0.390 0.390 0.051000 0.226 0 2 0
 319 1610.755 1887.324 1 1 0.390 0.390 0.059000 0.243 0 2 0
 320 2980.800 856.257 2 1 0.390 0.390 0.044000 0.208 0 2 0
 321 1556.677 395.263 5 1 0.390 0.390 0.036000 0.190 0 2 0
 322 456.959 3531.363 17 0 0.390 0.390 0.181000 0.390 0 2 0
 323 2020.323 3937.492 -17 0 0.390 0.390 0.225000 0.390 0 2 0
 324 3947.526 2188.656 -1 0 0.390 0.390 0.051000 0.226 0 2 0
 325 3021.148 757.318 5 0 0.390 0.390 0.051000 0.226 0 2 0
 326 1564.820 387.898 -11 0 0.390 0.390 0.059000 0.243 0 2 0
 327 4461.642 3866.825 -14 -1 0.390 0.390 0.195000 0.390 0 2 0
 328 3918.370 3644.431 -13 -1 0.390 0.390 0.168000 0.390 0 2 0
 329 4108.785 3821.917 -9 -1 0.390 0.390 0.044000 0.208 0 2 0
 330 3034.148 3716.870 14 -1 0.390 0.390 0.108000 0.327 0 2 0
 331 1987.816 3747.330 16 -1 0.390 0.390 0.142000 0.377 0 2 0
 332 3158.885 2401.358 8 -1 0.390 0.390 0.036000 0.190 0 2 0
 333 2973.565 2374.803 2 -1 0.390 0.390 0.044000 0.208 0 2 0
 334 1567.361 396.504 -10 -1 0.390 0.390 0.044000 0.208 0 2 0
 335 2314.338 778.031 -10 -1 0.390 0.390 0.030000 0.172 0 2 0
 336 2853.689 765.925 -10 -1 0.390 0.390 0.036000 0.190 0 2 0
 337 4432.406 851.837 -18 -1 0.390 0.390 0.077000 0.277 0 2 0
 338 922.572 3693.190 15 -2 0.390 0.390 0.168000 0.390 0 2 0
 339 3890.629 3646.328 9 -2 0.390 0.390 0.097000 0.311 0 2 0
 340 2792.334 3508.089 -3 -2 0.390 0.390 0.068000 0.260 0 2 0
 341 358.420 3805.265 -3 -2 0.390 0.390 0.051000 0.226 0 2 0
 342 4432.939 3579.942 -14 -2 0.390 0.390 0.108000 0.327 0 2 0
 343 3915.458 3618.993 -16 -2 0.390 0.390 0.181000 0.390 0 2 0
 344 3967.588 1973.626 -17 -2 0.390 0.390 0.108000 0.327 0 2 0
 345 3908.938 2145.059 -6 -2 0.390 0.390 0.030000 0.172 0 2 0
 346 2709.314 856.538 6 -2 0.390 0.390 0.044000 0.208 0 2 0
 347 410.326 614.423 -3 -2 0.390 0.390 0.044000 0.208 0 2 0
 348 2735.981 834.280 -7 -2 0.390 0.390 0.036000 0.190 0 2 0
 349 2935.826 823.345 -10 -2 0.390 0.390 0.044000 0.208 0 2 0
 350 2736.019 848.728 -11 -2 0.390 0.390 0.044000 0.208 0 2 0
 351 2006.077 3989.820 -15 -3 0.390 0.390 0.155000 0.390 0 2 0
 352 4456.173 3719.979 -14 -3 0.390 0.390 0.108000 0.327 0 2 0
 353 923.449 3808.624 -13 -3 0.390 0.390 0.108000 0.327 0 2 0
 354 924.998 3591.501 -12 -3 0.390 0.390 0.168000 0.390 0 2 0
 355 3927.332 3693.424 -11 -3 0.390 0.390 0.155000 0.390 0 2 0
 356 328.989 3804.329 -5 -3 0.390 0.390 0.044000 0.208 0 2 0
 357 309.660 3530.973 16 -3 0.390 0.390 0.119000 0.344 0 2 0
 358 2711.914 852.852 1 -3 0.390 0.390 0.044000 0.208 0 2 0
 359 908.902 3720.775 16 -4 0.390 0.390 0.168000 0.390 0 2 0
 360 3943.130 4061.298 -12 -4 0.390 0.390 0.181000 0.390 0 2 0
 361 128.261 3974.605 -13 -4 0.390 0.390 0.130000 0.360 0 2 0
 362 4478.407 3962.500 -14 -4 0.390 0.390 0.168000 0.390 0 2 0
 363 3850.745 2087.405 -2 -4 0.390 0.390 0.044000 0.208 0 2 0
 364 2080.717 2120.598 14 -4 0.390 0.390 0.044000 0.208 0 2 0
 365 2709.285 851.556 9 -4 0.390 0.390 0.051000 0.226 0 2 0
 366 2173.513 635.996 2 -4 0.390 0.390 0.036000 0.190 0 2 0
 367 2766.380 757.834 -3 -4 0.390 0.390 0.036000 0.190 0 2 0
 368 2735.941 823.830 -3 -4 0.390 0.390 0.044000 0.208 0 2 0
 369 2316.011 804.695 -3 -4 0.390 0.390 0.051000 0.226 0 2 0
 370 2739.521 735.184 -10 -4 0.390 0.390 0.036000 0.190 0 2 0
 371 837.614 3536.425 -16 -5 0.390 0.390 0.168000 0.390 0 2 0
 372 965.597 3929.666 -13 -5 0.390 0.390 0.195000 0.390 0 2 0
 373 424.084 3530.176 -12 -5 0.390 0.390 0.155000 0.390 0 2 0
 374 326.986 3803.923 0 -5 0.390 0.390 0.044000 0.208 0 2 0
 375 4231.882 3590.314 14 -5 0.390 0.390 0.155000 0.390 0 2 0
 376 4477.359 3775.805 14 -5 0.390 0.390 0.181000 0.390 0 2 0
 377 4650.236 3528.223 15 -5 0.390 0.390 0.044000 0.208 0 2 0
 378 2092.300 1021.974 -13 -5 0.390 0.390 0.108000 0.327 0 2 0
 379 2738.176 756.818 -11 -5 0.390 0.390 0.036000 0.190 0 2 0
 380 2711.480 859.912 5 -5 0.390 0.390 0.068000 0.260 0 2 0
 381 980.826 4027.513 5 -6 0.390 0.390 0.155000 0.390 0 2 0
 382 399.880 3527.270 -12 -6 0.390 0.390 0.130000 0.360 0 2 0
 383 1921.363 2186.204 -13 -6 0.390 0.390 0.108000 0.327 0 2 0
 384 1034.943 2349.436 -1 -6 0.390 0.390 0.059000 0.243 0 2 0
 385 2573.745 2097.557 2 -6 0.390 0.390 0.044000 0.208 0 2 0
 386 3584.270 572.843 9 -6 0.390 0.390 0.044000 0.208 0 2 0
 387 2709.308 832.530 7 -6 0.390 0.390 0.051000 0.226 0 2 0
 388 2859.200 1104.325 4 -6 0.390 0.390 0.036000 0.190 0 2 0
 389 610.468 3529.225 -15 -7 0.390 0.390 0.142000 0.377 0 2 0
 390 1468.610 3970.107 -9 -7 0.390 0.390 0.108000 0.327 0 2 0
 391 3895.887 3678.008 11 -7 0.390 0.390 0.155000 0.390 0 2 0
 392 823.669 3457.760 13 -7 0.390 0.390 0.051000 0.226 0 2 0
 393 2441.563 1888.855 9 -7 0.390 0.390 0.036000 0.190 0 2 0
 394 1008.504 365.717 -11 -7 0.390 0.390 0.030000 0.172 0 2 0
 395 2741.600 852.486 -2 -7 0.390 0.390 0.059000 0.243 0 2 0
 396 2738.039 856.195 3 -7 0.390 0.390 0.036000 0.190 0 2 0
 397 922.841 3655.749 -12 -8 0.390 0.390 0.225000 0.390 0 2 0
 398 118.107 3690.894 -12 -8 0.390 0.390 0.181000 0.390 0 2 0
 399 3562.757 2247.200 -5 -8 0.390 0.390 0.044000 0.208 0 2 0
 400 3344.497 2241.538 5 -8 1.561 1.171 0.051000 0.226 0 2 0
 401 3336.693 2238.610 5 -8 3.122 1.562 0.181000 0.425 0 2 0
 402 3332.009 2237.829 5 -8 0.780 0.390 0.051000 0.226 0 2 0
 403 3427.624 1983.999 5 -8 0.390 0.390 0.044000 0.208 0 2 0
 404 2739.689 857.007 13 -8 0.390 0.390 0.044000 0.208 0 2 0
 405 3229.125 683.231 9 -8 0.390 0.390 0.036000 0.190 0 2 0
 406 3622.525 825.376 8 -8 0.390 0.390 0.044000 0.208 0 2 0
 407 1424.580 892.153 3 -8 0.390 0.390 0.036000 0.190 0 2 0
 408 3561.314 573.499 2 -8 0.390 0.390 0.036000 0.190 0 2 0
 409 571.551 455.956 -7 -8 0.390 0.390 0.030000 0.172 0 2 0
 410 2312.297 635.980 18 -8 0.390 0.390 0.130000 0.360 0 2 0
 411 190.929 3443.344 -15 -9 0.390 0.390 0.044000 0.208 0 2 0
 412 442.619 3550.342 -12 -9 0.390 0.390 0.181000 0.390 0 2 0
 413 3280.880 3922.887 5 -9 0.390 0.390 0.119000 0.344 0 2 0
 414 4402.226 3506.996 14 -9 0.390 0.390 0.051000 0.226 0 2 0
 415 3736.500 2367.836 7 -9 0.390 0.390 0.044000 0.208 0 2 0
 416 90.897 2205.778 17 -9 0.390 0.390 0.181000 0.390 0 2 0
 417 2973.894 827.672 -11 -9 0.390 0.390 0.051000 0.226 0 2 0
 418 3613.097 826.110 -5 -9 0.390 0.390 0.036000 0.190 0 2 0
 419 2853.224 869.457 -3 -9 0.390 0.390 0.044000 0.208 0 2 0
 420 265.974 795.653 13 -9 0.390 0.390 0.036000 0.190 0 2 0
 421 3912.960 4043.900 1 -10 0.390 0.390 0.119000 0.344 0 2 0
 422 4192.822 3883.790 -3 -10 0.390 0.390 0.155000 0.390 0 2 0
 423 2157.177 4002.896 -3 -10 0.390 0.390 0.097000 0.311 0 2 0
 424 1984.357 3749.454 -10 -10 0.390 0.390 0.097000 0.311 0 2 0
 425 4475.863 4097.005 -13 -10 0.390 0.390 0.195000 0.390 0 2 0
 426 4472.751 3834.197 -14 -10 0.390 0.390 0.168000 0.390 0 2 0
 427 323.811 3804.517 -15 -10 0.390 0.390 0.051000 0.226 0 2 0
 428 1616.120 2005.322 -8 -10 0.390 0.390 0.044000 0.208 0 2 0
 429 2850.580 830.783 8 -10 0.390 0.390 0.044000 0.208 0 2 0
 430 2735.568 851.478 -4 -10 0.390 0.390 0.051000 0.226 0 2 0
 431 828.733 919.427 -6 -10 0.390 0.390 0.036000 0.190 0 2 0
 432 3048.079 3643.362 -14 -11 0.390 0.390 0.155000 0.390 0 2 0
 433 4464.355 3979.588 -13 -11 0.390 0.390 0.168000 0.390 0 2 0
 434 2344.009 3591.034 -12 -11 0.390 0.390 0.181000 0.390 0 2 0
 435 2557.099 3591.034 -12 -11 0.390 0.390 0.119000 0.344 0 2 0
 436 3486.581 3942.491 2 -11 0.390 0.390 0.036000 0.190 0 2 0
 437 2387.163 3926.479 5 -11 0.390 0.390 0.181000 0.390 0 2 0
 438 3401.796 3926.088 12 -11 0.390 0.390 0.097000 0.311 0 2 0
 439 1063.647 3535.971 17 -11 0.390 0.390 0.077000 0.277 0 2 0
 440 3895.417 2367.713 -1 -11 0.390 0.390 0.030000 0.172 0 2 0
 441 3167.986 2161.522 -4 -11 0.390 0.390 0.036000 0.190 0 2 0
 442 2711.566 856.194 -4 -11 0.390 0.390 0.051000 0.226 0 2 0
 443 1630.471 363.178 1 -11 0.390 0.390 0.059000 0.243 0 2 0
 444 4003.298 398.131 2 -11 0.390 0.390 0.044000 0.208 0 2 0
 445 766.767 461.198 5 -11 0.390 0.390 0.108000 0.327 0 2 0
 446 2407.960 3569.554 14 -12 0.390 0.390 0.155000 0.390 0 2 0
 447 1984.525 3881.570 13 -12 0.390 0.390 0.142000 0.377 0 2 0
 448 129.995 3961.625 10 -12 0.390 0.390 0.168000 0.390 0 2 0
 449 133.510 3941.710 10 -12 0.390 0.390 0.195000 0.390 0 2 0
 450 3595.255 4005.363 4 -12 0.390 0.390 0.142000 0.377 0 2 0
 451 1353.978 4005.363 0 -12 0.390 0.390 0.155000 0.390 0 2 0
 452 2017.456 4022.546 -2 -12 0.390 0.390 0.155000 0.390 0 2 0
 453 3324.107 3533.824 -5 -12 0.390 0.390 0.059000 0.243 0 2 0
 454 3049.427 4068.625 -12 -12 0.390 0.390 0.225000 0.390 0 2 0
 455 3846.135 2448.015 -10 -12 0.390 0.390 0.044000 0.208 0 2 0
 456 1206.586 2517.136 6 -12 0.390 0.390 0.036000 0.190 0 2 0
 457 2358.902 447.863 2 -12 0.390 0.390 0.036000 0.190 0 2 0
 458 4457.087 3728.133 11 -13 0.390 0.390 0.181000 0.390 0 2 0
 459 3909.405 3620.743 -15 -13 0.390 0.390 0.130000 0.360 0 2 0
 460 1776.181 2010.383 7 -13 0.390 0.390 0.030000 0.172 0 2 0
 461 3282.594 456.829 -11 -13 0.390 0.390 0.051000 0.226 0 2 0
 462 324.304 643.493 -6 -13 0.390 0.390 0.059000 0.243 0 2 0
 463 4278.463 855.540 -1 -13 0.390 0.390 0.051000 0.226 0 2 0
 464 3817.838 624.751 10 -13 0.390 0.390 0.036000 0.190 0 2 0
 465 2255.005 3594.689 11 -14 0.390 0.390 0.210000 0.390 0 2 0
 466 1143.949 3440.439 7 -14 0.390 0.390 0.051000 0.226 0 2 0
 467 3948.130 3875.463 -3 -14 0.390 0.390 0.155000 0.390 0 2 0
 468 4704.321 2360.697 -9 -14 0.390 0.390 0.142000 0.377 0 2 0
 469 3537.639 2344.299 8 -14 0.390 0.390 0.036000 0.190 0 2 0
 470 2816.414 1997.916 9 -14 0.390 0.390 0.044000 0.208 0 2 0
 471 3308.915 2177.939 11 -14 0.390 0.390 0.051000 0.226 0 2 0
 472 3248.210 685.670 14 -14 0.390 0.390 0.051000 0.226 0 2 0
 473 4377.367 856.713 3 -14 0.390 0.390 0.044000 0.208 0 2 0
 474 1622.652 820.002 3 -14 0.390 0.390 0.036000 0.190 0 2 0
 475 4384.822 846.166 -1 -14 0.390 0.390 0.051000 0.226 0 2 0
 476 2429.271 939.498 -10 -14 0.390 0.390 0.195000 0.390 0 2 0
 477 4174.306 397.865 15 -14 0.390 0.390 0.051000 0.226 0 2 0
 478 3302.883 3534.175 -11 -15 0.390 0.390 0.044000 0.208 0 2 0
 479 3929.652 4103.925 -11 -15 0.390 0.390 0.168000 0.390 0 2 0
 480 985.403 4025.823 -5 -15 0.390 0.390 0.108000 0.327 0 2 0
 481 1275.550 3847.948 -3 -15 0.390 0.390 0.168000 0.390 0 2 0
 482 1292.136 3831.546 -3 -15 3.122 6.638 0.486000 0.697 0 2 0
 483 1292.722 3824.323 -3 -15 1.170 1.562 0.532000 0.729 0 2 0
 484 1308.918 3818.464 -3 -15 0.390 0.390 0.119000 0.344 0 2 0
 485 1313.992 3810.655 -3 -15 0.390 0.390 0.195000 0.390 0 2 0
 486 1305.601 3809.288 -3 -15 0.390 0.390 0.097000 0.311 0 2 0
 487 1317.308 3796.011 -3 -15 0.390 0.390 0.168000 0.390 0 2 0
 488 1319.064 3810.655 -3 -15 0.390 0.390 0.240000 0.390 0 2 0
 489 1319.064 3803.237 -3 -15 0.390 0.390 0.210000 0.390 0 2 0
 490 1329.017 3800.698 -3 -15 0.390 0.390 0.168000 0.390 0 2 0
 491 1424.046 3885.632 -3 -15 0.390 0.390 0.240000 0.390 0 2 0
 492 1436.535 3885.632 -3 -15 0.390 0.390 0.256000 0.390 0 2 0
 493 1484.148 3873.136 -3 -15 0.390 0.390 0.240000 0.390 0 2 0
 494 1591.082 3548.038 -3 -15 0.780 0.390 0.210000 0.390 0 2 0
 495 1622.890 3534.370 -3 -15 5.073 0.390 0.087000 0.294 0 2 0
 496 1614.109 3530.854 -3 -15 0.780 1.171 0.142000 0.377 0 2 0
 497 1625.816 3523.241 -3 -15 0.390 0.390 0.077000 0.277 0 2 0
 498 1657.039 3820.807 -3 -15 1.561 2.343 0.486000 0.697 0 2 0
 499 1637.330 3534.956 -3 -15 0.390 0.390 0.097000 0.311 0 2 0
 500 1687.283 3810.069 -3 -15 8.976 1.952 11.150000 1.952 0 2 0
 501 1701.529 3809.483 -3 -15 0.780 0.390 0.307000 0.390 0 2 0
 502 1696.650 3803.237 -3 -15 0.390 0.390 0.240000 0.390 0 2 0
 503 1684.943 3499.421 -3 -15 0.390 2.343 0.225000 0.390 0 2 0
 504 1687.478 3496.491 -3 -15 0.390 1.171 0.181000 0.390 0 2 0
 505 1734.505 3792.690 -3 -15 6.634 0.390 0.290000 0.390 0 2 0
 506 1710.894 3480.675 -3 -15 0.390 0.390 0.097000 0.311 0 2 0
 507 1717.334 3444.554 -3 -15 0.390 0.390 0.087000 0.294 0 2 0
 508 1979.009 3690.768 -3 -15 0.390 0.390 0.256000 0.390 0 2 0
 509 1973.351 3689.401 -3 -15 1.170 1.952 0.382000 0.618 0 2 0
 510 1979.009 3685.694 -3 -15 0.390 0.390 0.256000 0.390 0 2 0
 511 1950.910 3444.749 -3 -15 0.780 0.390 0.097000 0.311 0 2 0
 512 1982.132 3688.229 -3 -15 0.390 0.390 0.240000 0.390 0 2 0
 513 2038.136 3663.823 -3 -15 0.390 0.781 0.240000 0.390 0 2 0
 514 2037.746 3658.163 -3 -15 1.170 4.295 0.325000 0.570 0 2 0
 515 2041.453 3656.600 -3 -15 0.390 1.952 0.256000 0.390 0 2 0
 516 2161.461 3597.046 -3 -15 1.170 0.390 0.130000 0.360 0 2 0
 517 2226.246 3563.854 -3 -15 1.951 0.390 0.119000 0.344 0 2 0
 518 2275.224 3539.253 -3 -15 0.390 0.390 0.087000 0.294 0 2 0
 519 2347.228 3504.104 -3 -15 0.390 0.390 0.077000 0.277 0 2 0
 520 2354.449 3500.593 -3 -15 1.561 0.781 0.181000 0.425 0 2 0
 521 2396.207 3480.675 -3 -15 1.561 0.781 0.486000 0.697 0 2 0
 522 2445.771 3457.636 -3 -15 0.390 0.390 0.422000 0.390 0 2 0
 523 2470.945 3445.921 -3 -15 1.951 0.781 0.465000 0.681 0 2 0
 524 2491.824 3436.550 -3 -15 0.390 0.390 0.225000 0.390 0 2 0
 525 2554.237 3575.569 0 -15 0.390 0.390 0.087000 0.294 0 2 0
 526 362.682 2513.136 2 -15 0.390 0.390 0.142000 0.377 0 2 0
 527 1917.263 2012.507 -12 -15 0.390 0.390 0.181000 0.390 0 2 0
 528 2853.113 829.319 7 -15 0.390 0.390 0.077000 0.277 0 2 0
 529 2741.848 966.194 11 -15 0.390 0.390 0.030000 0.172 0 2 0
 530 601.819 3933.664 12 -16 0.390 0.390 0.225000 0.390 0 2 0
 531 3926.698 3789.176 -6 -16 0.390 0.390 0.168000 0.390 0 2 0
 532 2914.154 751.414 13 -16 0.390 0.390 0.087000 0.294 0 2 0
 533 297.819 758.055 10 -16 0.390 0.390 0.030000 0.172 0 2 0
 534 1036.287 449.750 2 -16 0.390 0.390 0.036000 0.190 0 2 0
 535 3677.738 506.562 -9 -16 0.390 0.390 0.155000 0.390 0 2 0
 536 3083.365 856.070 -10 -16 0.390 0.390 0.051000 0.226 0 2 0
 537 964.771 3962.048 -10 -17 0.390 0.390 0.195000 0.390 0 2 0
 538 4462.306 3959.704 -4 -17 0.390 0.390 0.155000 0.390 0 2 0
 539 4477.068 3908.743 3 -17 0.390 0.390 0.225000 0.390 0 2 0
 540 1396.310 1903.735 2 -17 1.170 1.171 0.465000 0.681 0 2 0
 541 1519.450 2385.814 1 -17 0.390 0.390 0.155000 0.390 0 2 0
 542 3048.821 3600.408 11 -18 0.390 0.390 0.195000 0.390 0 2 0
 543 2296.012 3587.127 9 -18 0.390 0.390 0.097000 0.311 0 2 0
 544 3940.615 4013.174 8 -18 0.390 0.390 0.108000 0.327 0 2 0
 545 3994.902 3573.072 4 -18 0.390 0.390 0.195000 0.390 0 2 0
 546 3939.522 4015.518 0 -18 0.390 0.390 0.210000 0.390 0 2 0
 547 2116.907 2545.283 3 -18 0.390 0.781 0.051000 0.226 0 2 0
 548 2147.739 2473.041 3 -18 0.390 0.781 0.068000 0.260 0 2 0
 549 3387.985 752.979 9 -18 0.390 0.390 0.044000 0.208 0 2 0
 550 2365.798 3571.980 -7 -19 0.390 0.390 0.108000 0.327 0 2 0
 551 4480.648 3822.292 -5 -19 0.390 0.390 0.168000 0.390 0 2 0
 552 626.271 3536.050 3 -19 0.390 0.390 0.108000 0.327 0 2 0
 553 310.143 3527.066 4 -19 0.390 0.390 0.108000 0.327 0 2 0
 554 970.859 3905.472 5 -19 0.390 0.390 0.195000 0.390 0 2 0
 555 4466.871 3818.386 7 -19 0.390 0.390 0.181000 0.390 0 2 0
 556 2465.119 2002.730 -3 -19 0.390 0.390 0.044000 0.208 0 2 0
 557 4348.747 671.363 -6 -19 0.390 0.390 0.036000 0.190 0 2 0
 558 3044.437 752.199 -3 -19 0.390 0.390 0.036000 0.190 0 2 0
 559 1408.690 376.136 10 -19 0.390 0.390 0.051000 0.226 0 2 0
 560 3400.104 3598.981 8 -20 0.390 0.390 0.168000 0.390 0 2 0
 561 3041.504 3730.582 2 -20 0.390 0.390 0.210000 0.390 0 2 0
 562 637.466 3531.036 0 -20 0.390 0.390 0.108000 0.327 0 2 0
 563 2326.589 3440.239 -4 -20 0.390 0.390 0.044000 0.208 0 2 0
 564 3942.704 3930.137 -5 -20 0.390 0.390 0.168000 0.390 0 2 0
 565 4473.723 3641.551 9 -20 0.390 0.390 0.195000 0.390 0 2 0
 566 4783.834 2461.309 0 -20 0.390 0.390 0.168000 0.390 0 2 0
 567 4416.582 2203.575 1 -20 0.390 0.390 0.030000 0.172 0 2 0
 568 3749.491 800.059 -2 -20 0.390 0.390 0.051000 0.226 0 2 0
 569 1717.155 3900.630 -6 -21 0.390 0.390 0.059000 0.243 0 2 0
 570 2026.589 4022.857 -1 -21 0.390 0.390 0.119000 0.344 0 2 0
 571 1747.336 2326.271 6 -21 0.390 0.390 0.044000 0.208 0 2 0
 572 398.985 2191.544 3 -21 0.390 0.390 0.051000 0.226 0 2 0
 573 3009.588 752.091 8 -21 0.390 0.390 0.044000 0.208 0 2 0
 574 2018.296 3974.327 -5 -22 0.390 0.390 0.108000 0.327 0 2 0
 575 3361.513 873.827 4 -22 0.390 0.390 0.119000 0.344 0 2 0
 576 801.738 481.756 4 -22 0.390 0.390 0.068000 0.260 0 2 0
 577 1579.945 785.186 3 -22 0.390 0.390 0.059000 0.243 0 2 0;
DieOrigin 0.0000000000e+00 0.0000000000e+00;
WaferID "@05";
Slot 5;
SampleCenterLocation 5.1542800000e+03 -2.0095600000e+03;
OrientationInstructions "";
InspectionTest 2;
AreaPerTest 1.0846900312e+09;
DefectRecordSpec 12 DEFECTID XREL YREL XINDEX YINDEX XSIZE YSIZE DEFECTAREA DSIZE CLASSNUMBER TEST IMAGECOUNT ;
DefectList
 1 1032.348 3538.835 -1 21 0.780 1.171 0.486000 0.697 0 2 0
 2 1003.078 3542.350 -1 21 1.561 0.390 0.486000 0.390 0 2 0
 3 995.663 3542.350 -1 21 5.463 0.390 0.509000 0.390 0 2 0
 4 1016.933 3539.030 -1 21 0.390 0.781 0.486000 0.390 0 2 0
 5 921.902 3591.944 -1 21 0.780 8.200 2.994000 0.780 0 2 0
 6 1098.580 4149.788 -2 21 8.976 2.343 1.815000 1.347 0 2 0
 7 1095.458 3951.022 -2 21 8.976 7.029 9.631000 3.103 0 2 0
 8 1097.019 3934.421 -2 21 12.098 21.477 29.784000 5.457 0 2 0
 9 4716.750 3985.577 3 21 321.191 333.103 5688.788992 75.424 0 2 0
 10 4281.210 3607.960 3 21 1192.272 417.453 5697.182208 75.479 0 2 0
 11 4540.349 3629.827 3 21 12.878 0.390 0.509000 0.390 0 2 0
 12 2199.570 3594.206 7 17 0.390 0.390 0.225000 0.390 0 2 0
 13 3297.308 3597.722 1 17 0.390 0.390 0.155000 0.390 0 2 0
 14 3946.642 3902.316 -4 17 0.390 0.390 0.108000 0.327 0 2 0
 15 226.988 3532.894 -4 17 0.390 0.390 0.108000 0.327 0 2 0
 16 2029.398 456.253 6 17 0.390 0.390 0.036000 0.190 0 2 0
 17 3914.734 3700.950 2 16 0.390 0.390 0.155000 0.390 0 2 0
 18 2321.265 3593.176 2 16 0.390 0.390 0.097000 0.311 0 2 0
 19 694.623 3533.035 2 16 0.390 0.390 0.168000 0.390 0 2 0
 20 108.782 3739.223 -2 16 0.390 0.390 0.181000 0.390 0 2 0;
EndOfFile;
