FileVersion 1 2;
FileTimestamp 04-30-19 20:32:13;
InspectionStationID "NONE" "PUMA9000D" "ILS203";
SampleType WAFER;
ResultTimestamp 04-29-19 11:22:04;
LotID "193P14";
SampleSize 1 200;
DeviceID "TT23";
SetupID "TT23_XPPEP" 01-18-19 03:20:42;
StepID "XPPEP";
SampleOrientationMarkType NOTCH;
OrientationMarkLocation DOWN;
DiePitch 6.6750570000e+03 4.3869050000e+03;
DieOrigin 0.0000000000e+00 0.0000000000e+00;
WaferID "@09";
Slot 9;
SampleCenterLocation 4.1734000000e+02 -6.1239200000e+02;
ClassLookup 74
  0 "Uncategorized"
  1 "Small PT"
  2 "Medium PT"
  3 "Large PT"
  4 "Polymer"
  5 "Flake PT"
  6 "Scratch"
  9 "Other Defect"
  10 "Other Residue"
  11 "Wet Residue"
  13 "W Residue"
  14 "PR Residue"
  15 "Liquid Mark"
  16 "Thread Defect"
  20 "Pits"
  22 "Pattern Deformed"
  23 "Defocus"
  24 "PR BUBBLE"
  25 "Crown Defect"
  27 "Bead Defect"
  30 "CMP Scratch"
  31 "Minor CMP Scratch"
  35 "Rip Out"
  40 "Protrusion"
  42 "Top Blocked"
  43 "Bottom Blocked"
  44 "Line broken"
  45 "Metal Corrosion"
  46 "Galvanic Corrosion"
  51 "PR Popping"
  52 "Salicide Bad"
  53 "STI Dimple"
  59 "W Void"
  60 "AA Dep PT"
  61 "GC Dep PT"
  62 "CVD Dep PT"
  63 "Metal Dep PT"
  73 "Cone Defect"
  74 "Metal Depression"
  77 "Underlayer"
  78 "NUISANCE/FALSE"
  79 "Metal Grain"
  80 "Don't Care/Minor"
  95 "Missing AI"
  99 "test2"
  100 "Cluster"
  101 "CU CMP Scratch"
  102 "CU Void"
  103 "2_PO Missing"
  104 "CU Pattern Open"
  105 "CU Remain"
  106 "Circle CU Remain"
  107 "CU CVD PT"
  108 "CU Eclips"
  109 "CU CMP Residue"
  110 "Minor CU CMP Scratch"
  111 "CMP PT"
  112 "CU SEAM PT"
  113 "CU Ox"
  114 "CU Pattern Open(Minor)"
  116 "1_PO Missing"
  117 "PAD Abnormality"
  150 "Guard Ring Circle Defect"
  151 "EBR Circle Defect"
  152 "PAD Hillock"
  153 "PAD Residue"
  154 "PAD Hole"
  155 "Color PR Residue"
  201 "Bin 1"
  202 "Bin 2"
  203 "Bin 3"
  204 "Bin 4"
  205 "Bin 5"
  206 "Bin 6"  ;
OrientationInstructions "";
InspectionTest 1;
SampleTestPlan 937
  -14 0 
  -13 -8 
  -13 -7 
  -13 2 
  -13 6 
  -12 -12 
  -12 -8 
  -12 2 
  -12 5 
  -11 -4 
  -11 -2 
  -11 0 
  -10 -9 
  -10 -4 
  -10 3 
  -10 4 
  -9 -10 
  -9 9 
  -8 -10 
  -8 -9 
  -8 6 
  -8 13 
  -7 -18 
  -7 -12 
  -7 1 
  -7 13 
  -6 -9 
  -6 18 
  -5 -16 
  -5 4 
  -5 6 
  -5 13 
  -5 15 
  -4 -19 
  -4 -18 
  -4 -17 
  -4 -16 
  -4 -13 
  -4 -3 
  -4 6 
  -3 -15 
  -3 -7 
  -3 -4 
  -3 5 
  -3 13 
  -3 15 
  -2 -12 
  -2 -4 
  -2 2 
  -2 5 
  -2 14 
  -2 16 
  -2 19 
  -1 -16 
  -1 -7 
  -1 -5 
  -1 -1 
  -1 1 
  -1 12 
  -1 17 
  0 -9 
  0 -3 
  0 12 
  1 -22 
  1 -10 
  1 -9 
  1 -5 
  2 -18 
  2 -4 
  2 -2 
  2 1 
  2 7 
  2 16 
  3 -19 
  3 -11 
  3 -9 
  3 5 
  3 12 
  3 18 
  4 -19 
  4 -18 
  4 -16 
  4 -9 
  4 -4 
  4 6 
  4 16 
  4 18 
  5 -12 
  5 -4 
  5 0 
  5 12 
  5 16 
  5 19 
  6 -18 
  6 -16 
  6 -4 
  7 -6 
  7 17 
  8 -17 
  8 -13 
  9 -12 
  9 -11 
  9 -8 
  9 1 
  9 10 
  10 8 
  11 -11 
  11 1 
  11 10 
  12 -8 
  -13 -9 
  -13 0 
  -13 4 
  -12 0 
  -12 11 
  -11 -3 
  -11 4 
  -11 6 
  -11 12 
  -10 -15 
  -10 -12 
  -10 -11 
  -10 -2 
  -10 0 
  -10 8 
  -10 10 
  -10 14 
  -9 -15 
  -9 -9 
  -9 2 
  -9 8 
  -9 11 
  -9 16 
  -8 -16 
  -8 -7 
  -8 5 
  -8 15 
  -7 -17 
  -7 -16 
  -7 -7 
  -7 -2 
  -6 -15 
  -6 -11 
  -6 -10 
  -6 -4 
  -6 -3 
  -6 8 
  -6 9 
  -5 -12 
  -5 -10 
  -5 -7 
  -5 5 
  -5 9 
  -4 -6 
  -4 1 
  -4 10 
  -3 -20 
  -3 -19 
  -3 -12 
  -3 -8 
  -3 9 
  -2 -10 
  -2 -3 
  -2 9 
  -2 11 
  -2 12 
  -2 17 
  -2 20 
  -1 -17 
  -1 -15 
  -1 -13 
  -1 7 
  -1 8 
  -1 11 
  -1 14 
  -1 19 
  0 -20 
  0 -1 
  0 3 
  0 14 
  1 -6 
  1 2 
  1 4 
  1 6 
  1 15 
  2 -16 
  2 18 
  3 -8 
  3 -3 
  3 -2 
  3 2 
  3 3 
  3 20 
  4 -5 
  4 5 
  4 7 
  4 11 
  4 17 
  5 -17 
  5 -7 
  5 1 
  5 8 
  5 18 
  6 -12 
  6 -10 
  6 -9 
  6 1 
  6 7 
  6 12 
  7 -1 
  7 8 
  8 -5 
  8 2 
  8 3 
  8 11 
  9 -14 
  9 -13 
  9 -3 
  10 -9 
  10 0 
  11 -12 
  11 -10 
  11 2 
  11 6 
  11 8 
  12 -6 
  12 -3 
  12 0 
  12 2 
  12 4 
  13 -4 
  -14 3 
  -14 4 
  -13 -2 
  -13 8 
  -12 -9 
  -12 -4 
  -12 -3 
  -12 4 
  -12 9 
  -11 -8 
  -11 8 
  -11 10 
  -10 -7 
  -10 1 
  -10 2 
  -9 -16 
  -9 -3 
  -9 5 
  -8 -12 
  -8 -1 
  -8 14 
  -7 -13 
  -7 -8 
  -7 -5 
  -7 -1 
  -7 16 
  -6 -16 
  -6 0 
  -6 1 
  -6 2 
  -6 10 
  -6 14 
  -5 -15 
  -5 -8 
  -5 10 
  -5 11 
  -4 -15 
  -4 -9 
  -4 -5 
  -4 8 
  -4 12 
  -4 17 
  -3 -17 
  -3 -16 
  -3 -13 
  -3 -10 
  -3 -2 
  -2 -15 
  -2 -7 
  -2 -5 
  -2 0 
  -2 10 
  -1 -9 
  -1 4 
  -1 13 
  0 -14 
  0 -12 
  0 -8 
  0 7 
  0 19 
  1 -14 
  1 11 
  1 12 
  1 18 
  1 19 
  2 -21 
  2 -19 
  2 -9 
  2 -8 
  2 15 
  2 20 
  3 -16 
  3 8 
  3 9 
  4 -20 
  4 -3 
  4 1 
  4 14 
  5 -2 
  5 11 
  5 17 
  6 -14 
  6 -5 
  6 3 
  6 14 
  6 15 
  7 -4 
  7 12 
  7 16 
  8 -8 
  8 -6 
  8 -2 
  8 13 
  8 15 
  8 16 
  9 -6 
  9 -5 
  9 -2 
  10 -7 
  10 -1 
  10 9 
  11 -5 
  12 -7 
  12 1 
  12 7 
  13 -1 
  13 4 
  -14 -1 
  -13 3 
  -13 7 
  -12 8 
  -12 10 
  -11 -7 
  -11 5 
  -10 -16 
  -10 -3 
  -10 5 
  -9 -14 
  -9 -11 
  -9 -7 
  -9 -1 
  -9 6 
  -9 13 
  -8 -17 
  -8 -15 
  -8 -3 
  -8 9 
  -8 12 
  -8 17 
  -7 -11 
  -7 5 
  -7 7 
  -7 8 
  -7 10 
  -6 -14 
  -6 -13 
  -6 6 
  -6 11 
  -6 12 
  -6 17 
  -5 -14 
  -5 -4 
  -4 -7 
  -4 0 
  -4 18 
  -3 -6 
  -3 -3 
  -3 0 
  -3 4 
  -3 12 
  -3 19 
  -2 -22 
  -2 -20 
  -2 -16 
  -2 -14 
  -2 -9 
  -2 -2 
  -1 -3 
  -1 -2 
  -1 16 
  0 -16 
  0 -10 
  0 2 
  0 4 
  0 5 
  0 8 
  1 -20 
  1 0 
  1 1 
  1 3 
  1 5 
  1 7 
  1 16 
  2 -15 
  2 -6 
  2 2 
  2 8 
  2 14 
  2 17 
  3 -5 
  3 4 
  3 7 
  3 10 
  4 -13 
  4 -10 
  4 -8 
  4 -7 
  4 2 
  4 4 
  4 12 
  5 -14 
  5 -6 
  5 -5 
  6 -17 
  6 -15 
  6 -8 
  6 -2 
  6 6 
  6 11 
  6 13 
  7 -15 
  7 -14 
  7 -13 
  7 -10 
  7 -8 
  7 -2 
  7 4 
  7 6 
  7 10 
  8 -14 
  8 4 
  8 8 
  8 12 
  9 -16 
  9 -15 
  9 0 
  9 6 
  9 9 
  9 13 
  10 -14 
  10 -13 
  10 -11 
  10 -10 
  10 4 
  10 7 
  10 12 
  11 -3 
  11 -2 
  11 3 
  11 11 
  12 -4 
  12 -1 
  -14 -5 
  -13 -6 
  -13 1 
  -11 -14 
  -11 -13 
  -11 -12 
  -11 -11 
  -11 -10 
  -11 -9 
  -11 -6 
  -11 1 
  -11 2 
  -10 -13 
  -10 -8 
  -10 -1 
  -10 13 
  -9 -5 
  -8 -18 
  -8 -8 
  -8 -5 
  -8 0 
  -8 4 
  -8 16 
  -7 -15 
  -7 -14 
  -7 0 
  -7 18 
  -6 5 
  -6 15 
  -5 -19 
  -5 -9 
  -5 -6 
  -5 -1 
  -4 -21 
  -4 -14 
  -4 -2 
  -4 2 
  -4 5 
  -4 11 
  -4 15 
  -3 10 
  -3 16 
  -2 -13 
  -2 -11 
  -2 1 
  -2 3 
  -2 15 
  -1 -11 
  -1 9 
  -1 10 
  0 -22 
  0 -13 
  0 11 
  0 15 
  0 16 
  0 20 
  1 -12 
  1 -7 
  1 14 
  2 -20 
  2 -17 
  2 -10 
  2 -5 
  2 -1 
  2 0 
  3 -15 
  3 -13 
  3 -6 
  3 -4 
  3 -1 
  3 13 
  3 14 
  3 15 
  3 19 
  4 -15 
  4 -11 
  4 -1 
  4 0 
  5 -13 
  5 3 
  5 5 
  5 6 
  5 9 
  6 -7 
  6 -6 
  6 -3 
  6 16 
  7 -16 
  7 -11 
  7 -5 
  7 11 
  8 -16 
  8 -10 
  8 -7 
  8 9 
  9 -10 
  9 2 
  9 3 
  9 5 
  9 12 
  10 -6 
  10 -4 
  10 1 
  10 10 
  10 11 
  10 13 
  11 7 
  12 -9 
  12 -2 
  12 8 
  13 -3 
  13 -2 
  13 3 
  -14 -4 
  -14 -3 
  -14 -2 
  -14 2 
  -13 -5 
  -13 -4 
  -12 -10 
  -12 -5 
  -11 -5 
  -11 7 
  -11 9 
  -10 -10 
  -10 -6 
  -10 -5 
  -10 9 
  -10 11 
  -9 -12 
  -9 -2 
  -9 1 
  -9 10 
  -9 12 
  -8 -14 
  -8 2 
  -7 -6 
  -7 14 
  -7 15 
  -7 17 
  -6 3 
  -6 4 
  -6 7 
  -6 16 
  -5 -20 
  -5 -18 
  -5 -17 
  -5 -11 
  -5 -2 
  -5 1 
  -5 7 
  -5 8 
  -5 14 
  -4 -12 
  -4 -4 
  -4 3 
  -4 16 
  -3 -21 
  -3 -11 
  -3 -1 
  -3 6 
  -3 7 
  -3 8 
  -3 14 
  -3 20 
  -2 -1 
  -2 6 
  -1 -21 
  -1 -18 
  -1 -10 
  -1 -8 
  -1 -4 
  -1 3 
  -1 5 
  -1 18 
  -1 20 
  0 -7 
  0 18 
  1 -19 
  1 -18 
  1 -16 
  1 -11 
  1 -1 
  1 9 
  1 17 
  1 20 
  2 -11 
  2 -3 
  2 3 
  2 4 
  2 5 
  2 11 
  2 12 
  2 19 
  3 -17 
  3 -10 
  3 1 
  3 11 
  4 -14 
  5 -20 
  5 2 
  5 7 
  5 10 
  5 13 
  5 14 
  6 -19 
  6 17 
  6 18 
  7 -17 
  7 -3 
  7 5 
  7 13 
  7 14 
  8 -9 
  8 -4 
  8 -1 
  8 14 
  9 -4 
  9 -1 
  9 4 
  9 7 
  9 11 
  10 2 
  10 3 
  11 -8 
  11 9 
  -14 1 
  -12 -7 
  -12 -2 
  -12 -1 
  -12 1 
  -12 3 
  -12 6 
  -11 3 
  -11 11 
  -10 -14 
  -10 6 
  -10 7 
  -10 12 
  -9 -8 
  -9 -4 
  -9 0 
  -9 4 
  -9 15 
  -8 -13 
  -8 -11 
  -8 -4 
  -8 3 
  -8 11 
  -7 -19 
  -7 -10 
  -7 -4 
  -7 3 
  -7 11 
  -7 12 
  -6 -20 
  -6 -18 
  -6 -17 
  -6 -12 
  -6 -8 
  -6 -2 
  -6 13 
  -5 -13 
  -5 -5 
  -5 -3 
  -5 0 
  -5 19 
  -4 -20 
  -4 -8 
  -4 -1 
  -4 4 
  -4 7 
  -4 13 
  -4 14 
  -4 19 
  -3 -5 
  -3 1 
  -3 2 
  -3 11 
  -2 -21 
  -2 -18 
  -2 -17 
  -2 -8 
  -2 -6 
  -2 13 
  -1 -12 
  -1 -6 
  -1 6 
  0 -15 
  0 1 
  0 9 
  0 10 
  0 13 
  0 17 
  1 -3 
  1 -2 
  1 10 
  2 -14 
  2 9 
  3 -21 
  3 -20 
  3 -18 
  3 -14 
  3 -7 
  3 16 
  4 -17 
  4 -12 
  4 -2 
  4 3 
  4 10 
  4 13 
  4 15 
  4 19 
  5 -19 
  5 -18 
  5 -16 
  5 -11 
  5 -9 
  5 -8 
  5 -1 
  6 -11 
  6 0 
  6 2 
  6 5 
  6 8 
  6 9 
  7 -18 
  7 -9 
  7 -7 
  7 2 
  7 7 
  7 15 
  8 -12 
  8 -11 
  8 -3 
  8 0 
  8 7 
  8 10 
  9 -9 
  9 -7 
  9 8 
  10 -8 
  10 -5 
  10 -3 
  10 5 
  11 -7 
  11 -4 
  11 0 
  12 3 
  13 0 
  -13 -3 
  -13 -1 
  -13 5 
  -12 -11 
  -12 -6 
  -12 7 
  -11 -1 
  -11 13 
  -9 -17 
  -9 -13 
  -9 -6 
  -9 3 
  -9 7 
  -9 14 
  -8 -6 
  -8 -2 
  -8 1 
  -8 7 
  -8 8 
  -8 10 
  -7 -9 
  -7 -3 
  -7 2 
  -7 4 
  -7 6 
  -7 9 
  -6 -19 
  -6 -7 
  -6 -6 
  -6 -5 
  -6 -1 
  -5 2 
  -5 3 
  -5 12 
  -5 16 
  -5 17 
  -5 18 
  -4 -11 
  -4 -10 
  -4 9 
  -4 20 
  -3 -18 
  -3 -14 
  -3 -9 
  -3 3 
  -3 17 
  -3 18 
  -2 -19 
  -2 4 
  -2 7 
  -2 8 
  -2 18 
  -1 -22 
  -1 -20 
  -1 -19 
  -1 -14 
  -1 0 
  -1 2 
  -1 15 
  0 -21 
  0 -19 
  0 -18 
  0 -17 
  0 -11 
  0 -6 
  0 -5 
  0 -4 
  0 -2 
  0 0 
  0 6 
  1 -21 
  1 -17 
  1 -15 
  1 -13 
  1 -8 
  1 -4 
  1 8 
  1 13 
  2 -13 
  2 -12 
  2 -7 
  2 6 
  2 10 
  2 13 
  3 -12 
  3 0 
  3 6 
  3 17 
  4 -6 
  4 8 
  4 9 
  5 -15 
  5 -10 
  5 -3 
  5 4 
  5 15 
  6 -13 
  6 -1 
  6 4 
  6 10 
  7 -12 
  7 0 
  7 1 
  7 3 
  7 9 
  8 -15 
  8 1 
  8 5 
  8 6 
  9 14 
  10 -12 
  10 -2 
  10 6 
  11 -9 
  11 -6 
  11 -1 
  11 4 
  11 5 
  12 -5 
  12 5 
  12 6 
  13 -5 
  13 1 
  13 2 ;
AreaPerTest 2.5096000717e+10;
DefectRecordSpec 12 DEFECTID XREL YREL XINDEX YINDEX XSIZE YSIZE DEFECTAREA DSIZE CLASSNUMBER TEST IMAGECOUNT ;
DefectList
 1 2969.775 278.572 -10 14 5.680 3.090 17.554124 5.680 0 1 0
 2 2382.148 4086.119 -12 11 2.840 1.854 5.266237 2.840 0 1 0
 3 6505.575 2185.767 8 11 2.840 1.236 3.510825 2.840 0 1 0
 4 6465.815 1805.635 0 11 2.840 0.618 1.755412 2.840 0 1 0
 5 6531.387 4165.441 3 8 1.420 0.618 0.877706 1.420 0 1 0
 6 2943.048 3715.731 -7 7 2.840 0.618 1.755412 2.840 0 1 0
 7 473.413 3052.488 9 2 2.840 1.236 3.510825 2.840 0 1 0
 8 3680.027 393.331 5 2 2.840 0.618 1.755412 2.840 0 1 0
 9 4807.507 1093.639 13 2 4.260 3.708 15.798712 4.260 0 1 0
 10 473.413 1539.870 13 1 2.840 1.236 3.510825 2.840 0 1 0
 11 475.087 988.435 12 1 1.420 1.236 1.755412 1.420 0 1 0
 12 476.507 762.210 12 1 2.840 1.236 3.510825 2.840 0 1 0
 13 464.893 2965.668 5 0 1.420 1.236 1.755412 1.420 0 1 0
 14 474.833 1445.633 9 -1 1.420 1.854 2.633119 1.854 0 1 0
 15 6515.516 2009.958 -5 -1 4.260 1.854 7.899356 4.260 0 1 0
 16 474.833 1400.173 13 -2 1.420 0.618 0.877706 1.420 0 1 0
 17 6284.055 876.024 -14 -2 1.420 0.618 0.877706 1.420 0 1 0
 18 473.414 1525.082 10 -3 1.420 1.854 2.633119 1.854 0 1 0
 19 475.086 1665.944 13 -4 1.420 0.618 0.877706 1.420 0 1 0
 20 474.833 1107.118 13 -4 1.420 1.236 1.755412 1.420 0 1 0
 21 465.146 1366.655 7 -5 1.420 1.236 1.755412 1.420 0 1 0
 22 6502.735 930.801 12 -5 2.840 1.236 3.510825 2.840 0 1 0
 23 581.334 927.092 -10 -5 5.680 3.090 17.554124 5.680 0 1 0
 24 4881.348 816.697 -8 -7 2.840 4.326 12.287887 4.326 0 1 0
 25 4857.207 390.208 11 -7 1.420 0.618 0.877706 1.420 0 1 0
 26 103.047 3719.597 -1 -9 9.940 1.236 12.287887 9.940 0 1 0
 27 101.374 3719.282 -1 -9 9.940 2.472 24.575774 9.940 0 1 0
 28 2241.568 877.783 -7 -9 4.260 5.562 23.698066 5.562 0 1 0
 29 2507.108 381.449 -8 -9 2.840 1.236 3.510825 2.840 0 1 0
 30 6414.949 3677.278 -3 -11 1.420 1.236 1.755412 1.420 0 1 0
 31 6298.507 2976.812 7 -12 2.840 1.236 3.510825 2.840 0 1 0
 32 2544.027 2665.427 0 -14 15.620 24.724 386.190720 24.724 0 1 0
 33 3289.274 589.868 0 -22 17.040 16.688 284.376800 17.040 0 1 0;
EndOfFile;
