FileVersion 1 2;
FileTimestamp 04-26-19 16:27:14;
InspectionStationID "NONE" "KLA2139" "IPS202";
SampleType WAFER;
ResultTimestamp 03-19-19 01:41:15;
LotID "192A01";
SampleSize 1 200;
DeviceID "SI57";
SetupID "SI57_3039M3DM" 09-19-17 23:40:41;
StepID "3039M3DM";
SampleOrientationMarkType NOTCH;
OrientationMarkLocation DOWN;
DiePitch 3.4109000000e+03 3.0170800000e+03;
DieOrigin 0.0000000000e+00 0.0000000000e+00;
WaferID "@07";
Slot 7;
SampleCenterLocation 3.5889100000e+03 2.1705700000e+03;
ClassLookup 74
  0 "Uncategorized"
  1 "Small PT"
  2 "Medium PT"
  3 "Large PT"
  4 "Polymer"
  5 "Flake PT"
  6 "Scratch"
  9 "Other Defect"
  10 "Other Residue"
  11 "Wet Residue"
  13 "W Residue"
  14 "PR Residue"
  15 "Liquid Mark"
  16 "Thread Defect"
  20 "Pits"
  22 "Pattern Deformed"
  23 "Defocus"
  24 "PR BUBBLE"
  25 "Crown Defect"
  27 "Bead Defect"
  30 "CMP Scratch"
  31 "Minor CMP Scratch"
  35 "Rip Out"
  40 "Protrusion"
  42 "Top Blocked"
  43 "Bottom Blocked"
  44 "Line broken"
  45 "Metal Corrosion"
  46 "Galvanic Corrosion"
  51 "PR Popping"
  52 "Salicide Bad"
  53 "STI Dimple"
  59 "W Void"
  60 "AA Dep PT"
  61 "GC Dep PT"
  62 "CVD Dep PT"
  63 "Metal Dep PT"
  73 "Cone Defect"
  74 "Metal Depression"
  77 "Underlayer"
  78 "NUISANCE/FALSE"
  79 "Metal Grain"
  80 "Don't Care/Minor"
  95 "Missing AI"
  99 "test2"
  100 "Cluster"
  101 "CU CMP Scratch"
  102 "CU Void"
  103 "2_PO Missing"
  104 "CU Pattern Open"
  105 "CU Remain"
  106 "Circle CU Remain"
  107 "CU CVD PT"
  108 "CU Eclips"
  109 "CU CMP Residue"
  110 "Minor CU CMP Scratch"
  111 "CMP PT"
  112 "CU SEAM PT"
  113 "CU Ox"
  114 "CU Pattern Open(Minor)"
  116 "1_PO Missing"
  117 "PAD Abnormality"
  150 "Guard Ring Circle Defect"
  151 "EBR Circle Defect"
  152 "PAD Hillock"
  153 "PAD Residue"
  154 "PAD Hole"
  155 "Color PR Residue"
  201 "Bin 1"
  202 "Bin 2"
  203 "Bin 3"
  204 "Bin 4"
  205 "Bin 5"
  206 "Bin 6"  ;
OrientationInstructions "";
InspectionTest 1;
SampleTestPlan 2748
  -27 -4 
  -26 -8 
  -26 -5 
  -26 3 
  -26 6 
  -25 -12 
  -25 -10 
  -25 5 
  -24 -14 
  -24 -7 
  -24 -6 
  -24 7 
  -24 11 
  -24 13 
  -24 14 
  -23 -1 
  -23 9 
  -23 10 
  -23 15 
  -22 -4 
  -22 3 
  -21 -9 
  -21 3 
  -21 10 
  -21 13 
  -21 15 
  -21 16 
  -21 20 
  -20 -19 
  -20 8 
  -20 15 
  -19 -6 
  -19 -4 
  -19 3 
  -19 5 
  -18 -23 
  -18 -13 
  -18 -4 
  -18 20 
  -17 -17 
  -17 -14 
  -17 -5 
  -17 3 
  -17 5 
  -17 12 
  -17 13 
  -17 14 
  -17 17 
  -16 -22 
  -16 -14 
  -16 -8 
  -16 -5 
  -16 4 
  -16 6 
  -16 9 
  -16 17 
  -15 -17 
  -15 -15 
  -15 -11 
  -15 -9 
  -15 2 
  -15 7 
  -15 16 
  -15 24 
  -14 -19 
  -14 -13 
  -14 2 
  -14 20 
  -14 25 
  -13 -20 
  -13 -19 
  -13 -15 
  -13 23 
  -12 -14 
  -12 -12 
  -12 -9 
  -12 -3 
  -12 6 
  -12 19 
  -11 -21 
  -11 -19 
  -11 -5 
  -11 2 
  -11 8 
  -11 13 
  -11 16 
  -11 19 
  -11 22 
  -11 27 
  -10 -28 
  -10 -26 
  -10 -19 
  -10 -14 
  -10 -4 
  -10 6 
  -10 8 
  -10 10 
  -10 11 
  -10 26 
  -9 -22 
  -9 -14 
  -9 -10 
  -9 2 
  -9 6 
  -9 9 
  -9 17 
  -9 22 
  -9 29 
  -8 -28 
  -8 -26 
  -8 -14 
  -8 30 
  -7 -16 
  -7 7 
  -7 11 
  -7 16 
  -7 18 
  -7 20 
  -7 30 
  -6 -27 
  -6 -23 
  -6 8 
  -6 18 
  -6 29 
  -5 -22 
  -5 -21 
  -5 -18 
  -5 -9 
  -5 0 
  -5 28 
  -4 -2 
  -4 14 
  -4 19 
  -4 22 
  -4 25 
  -3 -25 
  -3 -21 
  -3 -9 
  -3 0 
  -3 4 
  -3 12 
  -3 22 
  -3 30 
  -2 -29 
  -2 -26 
  -2 -25 
  -2 -18 
  -2 2 
  -2 5 
  -1 -18 
  -1 4 
  -1 13 
  -1 15 
  -1 21 
  -1 22 
  0 -18 
  0 -12 
  0 -9 
  0 -3 
  0 -1 
  0 3 
  0 18 
  0 23 
  1 -12 
  1 -9 
  1 -8 
  1 -4 
  1 5 
  1 26 
  2 -29 
  2 -16 
  2 5 
  2 15 
  2 19 
  2 20 
  2 23 
  2 30 
  3 -27 
  3 -13 
  3 2 
  3 8 
  3 12 
  3 22 
  3 25 
  4 -25 
  4 -19 
  4 -3 
  4 -1 
  4 2 
  4 15 
  4 20 
  4 23 
  4 25 
  4 26 
  4 31 
  5 -24 
  5 10 
  5 15 
  5 17 
  5 18 
  5 20 
  6 -21 
  6 10 
  6 14 
  6 25 
  7 -16 
  7 -8 
  7 -1 
  7 5 
  7 17 
  7 20 
  7 28 
  8 -29 
  8 -25 
  8 -24 
  8 -19 
  8 -9 
  8 -3 
  8 3 
  8 6 
  8 15 
  9 -27 
  9 -23 
  9 -14 
  9 -6 
  9 1 
  9 6 
  9 9 
  9 17 
  9 23 
  9 25 
  10 -28 
  10 -21 
  10 1 
  10 5 
  10 12 
  10 20 
  10 21 
  10 29 
  11 -17 
  11 -4 
  11 -3 
  11 4 
  11 27 
  12 -11 
  12 12 
  12 19 
  12 25 
  12 26 
  13 27 
  13 28 
  14 -24 
  14 8 
  14 15 
  15 -24 
  15 -20 
  15 -16 
  15 -13 
  15 -6 
  15 1 
  15 12 
  15 19 
  15 20 
  15 22 
  16 -17 
  16 -13 
  16 -9 
  16 -3 
  16 -1 
  16 12 
  16 17 
  17 -25 
  17 -15 
  17 -4 
  17 5 
  17 8 
  17 19 
  17 20 
  18 -23 
  18 -16 
  18 -14 
  18 -10 
  18 -9 
  18 -5 
  18 -3 
  18 5 
  18 8 
  18 13 
  18 14 
  19 -21 
  19 -8 
  19 -5 
  19 2 
  19 11 
  19 17 
  20 7 
  20 20 
  21 -15 
  21 -12 
  21 -1 
  21 10 
  21 13 
  22 -13 
  22 -9 
  22 1 
  23 3 
  23 4 
  23 5 
  23 13 
  24 -15 
  24 -13 
  24 -11 
  24 -9 
  24 1 
  25 -13 
  25 -11 
  26 -5 
  26 -4 
  26 1 
  27 -3 
  27 1 
  27 2 
  28 -2 
  28 4 
  -26 1 
  -26 4 
  -26 5 
  -25 -6 
  -25 -4 
  -25 2 
  -25 4 
  -24 -12 
  -24 -10 
  -24 -2 
  -24 0 
  -24 4 
  -24 6 
  -24 10 
  -23 -8 
  -23 -2 
  -23 1 
  -23 6 
  -23 12 
  -22 -17 
  -22 -5 
  -22 5 
  -22 8 
  -22 9 
  -22 13 
  -22 15 
  -21 -17 
  -21 -12 
  -20 -20 
  -20 -14 
  -20 -13 
  -20 -2 
  -20 -1 
  -20 16 
  -20 18 
  -19 -22 
  -19 -20 
  -19 -17 
  -19 -5 
  -19 -1 
  -19 12 
  -19 14 
  -19 21 
  -18 -16 
  -18 -9 
  -18 0 
  -18 13 
  -18 18 
  -18 21 
  -17 -22 
  -17 -18 
  -17 -1 
  -17 11 
  -17 16 
  -17 23 
  -16 -20 
  -16 -13 
  -16 -1 
  -16 1 
  -16 2 
  -16 7 
  -16 10 
  -16 15 
  -15 -25 
  -15 -23 
  -15 -3 
  -15 -2 
  -15 1 
  -15 4 
  -15 9 
  -15 12 
  -15 23 
  -14 -11 
  -14 -7 
  -14 4 
  -14 12 
  -14 22 
  -13 -16 
  -13 -8 
  -13 -6 
  -13 -4 
  -13 5 
  -13 26 
  -12 -26 
  -12 8 
  -11 -18 
  -11 -13 
  -11 -12 
  -11 -8 
  -11 -7 
  -11 10 
  -10 -15 
  -10 -5 
  -10 -3 
  -10 1 
  -10 7 
  -10 24 
  -10 28 
  -9 -27 
  -9 -17 
  -9 -9 
  -9 -2 
  -9 8 
  -9 10 
  -9 11 
  -9 16 
  -9 21 
  -8 -22 
  -8 -20 
  -8 -19 
  -8 -9 
  -8 -3 
  -8 2 
  -8 12 
  -8 14 
  -8 19 
  -8 20 
  -8 23 
  -7 -11 
  -7 -2 
  -7 23 
  -6 -15 
  -6 -8 
  -6 -7 
  -6 1 
  -6 11 
  -6 25 
  -6 27 
  -5 -29 
  -5 -28 
  -5 -24 
  -5 -23 
  -5 -13 
  -5 5 
  -5 9 
  -5 15 
  -5 30 
  -5 31 
  -4 -19 
  -4 -10 
  -4 11 
  -4 17 
  -4 20 
  -4 31 
  -3 -29 
  -3 -28 
  -3 -22 
  -3 -20 
  -3 -8 
  -3 -4 
  -3 -2 
  -3 8 
  -3 11 
  -3 13 
  -3 18 
  -3 19 
  -3 25 
  -3 26 
  -2 -16 
  -2 -13 
  -2 -10 
  -2 -8 
  -2 -6 
  -2 7 
  -2 9 
  -2 12 
  -2 17 
  -2 30 
  -1 -14 
  -1 0 
  -1 6 
  -1 25 
  0 -29 
  0 -27 
  0 -19 
  0 -16 
  0 -15 
  0 11 
  0 17 
  0 22 
  0 29 
  1 -28 
  1 -23 
  1 -20 
  1 -14 
  1 -13 
  1 -2 
  1 7 
  1 8 
  1 12 
  1 19 
  1 25 
  1 30 
  2 -18 
  2 -15 
  2 -12 
  2 -9 
  2 2 
  2 11 
  2 21 
  3 -29 
  3 -18 
  3 -16 
  3 -6 
  3 -4 
  3 3 
  3 20 
  3 26 
  4 -18 
  4 -16 
  4 -14 
  4 -13 
  4 -10 
  4 -6 
  4 6 
  4 7 
  4 11 
  4 12 
  4 21 
  5 -14 
  5 -9 
  5 3 
  5 7 
  5 11 
  6 -20 
  6 -19 
  6 -17 
  6 -5 
  6 -4 
  6 -2 
  6 13 
  6 23 
  7 -29 
  7 -23 
  7 -5 
  7 0 
  7 2 
  7 15 
  8 -28 
  8 -7 
  8 -6 
  8 -5 
  8 13 
  8 16 
  8 22 
  9 -22 
  9 -20 
  9 -18 
  9 -10 
  9 -1 
  9 19 
  9 22 
  10 -25 
  10 -16 
  10 -15 
  10 -9 
  10 -7 
  10 -3 
  10 0 
  10 2 
  10 4 
  10 10 
  10 25 
  10 26 
  10 27 
  11 -12 
  11 -10 
  11 5 
  11 8 
  11 9 
  11 13 
  11 22 
  11 28 
  12 -27 
  12 -13 
  12 0 
  12 1 
  12 5 
  12 7 
  12 8 
  13 -24 
  13 -17 
  13 -9 
  13 -4 
  13 -3 
  13 6 
  13 13 
  13 21 
  14 -19 
  14 -14 
  14 1 
  14 4 
  14 12 
  14 17 
  14 21 
  15 -25 
  15 -21 
  15 5 
  15 25 
  16 -11 
  16 9 
  16 14 
  16 20 
  16 26 
  17 -17 
  17 -16 
  17 -5 
  17 -2 
  17 0 
  17 4 
  17 9 
  18 -20 
  18 -15 
  18 -8 
  18 15 
  18 23 
  19 -12 
  19 -9 
  19 5 
  19 7 
  19 18 
  20 -14 
  20 -12 
  20 -7 
  20 -6 
  20 -2 
  20 -1 
  20 1 
  20 11 
  20 14 
  20 15 
  21 -14 
  21 -7 
  21 -5 
  21 -2 
  21 3 
  21 4 
  21 17 
  22 -16 
  22 -14 
  22 -11 
  22 -7 
  22 -4 
  22 5 
  22 6 
  22 8 
  22 11 
  23 -15 
  23 -13 
  23 -8 
  23 -1 
  24 -12 
  24 -2 
  24 0 
  24 8 
  24 13 
  24 16 
  25 -4 
  25 2 
  25 6 
  26 -12 
  26 -11 
  26 -2 
  26 7 
  26 11 
  27 -9 
  27 3 
  27 8 
  28 -4 
  28 -3 
  -27 -2 
  -27 1 
  -27 4 
  -26 -6 
  -26 -1 
  -26 2 
  -26 9 
  -25 -2 
  -25 0 
  -25 12 
  -24 -9 
  -24 -8 
  -24 5 
  -24 12 
  -23 -13 
  -23 -5 
  -22 -11 
  -22 4 
  -21 -18 
  -21 -15 
  -21 -11 
  -21 6 
  -20 -10 
  -20 -9 
  -20 -8 
  -20 0 
  -20 4 
  -20 11 
  -19 -18 
  -19 0 
  -19 1 
  -19 20 
  -18 -19 
  -18 -15 
  -18 -2 
  -18 2 
  -18 7 
  -18 23 
  -17 -23 
  -17 -20 
  -17 -12 
  -17 18 
  -17 19 
  -16 -25 
  -16 -17 
  -16 -15 
  -16 -10 
  -16 0 
  -16 12 
  -16 23 
  -16 24 
  -15 -19 
  -15 -6 
  -15 3 
  -15 15 
  -15 17 
  -14 -24 
  -14 -22 
  -14 -18 
  -14 -3 
  -14 9 
  -14 15 
  -14 21 
  -13 -24 
  -13 1 
  -13 2 
  -13 8 
  -13 9 
  -13 11 
  -13 20 
  -12 -19 
  -12 -18 
  -12 5 
  -12 10 
  -12 24 
  -11 -26 
  -11 -2 
  -11 -1 
  -11 15 
  -11 20 
  -10 -13 
  -10 -9 
  -10 4 
  -10 12 
  -10 19 
  -9 -12 
  -9 1 
  -9 7 
  -9 14 
  -9 19 
  -9 26 
  -8 -24 
  -8 -15 
  -8 -7 
  -8 4 
  -8 5 
  -8 15 
  -7 -29 
  -7 -14 
  -7 2 
  -7 6 
  -7 9 
  -7 10 
  -7 13 
  -7 19 
  -7 22 
  -6 -18 
  -6 -16 
  -6 -12 
  -6 3 
  -6 5 
  -6 6 
  -6 20 
  -5 -16 
  -5 -15 
  -5 -12 
  -5 8 
  -5 10 
  -5 14 
  -5 16 
  -5 19 
  -5 22 
  -5 25 
  -4 -26 
  -4 -25 
  -4 -17 
  -4 -11 
  -4 -1 
  -4 5 
  -4 7 
  -4 8 
  -4 13 
  -4 29 
  -3 -27 
  -3 -15 
  -3 3 
  -3 5 
  -3 9 
  -3 10 
  -3 20 
  -2 -28 
  -2 -24 
  -2 -17 
  -2 -9 
  -2 -3 
  -2 22 
  -1 -29 
  -1 -27 
  -1 -19 
  -1 -17 
  -1 -11 
  -1 -6 
  -1 10 
  -1 11 
  -1 26 
  0 -26 
  0 -17 
  0 -11 
  0 6 
  0 13 
  0 14 
  0 16 
  1 -29 
  1 -22 
  1 -19 
  1 3 
  1 11 
  1 13 
  1 15 
  2 -23 
  2 -22 
  2 0 
  2 1 
  2 6 
  2 29 
  3 -26 
  3 -22 
  3 -14 
  3 -12 
  3 -7 
  3 -5 
  3 -1 
  3 9 
  3 14 
  3 15 
  3 28 
  4 -30 
  4 -28 
  4 -26 
  4 -22 
  4 -8 
  4 1 
  4 5 
  4 17 
  4 27 
  4 28 
  4 29 
  4 30 
  5 -11 
  5 -10 
  5 4 
  5 5 
  5 31 
  6 -15 
  6 -14 
  6 2 
  6 6 
  6 30 
  6 31 
  7 -15 
  7 4 
  7 7 
  7 10 
  7 11 
  7 13 
  7 14 
  8 -30 
  8 -20 
  8 -14 
  8 8 
  8 9 
  8 19 
  8 20 
  8 26 
  8 28 
  8 29 
  9 -24 
  9 -17 
  9 -4 
  9 -2 
  9 0 
  9 4 
  9 12 
  9 14 
  9 20 
  10 -5 
  10 15 
  10 23 
  10 28 
  11 -19 
  11 -13 
  11 3 
  11 11 
  11 12 
  11 14 
  11 17 
  11 18 
  11 20 
  11 25 
  12 -25 
  12 -18 
  12 -1 
  12 4 
  12 10 
  12 11 
  12 16 
  12 20 
  12 24 
  12 27 
  13 -25 
  13 -15 
  13 -14 
  13 -13 
  13 -11 
  13 -8 
  13 -7 
  13 -6 
  13 -5 
  13 -2 
  13 -1 
  13 3 
  13 7 
  13 15 
  13 18 
  13 22 
  13 23 
  14 -26 
  14 -21 
  14 -16 
  14 0 
  14 3 
  14 6 
  14 27 
  15 -26 
  15 -19 
  15 -3 
  15 9 
  15 14 
  15 16 
  15 26 
  16 -18 
  16 -7 
  16 3 
  16 6 
  16 15 
  16 21 
  17 -22 
  17 -10 
  17 13 
  17 14 
  17 16 
  17 17 
  17 23 
  18 -21 
  18 -18 
  18 3 
  18 6 
  18 7 
  18 17 
  18 19 
  18 22 
  19 -11 
  19 -10 
  19 -4 
  19 1 
  19 4 
  19 6 
  19 10 
  19 14 
  19 20 
  19 23 
  20 -21 
  20 -20 
  20 -19 
  20 -8 
  20 -5 
  21 -19 
  21 -11 
  21 -9 
  21 5 
  21 6 
  21 19 
  22 -3 
  22 3 
  22 14 
  23 -18 
  23 -16 
  23 -12 
  23 -6 
  23 -5 
  23 10 
  23 17 
  24 -8 
  24 -5 
  24 -3 
  24 2 
  24 4 
  24 5 
  24 10 
  24 17 
  25 1 
  25 11 
  25 12 
  26 -8 
  28 5 
  -27 -3 
  -27 0 
  -26 -2 
  -26 0 
  -25 -5 
  -24 -13 
  -24 -5 
  -24 8 
  -23 -11 
  -23 -4 
  -23 3 
  -23 8 
  -23 14 
  -22 -13 
  -22 -1 
  -22 2 
  -22 7 
  -22 12 
  -21 -5 
  -21 -3 
  -21 -2 
  -21 0 
  -21 9 
  -21 12 
  -20 -4 
  -20 1 
  -20 2 
  -20 7 
  -20 12 
  -20 21 
  -19 -14 
  -19 19 
  -18 -17 
  -18 -10 
  -18 8 
  -18 15 
  -18 17 
  -17 -16 
  -17 -13 
  -17 -10 
  -17 -6 
  -17 2 
  -17 9 
  -17 15 
  -16 -24 
  -16 -19 
  -16 -12 
  -16 18 
  -16 19 
  -15 -13 
  -15 -12 
  -15 6 
  -15 26 
  -14 -26 
  -14 -20 
  -14 -8 
  -14 -6 
  -14 -5 
  -14 -2 
  -14 17 
  -14 19 
  -14 27 
  -13 -10 
  -13 -9 
  -13 -7 
  -13 -5 
  -13 -3 
  -13 6 
  -13 14 
  -13 15 
  -12 -25 
  -12 -16 
  -12 -8 
  -12 -2 
  -12 4 
  -12 7 
  -12 13 
  -12 16 
  -11 -15 
  -11 -6 
  -11 -3 
  -11 0 
  -11 12 
  -11 14 
  -11 24 
  -10 -23 
  -10 -20 
  -10 -18 
  -10 -17 
  -10 -8 
  -10 -6 
  -10 2 
  -10 18 
  -10 25 
  -9 -24 
  -9 -16 
  -9 -15 
  -9 20 
  -8 -27 
  -8 -25 
  -8 -18 
  -8 -12 
  -8 -4 
  -8 1 
  -8 3 
  -8 18 
  -8 26 
  -8 28 
  -7 -30 
  -7 -25 
  -7 -24 
  -7 -23 
  -7 -20 
  -7 -18 
  -7 -12 
  -7 -6 
  -7 -4 
  -7 0 
  -7 14 
  -7 17 
  -7 24 
  -7 26 
  -6 -28 
  -6 -24 
  -6 -6 
  -6 -2 
  -6 2 
  -6 19 
  -6 22 
  -5 -27 
  -5 -26 
  -5 -25 
  -5 -10 
  -5 -4 
  -5 -1 
  -5 3 
  -5 12 
  -5 13 
  -5 24 
  -5 26 
  -5 27 
  -4 -24 
  -4 -23 
  -4 -21 
  -4 -20 
  -4 -6 
  -4 -3 
  -4 2 
  -4 12 
  -4 26 
  -3 -13 
  -3 -12 
  -3 -7 
  -3 1 
  -3 2 
  -3 6 
  -3 15 
  -3 29 
  -2 -22 
  -2 -14 
  -2 -11 
  -2 4 
  -2 20 
  -2 24 
  -2 26 
  -2 27 
  -1 -30 
  -1 -22 
  -1 5 
  -1 9 
  0 -20 
  0 -4 
  0 1 
  0 8 
  0 10 
  0 19 
  0 21 
  0 31 
  1 -17 
  1 -3 
  1 -1 
  1 1 
  1 4 
  1 9 
  1 23 
  2 -11 
  2 -6 
  2 12 
  2 22 
  2 24 
  2 25 
  2 26 
  3 -28 
  3 -25 
  3 -9 
  3 -8 
  3 -2 
  3 0 
  3 27 
  4 -23 
  4 -21 
  4 -20 
  4 -12 
  4 24 
  5 -26 
  5 -15 
  5 9 
  5 16 
  5 21 
  6 -30 
  6 -28 
  6 -23 
  6 -22 
  6 -16 
  6 -1 
  6 4 
  6 8 
  6 20 
  6 22 
  7 -26 
  7 -25 
  7 -19 
  7 -17 
  7 -11 
  7 -9 
  7 -4 
  7 8 
  7 22 
  7 26 
  8 -18 
  8 -16 
  8 -8 
  8 -1 
  8 2 
  8 11 
  8 23 
  8 27 
  9 -15 
  9 -11 
  9 -9 
  9 3 
  9 15 
  10 -29 
  10 -13 
  10 -12 
  10 -8 
  10 -6 
  11 -15 
  11 1 
  11 7 
  11 15 
  11 29 
  12 -7 
  12 2 
  12 3 
  12 22 
  13 -22 
  13 -19 
  13 10 
  13 19 
  13 25 
  14 -25 
  14 -23 
  14 -20 
  14 -11 
  14 -7 
  14 -4 
  14 2 
  14 13 
  14 16 
  14 22 
  14 24 
  15 -8 
  15 -2 
  15 3 
  15 23 
  16 -12 
  16 -10 
  16 -5 
  16 2 
  16 7 
  16 22 
  16 24 
  17 -8 
  17 1 
  17 11 
  17 25 
  18 -24 
  18 -4 
  18 0 
  18 9 
  18 10 
  18 11 
  18 12 
  18 20 
  18 21 
  19 -18 
  19 -13 
  19 -6 
  19 -2 
  19 3 
  20 -9 
  20 2 
  20 5 
  21 -13 
  21 0 
  21 7 
  21 16 
  21 18 
  22 0 
  22 9 
  22 12 
  22 18 
  23 -14 
  23 -11 
  23 -2 
  23 6 
  23 9 
  23 14 
  24 -16 
  24 6 
  24 7 
  25 -14 
  25 -9 
  25 -6 
  25 -2 
  25 5 
  26 3 
  26 6 
  26 8 
  26 9 
  28 0 
  28 3 
  -27 -1 
  -26 7 
  -25 -9 
  -25 -8 
  -24 -11 
  -24 3 
  -23 -15 
  -23 13 
  -23 16 
  -22 -18 
  -22 -15 
  -22 -10 
  -22 -6 
  -22 6 
  -22 10 
  -22 14 
  -22 16 
  -22 17 
  -21 -10 
  -21 8 
  -20 -5 
  -20 5 
  -20 13 
  -20 19 
  -19 -19 
  -19 -16 
  -19 -11 
  -19 13 
  -19 18 
  -18 -12 
  -18 -8 
  -18 -5 
  -18 1 
  -18 5 
  -17 0 
  -17 6 
  -16 -23 
  -16 -21 
  -16 -9 
  -16 -7 
  -16 5 
  -16 13 
  -16 22 
  -15 -21 
  -15 -1 
  -15 0 
  -15 13 
  -15 22 
  -14 -23 
  -14 1 
  -14 5 
  -14 6 
  -14 10 
  -14 11 
  -14 18 
  -14 26 
  -13 -22 
  -13 -17 
  -13 4 
  -13 19 
  -12 -27 
  -12 -20 
  -12 -15 
  -12 -11 
  -12 -10 
  -12 17 
  -12 20 
  -12 21 
  -12 23 
  -11 -25 
  -11 -23 
  -11 -16 
  -11 -14 
  -11 -11 
  -11 3 
  -11 4 
  -11 5 
  -11 9 
  -11 11 
  -10 -25 
  -10 -21 
  -10 -11 
  -10 -10 
  -10 21 
  -10 22 
  -10 27 
  -10 29 
  -9 -23 
  -9 -7 
  -9 -5 
  -9 -4 
  -9 -1 
  -9 23 
  -9 25 
  -8 -17 
  -8 -16 
  -8 -13 
  -8 6 
  -8 16 
  -8 21 
  -8 24 
  -7 -26 
  -7 -21 
  -7 -15 
  -7 1 
  -7 25 
  -7 29 
  -6 -29 
  -6 -26 
  -6 -20 
  -6 -17 
  -6 -1 
  -6 7 
  -6 13 
  -6 21 
  -6 24 
  -6 30 
  -5 -20 
  -5 -8 
  -5 -7 
  -5 -5 
  -5 2 
  -5 17 
  -4 -16 
  -4 -14 
  -4 -9 
  -4 0 
  -4 1 
  -4 3 
  -4 4 
  -4 24 
  -4 28 
  -3 -24 
  -3 -3 
  -3 23 
  -2 -19 
  -2 -12 
  -2 -2 
  -2 6 
  -2 13 
  -2 18 
  -2 19 
  -2 29 
  -2 31 
  -1 -16 
  -1 -13 
  -1 -12 
  -1 -7 
  -1 -3 
  -1 -2 
  -1 16 
  -1 18 
  -1 29 
  -1 30 
  0 -30 
  0 -22 
  0 -14 
  0 -7 
  0 4 
  0 25 
  0 30 
  1 -7 
  1 6 
  1 14 
  1 31 
  2 -24 
  2 -21 
  2 -19 
  2 -10 
  2 -8 
  2 -5 
  2 -2 
  2 3 
  2 4 
  2 7 
  3 -23 
  3 -11 
  3 -10 
  3 4 
  3 5 
  3 6 
  3 7 
  3 17 
  3 19 
  3 23 
  4 -24 
  4 -17 
  4 -15 
  4 16 
  5 -25 
  5 -19 
  5 -18 
  5 -8 
  5 13 
  5 19 
  5 26 
  6 -29 
  6 -27 
  6 -26 
  6 -12 
  6 -10 
  6 -6 
  6 -3 
  6 11 
  6 16 
  6 18 
  6 24 
  7 -30 
  7 -13 
  7 1 
  7 9 
  7 21 
  7 23 
  8 -15 
  8 -12 
  8 -4 
  8 1 
  8 7 
  8 12 
  8 17 
  8 18 
  8 21 
  8 25 
  8 30 
  9 -29 
  9 -28 
  9 -26 
  9 -25 
  9 7 
  9 10 
  9 18 
  9 24 
  9 28 
  9 29 
  10 -24 
  10 -17 
  10 -10 
  10 -2 
  10 8 
  10 16 
  10 17 
  10 19 
  10 22 
  11 -23 
  11 -16 
  11 -9 
  11 2 
  12 -28 
  12 -22 
  12 -21 
  12 -15 
  12 -10 
  12 14 
  12 21 
  12 23 
  12 28 
  13 -27 
  13 -20 
  13 8 
  13 11 
  14 -18 
  14 26 
  15 -22 
  15 -18 
  15 -12 
  15 -4 
  15 6 
  15 15 
  16 -25 
  16 -23 
  16 -15 
  16 -14 
  16 4 
  17 -20 
  17 21 
  17 24 
  18 -17 
  18 -13 
  18 -11 
  18 -6 
  18 -1 
  18 4 
  19 -3 
  19 9 
  19 13 
  19 15 
  20 -13 
  20 4 
  20 6 
  20 10 
  20 21 
  21 -21 
  21 -20 
  21 -18 
  21 -8 
  21 2 
  21 14 
  22 -12 
  22 -10 
  22 -8 
  22 4 
  22 7 
  23 -10 
  23 -9 
  23 0 
  23 7 
  23 15 
  24 -4 
  24 -1 
  24 12 
  25 -12 
  25 -3 
  25 -1 
  25 8 
  25 10 
  25 13 
  25 14 
  26 0 
  26 12 
  27 -7 
  27 -4 
  27 -1 
  27 0 
  -27 5 
  -25 -3 
  -25 -1 
  -25 9 
  -24 -1 
  -24 1 
  -23 -12 
  -23 -9 
  -23 0 
  -23 2 
  -23 7 
  -23 11 
  -22 -8 
  -22 11 
  -21 -16 
  -21 4 
  -21 5 
  -21 7 
  -21 11 
  -20 -7 
  -20 -6 
  -20 -3 
  -20 6 
  -20 17 
  -19 -21 
  -19 -12 
  -19 -9 
  -19 -3 
  -19 -2 
  -19 4 
  -19 11 
  -19 17 
  -18 -22 
  -18 -14 
  -18 -7 
  -18 6 
  -18 11 
  -18 14 
  -18 16 
  -18 19 
  -17 -21 
  -17 -11 
  -17 -4 
  -17 -3 
  -17 -2 
  -17 4 
  -17 10 
  -17 21 
  -17 22 
  -16 -11 
  -16 -4 
  -16 21 
  -15 -20 
  -15 -18 
  -15 -14 
  -15 -7 
  -15 -5 
  -15 8 
  -15 10 
  -15 11 
  -15 14 
  -15 18 
  -14 -17 
  -14 8 
  -14 13 
  -14 14 
  -14 23 
  -13 -26 
  -13 -21 
  -13 -11 
  -13 -1 
  -13 7 
  -13 10 
  -13 13 
  -13 22 
  -13 27 
  -12 -21 
  -12 -13 
  -12 -7 
  -12 -6 
  -12 -5 
  -12 1 
  -12 2 
  -12 9 
  -12 12 
  -12 14 
  -12 25 
  -11 -27 
  -11 -20 
  -11 -9 
  -11 1 
  -11 17 
  -11 23 
  -11 26 
  -11 28 
  -10 -24 
  -10 14 
  -10 15 
  -10 16 
  -10 17 
  -10 20 
  -9 -8 
  -9 -3 
  -9 0 
  -9 3 
  -9 4 
  -9 13 
  -9 15 
  -8 -29 
  -8 7 
  -8 8 
  -8 17 
  -8 22 
  -7 -27 
  -7 -13 
  -7 -5 
  -7 3 
  -7 4 
  -7 12 
  -6 -19 
  -6 -14 
  -6 -11 
  -6 4 
  -6 15 
  -6 16 
  -5 -14 
  -5 -11 
  -5 -6 
  -5 -3 
  -5 1 
  -5 6 
  -5 20 
  -5 29 
  -4 -27 
  -4 -8 
  -4 -7 
  -4 9 
  -4 10 
  -4 15 
  -4 23 
  -4 30 
  -3 -18 
  -3 -1 
  -3 24 
  -3 28 
  -3 31 
  -2 -27 
  -2 -23 
  -2 10 
  -2 14 
  -2 15 
  -1 -28 
  -1 -25 
  -1 -24 
  -1 -4 
  -1 2 
  -1 3 
  -1 7 
  -1 12 
  -1 17 
  -1 20 
  -1 31 
  0 -28 
  0 -25 
  0 -13 
  0 5 
  0 7 
  0 15 
  0 26 
  1 -27 
  1 -25 
  1 -24 
  1 -16 
  1 -11 
  1 0 
  1 16 
  1 17 
  1 20 
  1 21 
  1 22 
  1 28 
  2 -30 
  2 -28 
  2 -25 
  2 -20 
  2 -13 
  2 9 
  2 10 
  2 31 
  3 -21 
  3 -17 
  3 1 
  3 10 
  3 30 
  4 3 
  4 4 
  4 8 
  4 9 
  4 18 
  5 -30 
  5 -29 
  5 -28 
  5 -22 
  5 -17 
  5 -12 
  5 -4 
  5 -3 
  5 2 
  5 8 
  5 12 
  5 14 
  5 25 
  5 29 
  5 30 
  6 -11 
  6 -9 
  6 0 
  6 7 
  6 9 
  6 15 
  6 17 
  6 19 
  6 28 
  7 -27 
  7 -20 
  7 -18 
  7 -12 
  7 -7 
  7 3 
  7 12 
  7 24 
  7 25 
  7 29 
  7 30 
  8 -23 
  8 -17 
  8 -10 
  9 -7 
  9 13 
  9 16 
  10 -23 
  10 -14 
  10 3 
  10 6 
  10 7 
  10 18 
  10 24 
  11 -27 
  11 -26 
  11 -24 
  11 -22 
  11 -14 
  11 -8 
  11 -7 
  11 -6 
  11 -1 
  11 6 
  11 10 
  11 19 
  11 21 
  11 24 
  12 -24 
  12 -17 
  12 -5 
  12 -4 
  12 -3 
  12 -2 
  12 18 
  13 -26 
  13 -18 
  13 -12 
  13 0 
  13 9 
  13 12 
  13 20 
  14 -15 
  14 -10 
  14 -6 
  14 -5 
  14 7 
  14 19 
  14 20 
  15 4 
  15 8 
  15 13 
  15 17 
  15 18 
  16 -21 
  16 -4 
  16 -2 
  16 0 
  16 1 
  16 11 
  16 25 
  17 -24 
  17 -19 
  17 -14 
  17 -9 
  17 -1 
  17 3 
  17 10 
  18 2 
  18 24 
  19 -17 
  19 -7 
  19 16 
  20 -16 
  20 0 
  20 3 
  20 8 
  20 16 
  20 22 
  21 -17 
  21 -3 
  21 1 
  21 8 
  21 9 
  21 11 
  21 12 
  21 15 
  22 -19 
  22 -5 
  22 20 
  23 -3 
  23 1 
  23 2 
  23 8 
  24 3 
  24 11 
  25 -7 
  25 0 
  25 4 
  26 -10 
  26 -9 
  26 -7 
  26 -6 
  26 10 
  27 -2 
  28 -5 
  28 2 
  -27 2 
  -26 -9 
  -26 -7 
  -26 -4 
  -26 8 
  -25 -7 
  -25 1 
  -25 6 
  -25 7 
  -25 8 
  -24 -4 
  -24 -3 
  -24 2 
  -24 9 
  -23 -14 
  -23 -10 
  -23 -6 
  -23 5 
  -22 -14 
  -22 -7 
  -22 1 
  -22 18 
  -21 -14 
  -21 -7 
  -21 1 
  -21 2 
  -20 -18 
  -20 -12 
  -20 3 
  -20 14 
  -20 20 
  -19 -15 
  -19 -13 
  -19 -10 
  -19 9 
  -19 15 
  -19 16 
  -19 22 
  -18 -18 
  -18 -11 
  -18 -6 
  -18 -3 
  -18 3 
  -18 4 
  -18 9 
  -18 12 
  -17 -15 
  -17 -9 
  -17 -8 
  -17 1 
  -17 20 
  -17 24 
  -16 -18 
  -16 -16 
  -16 3 
  -16 25 
  -15 -22 
  -15 -16 
  -15 -4 
  -15 19 
  -15 21 
  -14 -25 
  -14 -9 
  -14 -1 
  -14 0 
  -14 3 
  -14 7 
  -14 16 
  -13 -13 
  -13 -12 
  -13 0 
  -13 16 
  -13 17 
  -13 21 
  -13 24 
  -13 25 
  -12 -24 
  -12 -1 
  -12 18 
  -11 -28 
  -11 -24 
  -11 -17 
  -11 6 
  -11 18 
  -11 21 
  -11 25 
  -10 -27 
  -10 -22 
  -10 -12 
  -10 -7 
  -10 0 
  -10 3 
  -10 5 
  -10 9 
  -10 13 
  -10 23 
  -9 -29 
  -9 -28 
  -9 -26 
  -9 -21 
  -9 -19 
  -9 -18 
  -9 -11 
  -9 12 
  -9 24 
  -8 -21 
  -8 -10 
  -8 -8 
  -8 -5 
  -8 -2 
  -8 -1 
  -8 10 
  -8 11 
  -8 25 
  -8 27 
  -8 29 
  -7 -28 
  -7 -19 
  -7 -17 
  -7 -8 
  -7 -3 
  -7 5 
  -7 21 
  -7 27 
  -7 28 
  -6 -30 
  -6 -22 
  -6 -21 
  -6 -13 
  -6 -10 
  -6 -3 
  -6 0 
  -6 9 
  -6 10 
  -6 12 
  -6 14 
  -6 23 
  -6 26 
  -6 28 
  -5 -30 
  -5 -19 
  -5 -17 
  -5 -2 
  -5 7 
  -5 11 
  -5 18 
  -5 21 
  -4 -30 
  -4 -29 
  -4 -18 
  -4 -15 
  -4 -13 
  -4 -5 
  -4 6 
  -4 16 
  -4 27 
  -3 -30 
  -3 -26 
  -3 -23 
  -3 -17 
  -3 -14 
  -3 -10 
  -3 16 
  -3 17 
  -3 21 
  -2 -21 
  -2 -7 
  -2 0 
  -2 1 
  -2 11 
  -2 23 
  -2 28 
  -1 -26 
  -1 -21 
  -1 -20 
  -1 -10 
  -1 -5 
  -1 1 
  -1 8 
  -1 14 
  -1 19 
  -1 23 
  -1 24 
  -1 27 
  0 -24 
  0 -8 
  0 -5 
  0 2 
  0 9 
  0 12 
  0 20 
  0 24 
  1 -26 
  1 -10 
  1 -6 
  1 -5 
  1 10 
  1 24 
  1 29 
  2 -27 
  2 -26 
  2 -14 
  2 8 
  2 13 
  2 14 
  2 18 
  2 28 
  3 -30 
  3 -20 
  3 -3 
  3 11 
  3 13 
  3 18 
  3 21 
  3 31 
  4 -7 
  4 -5 
  4 -2 
  4 13 
  4 14 
  4 22 
  5 -27 
  5 -23 
  5 -20 
  5 -16 
  5 -13 
  5 -7 
  5 -5 
  5 -1 
  5 0 
  5 1 
  5 6 
  5 23 
  5 28 
  6 -25 
  6 -24 
  6 -18 
  6 1 
  6 3 
  6 5 
  6 12 
  6 26 
  7 -28 
  7 -21 
  7 -14 
  7 -10 
  7 -6 
  7 -3 
  7 -2 
  7 6 
  7 16 
  7 19 
  8 -26 
  8 -21 
  8 -13 
  8 -2 
  8 5 
  8 10 
  8 24 
  9 -16 
  9 -13 
  9 -12 
  9 8 
  9 26 
  9 27 
  10 -20 
  10 -19 
  10 -18 
  10 -11 
  10 -1 
  10 11 
  10 13 
  11 -28 
  11 -25 
  11 -11 
  11 0 
  11 16 
  11 26 
  12 -19 
  12 -16 
  12 -12 
  12 -9 
  12 -8 
  12 9 
  12 13 
  12 15 
  13 -21 
  13 -16 
  13 -10 
  13 4 
  13 5 
  13 14 
  13 16 
  13 17 
  13 24 
  13 26 
  14 -22 
  14 -17 
  14 -12 
  14 -9 
  14 -8 
  14 -3 
  14 5 
  14 18 
  14 23 
  15 -23 
  15 -10 
  15 0 
  15 7 
  15 10 
  15 11 
  15 24 
  15 27 
  16 -24 
  16 -22 
  16 -19 
  16 -16 
  16 -8 
  16 8 
  16 10 
  16 18 
  16 19 
  16 23 
  17 -23 
  17 -12 
  17 -7 
  17 -3 
  17 12 
  18 1 
  18 18 
  19 -15 
  19 -1 
  19 0 
  19 8 
  19 19 
  19 21 
  20 -22 
  20 -18 
  20 -17 
  20 -15 
  20 -11 
  20 -4 
  20 9 
  20 12 
  20 13 
  20 17 
  21 -16 
  21 -6 
  22 -18 
  22 -15 
  22 -6 
  22 -2 
  22 -1 
  22 13 
  22 16 
  22 17 
  23 -17 
  23 -7 
  23 12 
  23 16 
  24 -6 
  24 15 
  25 -10 
  25 -8 
  26 4 
  27 -8 
  27 -5 
  27 5 
  27 7 
  27 9 
  28 1 
  -27 3 
  -26 -3 
  -25 -11 
  -25 3 
  -25 10 
  -25 11 
  -23 -16 
  -23 -7 
  -23 -3 
  -23 4 
  -22 -16 
  -22 -12 
  -22 -9 
  -22 -3 
  -22 -2 
  -22 0 
  -21 -19 
  -21 -13 
  -21 -8 
  -21 -6 
  -21 -4 
  -21 -1 
  -21 14 
  -21 17 
  -21 18 
  -21 19 
  -20 -17 
  -20 -16 
  -20 -15 
  -20 -11 
  -20 9 
  -20 10 
  -19 -8 
  -19 -7 
  -19 2 
  -19 6 
  -19 7 
  -19 8 
  -19 10 
  -18 -21 
  -18 -20 
  -18 -1 
  -18 10 
  -18 22 
  -17 -24 
  -17 -19 
  -17 -7 
  -17 7 
  -17 8 
  -16 -6 
  -16 -3 
  -16 -2 
  -16 8 
  -16 11 
  -16 14 
  -16 16 
  -16 20 
  -15 -24 
  -15 -10 
  -15 -8 
  -15 5 
  -15 20 
  -15 25 
  -14 -21 
  -14 -16 
  -14 -15 
  -14 -14 
  -14 -12 
  -14 -10 
  -14 -4 
  -14 24 
  -13 -27 
  -13 -25 
  -13 -23 
  -13 -18 
  -13 -14 
  -13 -2 
  -13 3 
  -13 12 
  -13 18 
  -12 -23 
  -12 -22 
  -12 -17 
  -12 -4 
  -12 0 
  -12 3 
  -12 11 
  -12 15 
  -12 22 
  -12 26 
  -12 27 
  -12 28 
  -11 -22 
  -11 -10 
  -11 -4 
  -11 7 
  -10 -16 
  -10 -2 
  -10 -1 
  -9 -25 
  -9 -20 
  -9 -13 
  -9 -6 
  -9 5 
  -9 18 
  -9 27 
  -9 28 
  -8 -23 
  -8 -11 
  -8 -6 
  -8 0 
  -8 9 
  -8 13 
  -7 -22 
  -7 -10 
  -7 -9 
  -7 -7 
  -7 -1 
  -7 8 
  -7 15 
  -6 -25 
  -6 -9 
  -6 -5 
  -6 -4 
  -6 17 
  -5 4 
  -5 23 
  -4 -28 
  -4 -22 
  -4 -12 
  -4 -4 
  -4 18 
  -4 21 
  -3 -19 
  -3 -16 
  -3 -11 
  -3 -6 
  -3 -5 
  -3 7 
  -3 14 
  -3 27 
  -2 -30 
  -2 -20 
  -2 -15 
  -2 -5 
  -2 -4 
  -2 -1 
  -2 3 
  -2 8 
  -2 16 
  -2 21 
  -2 25 
  -1 -23 
  -1 -15 
  -1 -9 
  -1 -8 
  -1 -1 
  -1 28 
  0 -23 
  0 -21 
  0 -10 
  0 -6 
  0 -2 
  0 0 
  0 27 
  0 28 
  1 -30 
  1 -21 
  1 -18 
  1 -15 
  1 2 
  1 18 
  1 27 
  2 -17 
  2 -7 
  2 -4 
  2 -3 
  2 -1 
  2 16 
  2 17 
  2 27 
  3 -24 
  3 -19 
  3 -15 
  3 16 
  3 24 
  3 29 
  4 -29 
  4 -27 
  4 -11 
  4 -9 
  4 -4 
  4 0 
  4 10 
  4 19 
  5 -21 
  5 -6 
  5 -2 
  5 22 
  5 24 
  5 27 
  6 -13 
  6 -8 
  6 -7 
  6 21 
  6 27 
  6 29 
  7 -24 
  7 -22 
  7 18 
  7 27 
  8 -27 
  8 -22 
  8 -11 
  8 0 
  8 4 
  8 14 
  9 -21 
  9 -19 
  9 -8 
  9 -5 
  9 -3 
  9 2 
  9 5 
  9 11 
  9 21 
  9 30 
  10 -27 
  10 -26 
  10 -22 
  10 -4 
  10 9 
  10 14 
  11 -21 
  11 -20 
  11 -18 
  11 -5 
  11 -2 
  11 23 
  12 -26 
  12 -23 
  12 -20 
  12 -14 
  12 -6 
  12 6 
  12 17 
  13 -23 
  13 1 
  13 2 
  14 -27 
  14 -13 
  14 -2 
  14 -1 
  14 9 
  14 10 
  14 11 
  14 14 
  14 25 
  15 -17 
  15 -15 
  15 -14 
  15 -11 
  15 -9 
  15 -7 
  15 -5 
  15 -1 
  15 2 
  15 21 
  16 -20 
  16 -6 
  16 5 
  16 13 
  16 16 
  17 -21 
  17 -18 
  17 -13 
  17 -11 
  17 -6 
  17 2 
  17 6 
  17 7 
  17 15 
  17 18 
  17 22 
  18 -22 
  18 -19 
  18 -12 
  18 -7 
  18 -2 
  18 16 
  19 -23 
  19 -22 
  19 -20 
  19 -19 
  19 -16 
  19 -14 
  19 12 
  19 22 
  20 -10 
  20 -3 
  20 18 
  20 19 
  21 -10 
  21 -4 
  21 20 
  21 21 
  22 -17 
  22 2 
  22 10 
  22 15 
  22 19 
  23 -4 
  23 11 
  23 18 
  24 -14 
  24 -10 
  24 -7 
  24 9 
  24 14 
  25 -5 
  25 3 
  25 7 
  25 9 
  25 15 
  26 -3 
  26 -1 
  26 2 
  26 5 
  27 -6 
  27 4 
  27 6 
  28 -1 ;
AreaPerTest 2.1661100622e+10;
DefectRecordSpec 12 DEFECTID XREL YREL XINDEX YINDEX XSIZE YSIZE DEFECTAREA DSIZE CLASSNUMBER TEST IMAGECOUNT ;
DefectList
 1 3090.986 470.214 -2 31 0.390 0.390 0.051000 0.226 0 1 0
 2 3091.491 470.214 4 31 0.390 0.390 0.051000 0.226 0 1 0
 3 215.768 2436.245 -4 30 0.390 0.390 0.051000 0.226 0 1 0
 4 219.330 2085.378 2 30 0.390 0.390 0.077000 0.277 0 1 0
 5 238.210 594.691 -4 30 0.390 0.390 0.077000 0.277 0 1 0
 6 239.088 594.691 8 30 0.390 0.390 0.059000 0.243 0 1 0
 7 237.915 594.691 -8 30 0.390 0.390 0.087000 0.294 0 1 0
 8 3135.333 2764.316 8 29 0.390 0.390 0.068000 0.260 0 1 0
 9 3115.038 2792.042 8 29 0.390 0.390 0.068000 0.260 0 1 0
 10 3089.698 472.902 1 29 0.390 0.390 0.059000 0.243 0 1 0
 11 237.792 594.269 -11 28 0.390 0.390 0.130000 0.360 0 1 0
 12 191.945 811.191 -5 28 0.390 0.390 0.044000 0.208 0 1 0
 13 237.995 594.269 -5 28 0.390 0.390 0.142000 0.377 0 1 0
 15 238.987 594.269 7 28 0.390 0.390 0.130000 0.360 0 1 0
 16 277.304 400.371 13 28 0.390 0.390 0.077000 0.277 0 1 0
 17 3130.202 2803.238 14 27 0.390 0.390 0.108000 0.327 0 1 0
 18 3165.532 2624.777 8 27 0.390 0.390 0.077000 0.277 0 1 0
 19 3165.150 2624.777 2 27 0.390 0.390 0.077000 0.277 0 1 0
 21 3164.770 2624.582 -4 27 0.390 0.390 0.077000 0.277 0 1 0
 22 3132.964 2683.941 -4 27 0.390 0.390 0.087000 0.294 0 1 0
 23 3164.389 2624.777 -10 27 0.390 0.390 0.077000 0.277 0 1 0
 24 3128.678 2803.434 -10 27 0.390 0.390 0.097000 0.311 0 1 0
 25 2596.398 1694.324 -2 27 6.634 7.029 7.721000 2.778 0 1 0
 26 3090.105 471.074 -11 27 0.390 0.390 0.059000 0.243 0 1 0
 28 239.031 559.715 5 27 0.390 0.390 0.108000 0.327 0 1 0
 29 238.927 560.247 3 25 0.390 0.390 0.077000 0.277 0 1 0
 30 239.111 560.247 9 25 0.390 0.390 0.077000 0.277 0 1 0
 31 258.399 2744.567 15 24 0.390 0.390 0.059000 0.243 0 1 0
 33 237.992 596.013 -12 24 0.390 0.390 0.108000 0.327 0 1 0
 34 188.615 810.794 -9 24 0.390 0.390 0.059000 0.243 0 1 0
 35 238.178 596.013 -9 24 0.390 0.390 0.097000 0.311 0 1 0
 36 238.365 596.013 -6 24 0.390 0.390 0.108000 0.327 0 1 0
 37 238.551 596.013 -3 24 0.390 0.390 0.077000 0.277 0 1 0
 38 238.861 596.013 2 24 0.390 0.390 0.087000 0.294 0 1 0
 39 177.437 867.809 9 24 0.390 0.390 0.059000 0.243 0 1 0
 40 239.295 596.013 9 24 0.390 0.390 0.097000 0.311 0 1 0
 41 239.604 596.013 14 24 0.390 0.390 0.108000 0.327 0 1 0
 42 295.668 443.333 18 23 0.390 0.390 0.108000 0.327 0 1 0
 43 237.652 595.845 -18 22 0.390 0.390 0.087000 0.294 0 1 0
 44 237.950 595.845 -13 22 0.390 0.390 0.068000 0.260 0 1 0
 45 238.070 595.845 -11 22 0.390 0.390 0.059000 0.243 0 1 0
 46 239.387 595.845 11 22 0.390 0.390 0.051000 0.226 0 1 0
 47 239.746 595.845 17 22 0.390 0.390 0.051000 0.226 0 1 0
 48 3165.326 2626.533 2 21 0.390 0.390 0.059000 0.243 0 1 0
 49 239.901 561.467 13 21 0.390 0.390 0.059000 0.243 0 1 0
 50 237.943 596.295 -20 20 0.390 0.390 0.108000 0.327 0 1 0
 51 191.733 813.029 -16 20 0.390 0.390 0.044000 0.208 0 1 0
 52 238.175 596.295 -16 20 0.390 0.390 0.087000 0.294 0 1 0
 53 238.530 596.295 -10 20 0.390 0.390 0.087000 0.294 0 1 0
 54 238.883 596.295 -4 20 0.390 0.390 0.051000 0.226 0 1 0
 55 239.236 596.295 2 20 0.390 0.390 0.051000 0.226 0 1 0
 56 239.590 596.295 8 20 0.390 0.390 0.059000 0.243 0 1 0
 57 239.944 596.295 14 20 0.390 0.390 0.059000 0.243 0 1 0
 58 240.295 596.295 20 20 0.390 0.390 0.068000 0.260 0 1 0
 59 193.916 813.029 21 20 0.390 0.390 0.044000 0.208 0 1 0
 60 201.770 2073.553 2 19 0.390 0.390 0.059000 0.243 0 1 0
 61 238.449 597.061 -18 19 0.390 0.390 0.108000 0.327 0 1 0
 62 238.623 597.061 -15 19 0.390 0.390 0.108000 0.327 0 1 0
 63 238.801 597.061 -12 19 0.390 0.390 0.087000 0.294 0 1 0
 66 239.332 597.061 -3 19 0.390 0.390 0.077000 0.277 0 1 0
 67 239.509 597.061 0 19 0.390 0.390 0.077000 0.277 0 1 0
 68 239.685 597.061 3 19 0.390 0.390 0.077000 0.277 0 1 0
 69 239.863 597.061 6 19 0.390 0.390 0.077000 0.277 0 1 0
 70 240.039 597.061 9 19 0.390 0.390 0.077000 0.277 0 1 0
 72 240.392 597.061 15 19 0.390 0.390 0.097000 0.311 0 1 0
 73 240.570 597.061 18 19 0.390 0.390 0.097000 0.311 0 1 0
 75 238.272 597.061 -21 19 0.390 0.390 0.119000 0.344 0 1 0
 77 3189.676 1257.038 18 18 0.390 0.390 0.087000 0.294 0 1 0
 78 3189.324 1257.038 12 18 0.390 0.390 0.087000 0.294 0 1 0
 79 3173.320 673.616 12 18 0.390 0.390 0.068000 0.260 0 1 0
 80 3188.618 1257.038 0 18 0.390 0.390 0.097000 0.311 0 1 0
 81 3172.422 673.616 0 18 0.390 0.390 0.068000 0.260 0 1 0
 82 3188.266 1257.038 -6 18 0.390 0.390 0.087000 0.294 0 1 0
 83 3171.875 673.616 -6 18 0.390 0.390 0.059000 0.243 0 1 0
 84 3187.914 1257.038 -12 18 0.390 0.390 0.097000 0.311 0 1 0
 85 3171.910 673.616 -12 18 0.390 0.390 0.051000 0.226 0 1 0
 86 238.287 561.592 -21 18 0.390 0.390 0.087000 0.294 0 1 0
 87 258.576 402.264 -21 18 0.390 0.390 0.097000 0.311 0 1 0
 89 238.522 438.190 3 18 0.390 0.390 0.077000 0.277 0 1 0
 90 238.875 438.190 9 18 0.390 0.390 0.077000 0.277 0 1 0
 91 260.923 402.264 9 18 0.390 0.390 0.059000 0.243 0 1 0
 92 191.572 2104.933 15 17 0.390 0.390 0.119000 0.344 0 1 0
 93 2255.193 448.061 15 17 0.390 0.390 0.051000 0.226 0 1 0
 94 3089.862 473.835 13 17 0.390 0.390 0.051000 0.226 0 1 0
 96 237.987 597.187 -16 15 0.390 0.390 0.051000 0.226 0 1 0
 97 3190.268 2173.914 8 14 0.390 0.390 0.087000 0.294 0 1 0
 98 3172.845 672.945 7 14 0.390 0.390 0.044000 0.208 0 1 0
 99 3188.759 1255.976 2 14 0.390 0.390 0.059000 0.243 0 1 0
 100 3188.419 1255.976 -4 14 0.390 0.390 0.059000 0.243 0 1 0
 101 238.303 562.761 -21 14 0.390 0.390 0.051000 0.226 0 1 0
 102 259.274 403.437 -9 14 0.390 0.390 0.051000 0.226 0 1 0
 103 239.152 563.152 -6 14 0.390 0.390 0.130000 0.360 0 1 0
 104 239.491 563.152 0 14 0.390 0.390 0.130000 0.360 0 1 0
 105 240.172 563.152 12 14 0.390 0.390 0.108000 0.327 0 1 0
 106 240.851 563.152 24 14 0.390 0.390 0.168000 0.390 0 1 0
 107 257.649 436.238 -24 14 0.390 0.390 0.130000 0.360 0 1 0
 108 277.156 403.437 -24 14 0.780 0.390 0.108000 0.327 0 1 0
 109 293.164 445.218 -24 14 0.390 0.390 0.108000 0.327 0 1 0
 110 3172.991 673.852 13 13 0.390 0.390 0.051000 0.226 0 1 0
 111 3172.821 673.852 10 13 0.390 0.390 0.051000 0.226 0 1 0
 112 3160.161 901.520 7 13 0.390 0.390 0.051000 0.226 0 1 0
 113 3172.650 673.656 7 13 0.390 0.390 0.087000 0.294 0 1 0
 114 1002.835 831.813 5 13 1.951 1.952 0.030000 0.172 0 1 0
 115 3172.481 673.852 4 13 0.390 0.390 0.051000 0.226 0 1 0
 116 3172.141 673.852 -2 13 0.390 0.390 0.051000 0.226 0 1 0
 117 3171.972 673.656 -5 13 0.390 0.390 0.087000 0.294 0 1 0
 118 1935.680 775.773 -7 13 1.951 1.562 0.108000 0.327 0 1 0
 119 3159.312 901.520 -8 13 0.390 0.390 0.051000 0.226 0 1 0
 120 3171.802 673.852 -8 13 0.390 0.390 0.059000 0.243 0 1 0
 121 3171.632 673.656 -11 13 0.390 0.390 0.087000 0.294 0 1 0
 122 3173.671 673.852 25 13 0.390 0.390 0.077000 0.277 0 1 0
 123 216.417 2439.028 -7 12 0.390 0.390 0.051000 0.226 0 1 0
 124 201.518 2074.489 -1 12 0.390 0.390 0.068000 0.260 0 1 0
 125 237.750 597.844 -24 12 0.390 0.781 0.142000 0.377 0 1 0
 126 238.020 598.039 -19 12 0.390 0.390 0.108000 0.327 0 1 0
 127 238.124 597.844 -17 12 0.390 0.390 0.087000 0.294 0 1 0
 128 238.341 598.039 -13 12 0.390 0.390 0.087000 0.294 0 1 0
 129 238.663 598.039 -7 12 0.390 0.390 0.077000 0.277 0 1 0
 130 238.769 597.844 -5 12 0.390 0.390 0.068000 0.260 0 1 0
 131 238.984 597.844 -1 12 0.390 0.390 0.077000 0.277 0 1 0
 132 239.091 597.844 1 12 0.390 0.390 0.077000 0.277 0 1 0
 133 239.306 597.844 5 12 0.390 0.390 0.068000 0.260 0 1 0
 134 239.413 597.844 7 12 0.390 0.390 0.068000 0.260 0 1 0
 135 239.629 598.039 11 12 0.390 0.390 0.068000 0.260 0 1 0
 136 239.734 597.844 13 12 0.390 0.390 0.077000 0.277 0 1 0
 137 239.950 597.844 17 12 0.390 0.390 0.087000 0.294 0 1 0
 138 240.058 597.844 19 12 0.390 0.390 0.097000 0.311 0 1 0
 139 240.274 597.844 23 12 0.390 0.390 0.097000 0.311 0 1 0
 140 240.382 597.649 25 12 0.390 0.390 0.119000 0.344 0 1 0
 141 201.163 2075.208 -4 11 1.170 0.390 0.059000 0.243 0 1 0
 142 1856.147 2071.692 26 11 0.390 0.390 0.087000 0.294 0 1 0
 143 238.087 598.016 -25 11 0.390 0.390 0.119000 0.344 0 1 0
 144 200.772 2075.255 -4 10 1.170 0.390 0.059000 0.243 0 1 0
 145 3158.371 1413.862 9 10 0.390 0.390 0.051000 0.226 0 1 0
 147 176.107 870.091 -20 10 0.390 0.390 0.059000 0.243 0 1 0
 148 237.966 598.296 -20 10 0.390 0.390 0.108000 0.327 0 1 0
 149 492.191 889.421 -17 10 0.390 0.390 0.036000 0.190 0 1 0
 150 238.179 598.296 -16 10 0.390 0.390 0.077000 0.277 0 1 0
 151 190.424 814.052 -15 10 3.512 1.952 0.077000 0.277 0 1 0
 152 238.287 598.296 -14 10 0.390 0.390 0.097000 0.311 0 1 0
 153 188.936 813.077 -10 10 0.390 0.390 0.059000 0.243 0 1 0
 154 238.503 598.296 -10 10 0.390 0.390 0.068000 0.260 0 1 0
 155 189.258 813.077 -4 10 0.390 0.390 0.044000 0.208 0 1 0
 156 238.823 598.296 -4 10 0.390 0.390 0.059000 0.243 0 1 0
 157 238.931 598.102 -2 10 0.390 0.390 0.119000 0.344 0 1 0
 158 189.581 813.077 2 10 0.390 0.390 0.044000 0.208 0 1 0
 159 239.145 598.296 2 10 0.390 0.390 0.059000 0.243 0 1 0
 160 190.489 813.077 8 10 1.170 0.390 0.059000 0.243 0 1 0
 161 239.467 598.296 8 10 0.390 0.390 0.068000 0.260 0 1 0
 162 239.575 598.102 10 10 0.390 0.390 0.097000 0.311 0 1 0
 163 239.788 598.296 14 10 0.390 0.390 0.068000 0.260 0 1 0
 164 239.896 598.296 16 10 0.390 0.390 0.097000 0.311 0 1 0
 165 240.112 598.296 20 10 0.390 0.390 0.077000 0.277 0 1 0
 166 240.436 598.296 26 10 0.390 0.390 0.077000 0.277 0 1 0
 167 218.715 1924.802 0 9 0.390 0.390 0.077000 0.277 0 1 0
 168 3174.498 674.257 26 9 0.390 0.390 0.087000 0.294 0 1 0
 169 3174.182 674.257 20 9 0.390 0.390 0.059000 0.243 0 1 0
 170 3173.551 674.257 8 9 0.390 0.390 0.059000 0.243 0 1 0
 171 3173.393 674.257 5 9 0.390 0.390 0.068000 0.260 0 1 0
 172 3173.078 674.257 -1 9 0.390 0.390 0.059000 0.243 0 1 0
 173 3172.921 674.257 -4 9 0.390 0.390 0.059000 0.243 0 1 0
 174 3172.762 674.257 -7 9 0.390 0.390 0.068000 0.260 0 1 0
 175 3172.604 674.257 -10 9 0.390 0.390 0.059000 0.243 0 1 0
 177 3172.134 674.257 -19 9 0.390 0.390 0.051000 0.226 0 1 0
 178 3129.496 2807.472 -6 8 0.390 0.390 0.068000 0.260 0 1 0
 180 3190.390 1257.662 24 8 0.390 0.390 0.119000 0.344 0 1 0
 181 3190.078 1257.662 18 8 0.390 0.390 0.087000 0.294 0 1 0
 182 3189.762 1257.662 12 8 0.390 0.390 0.087000 0.294 0 1 0
 183 3173.371 674.242 12 8 0.390 0.390 0.068000 0.260 0 1 0
 184 3189.447 1257.662 6 8 0.390 0.390 0.087000 0.294 0 1 0
 185 3173.252 674.242 6 8 0.390 0.390 0.068000 0.260 0 1 0
 186 3189.132 1257.662 0 8 0.390 0.390 0.077000 0.277 0 1 0
 187 3172.740 674.242 0 8 0.390 0.390 0.068000 0.260 0 1 0
 188 3177.498 790.029 -6 8 0.390 0.390 0.097000 0.311 0 1 0
 189 3172.621 674.242 -6 8 0.390 0.390 0.059000 0.243 0 1 0
 190 3188.500 1257.662 -12 8 0.390 0.390 0.097000 0.311 0 1 0
 191 3172.305 674.242 -12 8 0.390 0.390 0.077000 0.277 0 1 0
 192 258.201 403.765 -21 8 0.390 0.390 0.059000 0.243 0 1 0
 193 237.365 439.691 -9 8 0.390 0.390 0.068000 0.260 0 1 0
 194 237.681 439.691 -3 8 0.390 0.390 0.068000 0.260 0 1 0
 195 259.385 436.568 9 8 0.390 0.390 0.068000 0.260 0 1 0
 196 238.627 439.691 15 8 0.390 0.390 0.087000 0.294 0 1 0
 197 261.067 403.765 15 8 0.390 0.390 0.068000 0.260 0 1 0
 198 3133.912 2759.564 26 7 0.390 0.390 0.119000 0.344 0 1 0
 199 3137.030 2758.392 26 7 0.390 0.390 0.097000 0.311 0 1 0
 200 3165.987 2628.744 20 7 0.390 0.390 0.068000 0.260 0 1 0
 201 3134.377 2688.101 20 7 0.390 0.390 0.087000 0.294 0 1 0
 202 3191.038 2662.914 14 7 0.390 1.952 0.142000 0.377 0 1 0
 203 3191.038 2391.316 14 7 0.390 1.562 0.130000 0.360 0 1 0
 204 3190.723 2662.133 8 7 0.390 1.171 0.130000 0.360 0 1 0
 205 3165.161 2628.744 8 7 0.390 0.390 0.077000 0.277 0 1 0
 206 3190.723 2475.666 8 7 0.390 0.781 0.130000 0.360 0 1 0
 207 3190.723 2455.359 8 7 0.390 0.390 0.108000 0.327 0 1 0
 208 3190.723 2388.582 8 7 0.390 3.124 0.119000 0.344 0 1 0
 209 3190.723 2383.115 8 7 0.390 3.124 0.130000 0.360 0 1 0
 210 3133.745 2687.906 8 7 0.390 0.390 0.097000 0.311 0 1 0
 211 3190.408 2662.914 2 7 0.390 2.733 0.130000 0.360 0 1 0
 212 3121.720 2717.390 2 7 0.390 0.390 0.068000 0.260 0 1 0
 213 3133.428 2687.711 2 7 0.390 0.390 0.068000 0.260 0 1 0
 214 3133.113 2687.906 -4 7 0.390 0.390 0.087000 0.294 0 1 0
 215 3189.776 2661.937 -10 7 0.390 0.781 0.142000 0.377 0 1 0
 216 3121.089 2717.390 -10 7 0.390 0.390 0.097000 0.311 0 1 0
 217 3132.800 2687.906 -10 7 0.390 0.390 0.097000 0.311 0 1 0
 218 3121.089 2621.129 -10 7 0.390 0.390 0.087000 0.294 0 1 0
 219 3164.288 2628.939 -16 7 0.390 0.390 0.068000 0.260 0 1 0
 221 3163.585 2628.939 -22 7 0.390 0.390 0.068000 0.260 0 1 0
 222 1920.877 1996.117 -26 7 0.390 0.390 0.108000 0.327 0 1 0
 223 3172.614 674.523 5 7 0.390 0.390 0.051000 0.226 0 1 0
 224 3171.983 674.523 -7 7 0.390 0.390 0.051000 0.226 0 1 0
 225 238.063 563.107 -18 7 0.390 0.390 0.077000 0.277 0 1 0
 226 3087.472 477.586 -17 7 0.390 0.390 0.044000 0.208 0 1 0
 227 259.619 403.779 6 7 0.390 0.390 0.059000 0.243 0 1 0
 228 3091.464 474.853 7 7 0.390 0.390 0.044000 0.208 0 1 0
 229 239.640 563.107 12 7 0.390 0.390 0.059000 0.243 0 1 0
 230 239.957 563.107 18 7 0.390 0.390 0.068000 0.260 0 1 0
 231 294.593 433.849 18 7 0.390 0.390 0.051000 0.226 0 1 0
 232 785.267 2378.873 -26 6 0.390 0.390 0.087000 0.294 0 1 0
 233 200.018 2075.317 -10 5 1.170 0.390 0.059000 0.243 0 1 0
 235 2288.474 2386.552 27 5 0.390 0.390 0.051000 0.226 0 1 0
 237 237.764 599.093 -16 5 0.390 0.390 0.059000 0.243 0 1 0
 238 237.874 599.093 -10 5 0.390 0.390 0.059000 0.243 0 1 0
 239 238.644 599.093 9 5 0.390 0.390 0.051000 0.226 0 1 0
 241 228.361 2094.576 -9 4 0.390 0.390 0.068000 0.260 0 1 0
 242 200.764 2076.222 -3 4 1.170 0.390 0.077000 0.277 0 1 0
 243 201.323 2076.222 8 4 1.170 0.390 0.077000 0.277 0 1 0
 244 215.744 2359.340 -27 4 0.390 0.390 0.068000 0.260 0 1 0
 245 551.174 2281.434 -27 4 0.390 0.390 0.077000 0.277 0 1 0
 246 561.127 2219.148 -27 4 0.390 0.390 0.119000 0.344 0 1 0
 247 629.033 2106.486 -27 4 0.780 0.390 0.068000 0.260 0 1 0
 248 1587.533 2197.475 -27 4 0.390 0.390 0.097000 0.311 0 1 0
 249 1288.806 1857.167 -26 4 0.390 0.390 0.068000 0.260 0 1 0
 250 539.830 1912.423 -27 4 0.780 0.390 0.108000 0.327 0 1 0
 251 175.850 871.402 -21 4 0.390 0.390 0.044000 0.208 0 1 0
 253 237.709 599.609 -21 4 0.390 0.390 0.068000 0.260 0 1 0
 254 238.010 599.609 -15 4 0.390 0.390 0.068000 0.260 0 1 0
 255 238.460 599.414 -10 4 0.390 0.390 0.059000 0.243 0 1 0
 256 239.228 599.414 9 4 0.390 0.390 0.059000 0.243 0 1 0
 257 239.483 599.218 14 4 0.390 0.390 0.059000 0.243 0 1 0
 258 239.838 599.414 21 4 0.390 0.390 0.077000 0.277 0 1 0
 259 240.146 599.414 27 4 0.390 0.390 0.108000 0.327 0 1 0
 260 190.955 816.145 -27 4 0.390 0.390 0.051000 0.226 0 1 0
 261 237.596 599.609 -27 4 0.390 0.390 0.130000 0.360 0 1 0
 262 3124.465 2508.211 -3 3 0.390 0.390 0.036000 0.190 0 1 0
 263 201.518 2076.504 8 3 0.390 0.390 0.059000 0.243 0 1 0
 264 237.306 599.757 -25 3 0.390 0.390 0.130000 0.360 0 1 0
 265 237.460 599.952 -22 3 0.390 0.390 0.130000 0.360 0 1 0
 266 188.052 814.731 -19 3 0.390 0.390 0.051000 0.226 0 1 0
 267 237.614 599.952 -19 3 0.390 0.390 0.068000 0.260 0 1 0
 268 188.784 814.731 -16 3 1.170 0.390 0.059000 0.243 0 1 0
 270 237.915 599.952 -13 3 0.390 0.390 0.068000 0.260 0 1 0
 271 238.069 599.757 -10 3 0.390 0.390 0.108000 0.327 0 1 0
 272 188.657 814.731 -7 3 0.390 0.390 0.036000 0.190 0 1 0
 273 238.221 599.757 -7 3 0.390 0.390 0.068000 0.260 0 1 0
 274 238.374 599.757 -4 3 0.390 0.390 0.087000 0.294 0 1 0
 275 238.526 599.757 -1 3 0.390 0.390 0.077000 0.277 0 1 0
 276 238.679 599.757 2 3 0.390 0.390 0.068000 0.260 0 1 0
 277 238.831 599.757 5 3 0.390 0.390 0.077000 0.277 0 1 0
 278 238.983 599.757 8 3 0.390 0.390 0.119000 0.344 0 1 0
 279 190.157 814.731 11 3 1.170 0.390 0.044000 0.208 0 1 0
 280 239.137 599.757 11 3 0.390 0.390 0.087000 0.294 0 1 0
 281 239.288 599.757 14 3 0.390 0.390 0.119000 0.344 0 1 0
 282 189.875 814.731 17 3 0.390 0.390 0.044000 0.208 0 1 0
 283 239.592 599.757 20 3 0.390 0.390 0.130000 0.360 0 1 0
 284 239.743 599.952 23 3 0.390 0.390 0.087000 0.294 0 1 0
 285 239.897 599.757 26 3 0.390 0.390 0.155000 0.390 0 1 0
 286 200.450 2076.441 -13 2 0.390 0.390 0.077000 0.277 0 1 0
 287 2202.878 2415.597 -10 2 1.951 1.952 0.119000 0.344 0 1 0
 288 200.171 2076.441 -7 2 1.170 0.390 0.077000 0.277 0 1 0
 289 228.075 2094.795 -7 2 0.390 0.390 0.059000 0.243 0 1 0
 290 707.977 2766.469 2 2 0.390 0.390 0.044000 0.208 0 1 0
 291 2427.002 2388.067 -27 2 0.390 0.390 0.087000 0.294 0 1 0
 292 2416.862 2161.962 -27 2 0.390 0.390 0.097000 0.311 0 1 0
 293 237.306 599.078 -25 2 0.390 0.390 0.097000 0.311 0 1 0
 294 237.406 599.078 -23 2 0.390 0.390 0.087000 0.294 0 1 0
 295 237.614 599.078 -19 2 0.390 0.390 0.059000 0.243 0 1 0
 296 237.824 599.078 -11 2 0.390 0.390 0.044000 0.208 0 1 0
 297 238.026 599.078 -7 2 0.390 0.390 0.051000 0.226 0 1 0
 298 239.352 599.078 23 2 0.390 0.390 0.059000 0.243 0 1 0
 299 239.460 599.078 25 2 0.390 0.390 0.068000 0.260 0 1 0
 300 337.570 2598.035 -18 1 0.390 0.390 0.044000 0.208 0 1 0
 301 706.435 437.223 -20 1 0.780 0.781 0.181000 0.425 0 1 0
 302 236.869 599.945 -26 0 0.390 0.390 0.155000 0.390 0 1 0
 303 237.069 599.945 -22 0 0.390 0.390 0.108000 0.327 0 1 0
 304 237.169 599.749 -20 0 0.390 0.390 0.130000 0.360 0 1 0
 305 237.374 599.749 -16 0 0.390 0.390 0.077000 0.277 0 1 0
 306 187.912 814.529 -14 0 0.390 0.390 0.087000 0.294 0 1 0
 307 237.474 599.749 -14 0 0.390 0.390 0.108000 0.327 0 1 0
 308 188.116 814.529 -10 0 0.390 0.390 0.059000 0.243 0 1 0
 309 237.678 599.749 -10 0 0.390 0.390 0.077000 0.277 0 1 0
 310 188.802 814.529 -8 0 1.170 0.390 0.087000 0.294 0 1 0
 311 237.781 599.554 -8 0 0.390 0.390 0.108000 0.327 0 1 0
 312 189.005 814.529 -4 0 1.170 0.390 0.051000 0.226 0 1 0
 314 238.085 599.554 -2 0 0.390 0.390 0.097000 0.311 0 1 0
 315 189.309 814.529 2 0 1.170 0.390 0.051000 0.226 0 1 0
 316 238.288 599.554 2 0 0.390 0.390 0.068000 0.260 0 1 0
 317 238.592 599.554 8 0 0.390 0.390 0.077000 0.277 0 1 0
 318 176.837 869.005 10 0 0.390 5.076 0.051000 0.226 0 1 0
 319 189.716 814.529 10 0 1.170 0.390 0.068000 0.260 0 1 0
 321 238.897 599.749 14 0 0.390 0.390 0.077000 0.277 0 1 0
 322 189.970 814.529 15 0 1.170 0.390 0.077000 0.277 0 1 0
 324 239.202 599.749 20 0 0.390 0.390 0.077000 0.277 0 1 0
 325 193.264 816.481 26 0 0.390 0.390 0.036000 0.190 0 1 0
 326 239.506 599.749 26 0 0.390 0.390 0.108000 0.327 0 1 0
 327 2046.577 2433.404 -10 -1 0.390 0.390 0.077000 0.277 0 1 0
 328 2048.331 2426.375 -10 -1 3.512 2.733 0.068000 0.260 0 1 0
 329 236.969 600.515 -24 -1 0.390 0.390 0.059000 0.243 0 1 0
 330 2970.905 1172.804 -22 -1 2.341 2.733 0.344000 0.586 0 1 0
 331 237.123 600.319 -21 -1 0.390 0.390 0.108000 0.327 0 1 0
 332 237.274 600.319 -18 -1 0.390 0.390 0.068000 0.260 0 1 0
 333 237.424 600.319 -15 -1 0.390 0.390 0.068000 0.260 0 1 0
 334 237.578 600.124 -12 -1 0.390 0.390 0.087000 0.294 0 1 0
 335 237.729 600.319 -9 -1 0.390 0.390 0.087000 0.294 0 1 0
 336 237.883 600.124 -6 -1 0.390 0.390 0.068000 0.260 0 1 0
 337 238.034 600.124 -3 -1 0.390 0.390 0.068000 0.260 0 1 0
 339 238.339 600.124 3 -1 0.390 0.390 0.059000 0.243 0 1 0
 340 238.492 600.319 6 -1 0.390 0.390 0.059000 0.243 0 1 0
 341 238.644 600.124 9 -1 0.390 0.390 0.077000 0.277 0 1 0
 343 238.947 600.124 15 -1 0.390 0.390 0.077000 0.277 0 1 0
 344 239.101 600.124 18 -1 0.390 0.390 0.097000 0.311 0 1 0
 345 239.252 600.319 21 -1 0.390 0.390 0.087000 0.294 0 1 0
 347 239.560 600.124 27 -1 0.390 0.390 0.119000 0.344 0 1 0
 348 236.815 600.515 -27 -1 0.390 0.390 0.097000 0.311 0 1 0
 349 199.830 2077.034 -6 -2 1.170 0.390 0.068000 0.260 0 1 0
 350 201.025 2077.034 6 -2 0.390 0.390 0.068000 0.260 0 1 0
 351 1974.291 2150.841 -27 -2 0.390 0.390 0.108000 0.327 0 1 0
 352 237.210 600.616 -23 -2 0.390 0.390 0.108000 0.327 0 1 0
 354 191.273 817.348 -17 -2 0.390 0.390 0.059000 0.243 0 1 0
 355 237.578 600.616 -12 -2 0.390 0.390 0.097000 0.311 0 1 0
 356 188.062 815.200 -11 -2 0.390 0.390 0.077000 0.277 0 1 0
 357 188.318 815.200 -6 -2 0.390 0.390 0.077000 0.277 0 1 0
 358 237.883 600.225 -6 -2 0.390 0.390 0.097000 0.311 0 1 0
 359 176.271 872.215 -5 -2 0.390 0.390 0.051000 0.226 0 1 0
 360 176.271 867.138 -5 -2 0.390 0.390 0.044000 0.208 0 1 0
 361 191.685 816.958 -5 -2 0.390 0.390 0.044000 0.208 0 1 0
 362 238.187 600.225 0 -2 0.390 0.390 0.108000 0.327 0 1 0
 363 238.687 600.225 6 -2 0.390 0.390 0.044000 0.208 0 1 0
 364 2584.305 781.031 8 -2 0.390 0.390 0.068000 0.260 0 1 0
 365 238.797 600.225 12 -2 0.390 0.390 0.108000 0.327 0 1 0
 366 177.183 869.676 13 -2 0.390 5.076 0.059000 0.243 0 1 0
 368 239.297 600.225 18 -2 0.390 0.390 0.108000 0.327 0 1 0
 369 239.406 600.421 24 -2 0.390 0.390 0.119000 0.344 0 1 0
 370 239.606 600.421 28 -2 0.390 0.390 0.108000 0.327 0 1 0
 371 256.240 2749.099 -21 -3 0.390 0.390 0.051000 0.226 0 1 0
 372 256.548 2749.099 -15 -3 0.390 0.390 0.059000 0.243 0 1 0
 373 718.203 2767.454 -8 -3 0.390 0.390 0.036000 0.190 0 1 0
 374 258.377 2749.099 21 -3 0.390 0.390 0.077000 0.277 0 1 0
 375 258.677 2749.099 27 -3 0.390 0.390 0.077000 0.277 0 1 0
 396 1249.427 2768.546 28 -5 0.390 0.390 0.240000 0.390 0 1 0
 397 237.115 599.866 -21 -5 0.390 0.390 0.077000 0.277 0 1 0
 398 237.420 599.671 -15 -5 0.390 0.390 0.077000 0.277 0 1 0
 399 237.725 599.671 -9 -5 0.390 0.390 0.051000 0.226 0 1 0
 401 238.334 599.476 3 -5 0.390 0.390 0.059000 0.243 0 1 0
 402 238.393 599.476 8 -5 0.390 0.390 0.059000 0.243 0 1 0
 403 238.893 599.671 14 -5 0.390 0.390 0.059000 0.243 0 1 0
 404 239.357 599.671 27 -5 0.390 0.390 0.059000 0.243 0 1 0
 406 215.516 1911.384 -4 -6 0.390 0.390 0.030000 0.172 0 1 0
 407 926.642 1842.265 -26 -6 0.390 0.390 0.077000 0.277 0 1 0
 408 236.961 598.624 -24 -6 0.390 2.343 0.155000 0.390 0 1 0
 409 237.061 599.796 -22 -6 0.390 0.390 0.119000 0.344 0 1 0
 410 237.370 599.796 -16 -6 0.390 0.390 0.077000 0.277 0 1 0
 411 237.675 599.601 -10 -6 0.390 0.390 0.097000 0.311 0 1 0
 412 189.001 814.576 -4 -6 1.170 0.390 0.059000 0.243 0 1 0
 413 237.979 599.601 -4 -6 0.390 0.390 0.097000 0.311 0 1 0
 414 189.305 814.576 2 -6 1.170 0.390 0.051000 0.226 0 1 0
 415 238.284 599.601 2 -6 0.390 0.390 0.097000 0.311 0 1 0
 416 238.588 599.406 8 -6 0.390 0.781 0.077000 0.277 0 1 0
 417 238.893 599.601 14 -6 0.390 0.390 0.087000 0.294 0 1 0
 418 239.198 599.601 20 -6 0.390 0.390 0.108000 0.327 0 1 0
 419 236.720 599.937 -25 -7 0.390 0.390 0.087000 0.294 0 1 0
 420 236.866 599.937 -22 -7 0.390 0.390 0.119000 0.344 0 1 0
 421 236.825 599.937 -19 -7 0.390 0.390 0.087000 0.294 0 1 0
 422 187.417 814.716 -16 -7 0.390 0.390 0.068000 0.260 0 1 0
 423 236.979 599.937 -16 -7 0.390 0.390 0.119000 0.344 0 1 0
 424 237.130 599.937 -13 -7 0.390 0.390 0.068000 0.260 0 1 0
 425 237.284 599.937 -10 -7 0.390 0.390 0.087000 0.294 0 1 0
 426 237.436 599.937 -7 -7 0.390 0.390 0.077000 0.277 0 1 0
 427 189.780 815.691 -4 -7 3.512 1.952 0.059000 0.243 0 1 0
 428 237.589 599.742 -4 -7 0.390 0.390 0.097000 0.311 0 1 0
 430 237.893 599.742 2 -7 0.390 0.390 0.108000 0.327 0 1 0
 431 189.067 814.716 5 -7 1.170 0.390 0.059000 0.243 0 1 0
 432 238.045 599.937 5 -7 0.390 0.390 0.059000 0.243 0 1 0
 433 238.198 599.742 8 -7 0.390 0.390 0.108000 0.327 0 1 0
 434 176.688 864.310 11 -7 0.390 0.390 0.044000 0.208 0 1 0
 435 188.786 814.716 11 -7 0.390 0.390 0.044000 0.208 0 1 0
 436 238.352 599.937 11 -7 0.390 0.390 0.068000 0.260 0 1 0
 437 190.694 815.691 14 -7 3.512 1.952 0.068000 0.260 0 1 0
 438 238.502 599.742 14 -7 0.390 0.390 0.108000 0.327 0 1 0
 439 176.993 864.310 17 -7 0.390 0.390 0.044000 0.208 0 1 0
 440 189.676 814.716 17 -7 1.170 0.390 0.051000 0.226 0 1 0
 441 238.657 599.937 17 -7 0.390 0.390 0.077000 0.277 0 1 0
 443 238.961 599.937 23 -7 0.390 0.390 0.087000 0.294 0 1 0
 444 239.116 599.937 26 -7 0.390 0.390 0.108000 0.327 0 1 0
 445 947.960 2658.703 13 -8 0.390 0.390 0.044000 0.208 0 1 0
 446 236.524 600.391 -25 -8 0.390 0.390 0.087000 0.294 0 1 0
 447 236.625 600.391 -23 -8 0.390 0.390 0.087000 0.294 0 1 0
 448 187.263 815.170 -19 -8 0.390 0.390 0.051000 0.226 0 1 0
 449 236.825 600.391 -19 -8 0.390 0.390 0.077000 0.277 0 1 0
 450 236.929 600.391 -17 -8 0.390 0.390 0.068000 0.260 0 1 0
 451 237.130 600.391 -13 -8 0.390 0.390 0.068000 0.260 0 1 0
 452 237.234 600.195 -11 -8 0.390 0.390 0.059000 0.243 0 1 0
 453 237.436 600.195 -7 -8 0.390 0.390 0.087000 0.294 0 1 0
 454 237.538 600.195 -5 -8 0.390 0.390 0.068000 0.260 0 1 0
 456 237.843 600.195 1 -8 0.390 0.390 0.077000 0.277 0 1 0
 457 238.045 600.000 5 -8 0.390 0.781 0.097000 0.311 0 1 0
 458 238.148 600.000 7 -8 0.390 0.781 0.097000 0.311 0 1 0
 459 238.352 600.195 11 -8 0.390 0.390 0.087000 0.294 0 1 0
 460 238.452 600.195 13 -8 0.390 0.390 0.087000 0.294 0 1 0
 461 238.657 600.195 17 -8 0.390 0.390 0.077000 0.277 0 1 0
 462 238.961 600.195 23 -8 0.390 0.390 0.097000 0.311 0 1 0
 463 239.061 600.195 25 -8 0.390 0.390 0.097000 0.311 0 1 0
 464 199.819 2077.362 -10 -9 0.390 0.390 0.068000 0.260 0 1 0
 465 200.783 2077.362 9 -9 0.390 0.390 0.087000 0.294 0 1 0
 466 1412.701 2455.375 27 -9 0.390 0.390 0.087000 0.294 0 1 0
 467 1863.345 1553.485 -25 -10 0.390 0.390 0.087000 0.294 0 1 0
 468 237.069 601.327 -22 -10 0.390 0.390 0.087000 0.294 0 1 0
 469 237.169 601.131 -20 -10 0.390 0.390 0.142000 0.377 0 1 0
 470 237.374 601.327 -16 -10 0.390 0.390 0.068000 0.260 0 1 0
 471 237.474 601.131 -14 -10 0.390 0.390 0.119000 0.344 0 1 0
 472 237.678 601.131 -10 -10 0.390 0.390 0.087000 0.294 0 1 0
 473 237.983 601.131 -4 -10 0.390 0.390 0.077000 0.277 0 1 0
 474 238.287 601.131 2 -10 0.390 0.390 0.087000 0.294 0 1 0
 475 238.592 601.131 8 -10 0.390 0.390 0.077000 0.277 0 1 0
 476 238.693 601.131 10 -10 0.390 0.390 0.097000 0.311 0 1 0
 477 238.897 601.131 14 -10 0.390 0.390 0.087000 0.294 0 1 0
 478 238.997 600.936 16 -10 0.390 0.390 0.119000 0.344 0 1 0
 479 239.202 601.131 20 -10 0.390 0.390 0.108000 0.327 0 1 0
 480 239.306 601.131 22 -10 0.390 0.390 0.108000 0.327 0 1 0
 483 236.969 601.366 -24 -11 0.390 0.390 0.108000 0.327 0 1 0
 484 237.115 601.171 -21 -11 0.390 0.390 0.097000 0.311 0 1 0
 485 237.270 601.171 -18 -11 0.390 0.390 0.108000 0.327 0 1 0
 486 237.424 601.171 -15 -11 0.390 0.390 0.087000 0.294 0 1 0
 487 188.012 815.952 -12 -11 0.390 0.390 0.051000 0.226 0 1 0
 488 237.574 601.171 -12 -11 0.390 0.390 0.087000 0.294 0 1 0
 489 237.729 601.171 -9 -11 0.390 0.390 0.068000 0.260 0 1 0
 490 237.881 601.171 -6 -11 0.390 0.390 0.087000 0.294 0 1 0
 491 189.054 815.952 -3 -11 1.170 0.390 0.044000 0.208 0 1 0
 492 238.033 600.975 -3 -11 0.390 0.390 0.077000 0.277 0 1 0
 493 176.523 865.546 0 -11 0.390 0.390 0.044000 0.208 0 1 0
 494 189.206 815.952 0 -11 1.170 0.390 0.059000 0.243 0 1 0
 495 238.185 600.975 0 -11 0.390 0.390 0.097000 0.311 0 1 0
 496 189.359 815.952 3 -11 1.170 0.390 0.051000 0.226 0 1 0
 497 238.338 600.975 3 -11 0.390 0.390 0.068000 0.260 0 1 0
 498 238.490 600.975 6 -11 0.390 0.390 0.097000 0.311 0 1 0
 499 189.664 815.952 9 -11 1.170 0.390 0.051000 0.226 0 1 0
 500 238.642 600.975 9 -11 0.390 0.390 0.097000 0.311 0 1 0
 501 189.816 815.952 12 -11 1.170 0.390 0.051000 0.226 0 1 0
 503 189.385 815.952 15 -11 0.390 0.390 0.051000 0.226 0 1 0
 504 238.947 601.171 15 -11 0.390 0.390 0.077000 0.277 0 1 0
 505 189.535 815.952 18 -11 0.390 0.390 0.059000 0.243 0 1 0
 506 239.101 601.171 18 -11 0.390 0.390 0.087000 0.294 0 1 0
 508 239.406 601.171 24 -11 0.390 0.390 0.068000 0.260 0 1 0
 509 1750.228 481.921 7 -11 0.390 0.390 0.077000 0.277 0 1 0
 510 1653.724 2416.034 16 -12 3.902 3.514 5.639000 2.374 0 1 0
 511 910.902 1448.296 6 -12 0.390 0.390 0.097000 0.311 0 1 0
 512 237.210 599.304 -23 -12 0.390 5.076 0.155000 0.390 0 1 0
 513 237.660 601.648 -18 -12 0.390 0.390 0.068000 0.260 0 1 0
 514 175.660 870.901 -17 -12 0.390 4.686 0.059000 0.243 0 1 0
 515 237.824 601.452 -11 -12 0.390 0.781 0.108000 0.327 0 1 0
 516 238.271 601.257 -6 -12 0.390 0.390 0.077000 0.277 0 1 0
 517 210.417 584.659 -5 -12 1.170 0.390 0.051000 0.226 0 1 0
 518 238.576 601.257 0 -12 0.390 0.390 0.097000 0.311 0 1 0
 519 238.736 601.257 7 -12 0.390 0.390 0.087000 0.294 0 1 0
 520 192.597 817.987 13 -12 0.390 0.390 0.044000 0.208 0 1 0
 521 189.280 816.230 13 -12 0.390 0.390 0.044000 0.208 0 1 0
 522 239.042 601.257 13 -12 0.390 0.390 0.087000 0.294 0 1 0
 523 239.347 601.257 19 -12 0.390 0.390 0.097000 0.311 0 1 0
 524 239.601 601.257 24 -12 0.390 0.390 0.097000 0.311 0 1 0
 525 1640.316 551.644 6 -12 10.537 7.810 79.914000 7.810 0 1 0
 526 190.549 2565.687 15 -13 0.390 0.390 0.181000 0.390 0 1 0
 527 237.266 601.820 -18 -13 0.390 0.390 0.068000 0.260 0 1 0
 528 237.570 601.624 -12 -13 0.390 0.390 0.077000 0.277 0 1 0
 529 237.877 601.624 -6 -13 0.390 0.390 0.068000 0.260 0 1 0
 530 795.087 1294.972 -4 -13 2.731 4.295 0.181000 0.425 0 1 0
 531 238.181 601.624 0 -13 0.390 0.390 0.068000 0.260 0 1 0
 532 188.922 816.402 6 -13 0.390 0.390 0.051000 0.226 0 1 0
 533 238.486 601.624 6 -13 0.390 0.390 0.068000 0.260 0 1 0
 534 238.739 601.624 11 -13 0.390 0.390 0.077000 0.277 0 1 0
 535 239.093 601.624 18 -13 0.390 0.390 0.068000 0.260 0 1 0
 536 1901.700 458.547 8 -14 0.390 0.390 0.119000 0.344 0 1 0
 537 635.265 2061.081 -23 -15 1.561 1.952 0.273000 0.522 0 1 0
 538 2791.547 1365.976 24 -15 0.390 0.390 0.077000 0.277 0 1 0
 539 237.108 602.918 -21 -15 0.390 0.390 0.068000 0.260 0 1 0
 540 237.362 602.726 -16 -15 0.390 0.390 0.087000 0.294 0 1 0
 541 237.721 602.726 -9 -15 0.390 0.390 0.077000 0.277 0 1 0
 542 237.973 602.726 -4 -15 0.390 0.390 0.077000 0.277 0 1 0
 543 2721.849 958.086 0 -15 7.805 6.638 24.159000 4.915 0 1 0
 544 238.278 602.531 2 -15 0.390 0.390 0.068000 0.260 0 1 0
 545 238.583 602.531 8 -15 0.390 0.390 0.059000 0.243 0 1 0
 546 238.889 602.531 14 -15 0.390 0.390 0.087000 0.294 0 1 0
 547 239.194 602.531 20 -15 0.390 0.390 0.077000 0.277 0 1 0
 548 239.398 602.531 24 -15 0.390 0.390 0.087000 0.294 0 1 0
 549 455.227 2135.735 -18 -16 0.390 0.781 0.087000 0.294 0 1 0
 550 2987.689 2549.481 9 -16 0.780 0.390 0.142000 0.377 0 1 0
 551 302.617 2595.363 24 -16 0.390 0.390 0.068000 0.260 0 1 0
 553 237.753 603.320 -16 -16 0.390 0.390 0.059000 0.243 0 1 0
 554 238.057 603.125 -10 -16 0.390 0.390 0.108000 0.327 0 1 0
 555 238.364 603.320 -4 -16 0.390 0.390 0.097000 0.311 0 1 0
 556 238.668 603.125 2 -16 0.390 0.390 0.097000 0.311 0 1 0
 558 239.276 603.125 14 -16 0.390 0.390 0.087000 0.294 0 1 0
 559 239.580 602.930 20 -16 0.390 0.390 0.119000 0.344 0 1 0
 560 239.789 602.930 24 -16 0.390 0.390 0.130000 0.360 0 1 0
 561 237.398 603.320 -23 -16 0.390 0.390 0.051000 0.226 0 1 0
 563 237.749 603.301 -16 -17 0.390 0.390 0.130000 0.360 0 1 0
 564 237.903 603.106 -13 -17 0.390 0.390 0.097000 0.311 0 1 0
 566 238.206 603.106 -7 -17 0.390 0.390 0.068000 0.260 0 1 0
 567 238.358 602.911 -4 -17 0.390 0.390 0.108000 0.327 0 1 0
 568 238.511 603.106 -1 -17 0.390 0.390 0.077000 0.277 0 1 0
 569 189.685 817.887 2 -17 1.170 0.390 0.077000 0.277 0 1 0
 570 238.663 602.911 2 -17 0.390 0.390 0.108000 0.327 0 1 0
 571 238.816 603.106 5 -17 0.390 0.390 0.068000 0.260 0 1 0
 572 238.967 602.911 8 -17 0.390 0.390 0.119000 0.344 0 1 0
 574 239.272 602.911 14 -17 0.390 0.390 0.119000 0.344 0 1 0
 575 239.426 603.106 17 -17 0.390 0.390 0.077000 0.277 0 1 0
 576 239.577 602.911 20 -17 0.390 0.390 0.130000 0.360 0 1 0
 577 239.727 603.106 23 -17 0.390 0.390 0.077000 0.277 0 1 0
 590 237.308 603.434 -17 -18 0.390 0.390 0.087000 0.294 0 1 0
 591 237.563 603.434 -12 -18 0.390 0.390 0.068000 0.260 0 1 0
 592 237.815 603.434 -7 -18 0.390 0.390 0.068000 0.260 0 1 0
 593 237.917 603.434 -5 -18 0.390 0.390 0.068000 0.260 0 1 0
 594 238.121 603.434 -1 -18 0.390 0.390 0.059000 0.243 0 1 0
 595 238.222 603.434 1 -18 0.390 0.390 0.059000 0.243 0 1 0
 596 238.731 603.434 11 -18 0.390 0.390 0.077000 0.277 0 1 0
 597 238.831 603.434 13 -18 0.390 0.390 0.068000 0.260 0 1 0
 598 239.036 603.434 17 -18 0.390 0.390 0.087000 0.294 0 1 0
 599 239.136 603.239 19 -18 0.390 0.390 0.108000 0.327 0 1 0
 600 239.336 603.434 23 -18 0.390 0.390 0.068000 0.260 0 1 0
 602 1066.107 1029.427 -8 -19 0.390 0.390 0.181000 0.390 0 1 0
 603 1645.724 863.849 1 -19 0.390 1.171 0.142000 0.377 0 1 0
 604 237.358 603.443 -16 -20 0.390 0.390 0.077000 0.277 0 1 0
 605 237.458 603.443 -14 -20 0.390 0.390 0.097000 0.311 0 1 0
 607 238.272 603.247 2 -20 0.390 0.390 0.059000 0.243 0 1 0
 608 238.373 603.247 4 -20 0.390 0.390 0.068000 0.260 0 1 0
 609 238.577 603.247 8 -20 0.390 0.390 0.059000 0.243 0 1 0
 610 238.881 603.443 14 -20 0.390 0.390 0.077000 0.277 0 1 0
 611 238.991 603.443 20 -20 0.390 0.390 0.068000 0.260 0 1 0
 612 1765.226 2725.552 18 -21 0.390 0.390 0.068000 0.260 0 1 0
 613 219.666 2094.685 20 -21 0.390 0.390 0.059000 0.243 0 1 0
 614 639.469 2041.166 -2 -21 2.341 2.733 0.532000 0.729 0 1 0
 615 956.886 1973.021 -11 -21 0.390 0.781 0.256000 0.390 0 1 0
 616 237.055 603.896 -18 -21 0.390 0.390 0.087000 0.294 0 1 0
 617 237.014 603.701 -15 -21 0.390 0.390 0.068000 0.260 0 1 0
 618 237.164 603.701 -12 -21 0.390 0.390 0.077000 0.277 0 1 0
 619 237.514 603.505 -9 -21 0.390 0.390 0.077000 0.277 0 1 0
 620 237.818 603.701 -3 -21 0.390 0.390 0.051000 0.226 0 1 0
 621 237.775 603.701 0 -21 0.390 0.390 0.051000 0.226 0 1 0
 623 192.029 820.431 6 -21 0.390 0.390 0.044000 0.208 0 1 0
 624 238.080 603.701 6 -21 0.390 0.390 0.068000 0.260 0 1 0
 625 238.232 603.701 9 -21 0.390 0.390 0.068000 0.260 0 1 0
 626 238.387 603.701 12 -21 0.390 0.390 0.077000 0.277 0 1 0
 627 238.537 603.701 15 -21 0.390 0.390 0.077000 0.277 0 1 0
 628 238.691 603.701 18 -21 0.390 0.390 0.097000 0.311 0 1 0
 629 238.845 603.701 21 -21 0.390 0.390 0.097000 0.311 0 1 0
 630 3087.804 481.802 13 -21 1.170 1.562 0.051000 0.226 0 1 0
 632 237.359 604.142 -12 -22 0.390 0.390 0.059000 0.243 0 1 0
 633 191.163 820.877 -11 -22 0.390 0.390 0.059000 0.243 0 1 0
 634 237.521 604.142 -5 -22 0.390 0.390 0.108000 0.327 0 1 0
 635 237.775 604.142 0 -22 0.390 0.390 0.119000 0.344 0 1 0
 636 195.287 1103.408 1 -22 0.390 0.390 0.195000 0.390 0 1 0
 637 191.774 820.877 1 -22 0.390 0.390 0.059000 0.243 0 1 0
 639 192.079 820.877 7 -22 0.390 0.390 0.051000 0.226 0 1 0
 640 238.437 604.142 13 -22 0.390 0.390 0.119000 0.344 0 1 0
 641 238.691 603.947 18 -22 0.390 0.781 0.155000 0.390 0 1 0
 642 189.335 2568.088 3 -23 0.390 0.390 0.155000 0.390 0 1 0
 643 201.433 2568.088 3 -23 0.390 0.390 0.155000 0.390 0 1 0
 644 201.433 2529.041 3 -23 0.390 0.390 0.142000 0.377 0 1 0
 645 237.855 604.401 -6 -23 0.390 0.390 0.059000 0.243 0 1 0
 646 238.161 604.401 0 -23 0.390 0.390 0.059000 0.243 0 1 0
 648 644.929 2196.448 -17 -24 0.390 0.390 0.059000 0.243 0 1 0
 649 2487.245 875.182 -16 -24 0.390 0.390 0.044000 0.208 0 1 0
 650 237.193 604.651 -15 -25 0.390 0.390 0.077000 0.277 0 1 0
 651 237.643 604.651 -10 -25 0.390 0.390 0.077000 0.277 0 1 0
 652 237.948 604.651 -4 -25 0.390 0.390 0.068000 0.260 0 1 0
 653 238.304 604.651 3 -25 0.390 0.390 0.051000 0.226 0 1 0
 654 189.045 819.432 9 -25 0.390 0.390 0.044000 0.208 0 1 0
 655 238.609 604.651 9 -25 0.390 0.390 0.051000 0.226 0 1 0
 656 302.131 2597.034 15 -26 0.390 0.390 0.087000 0.294 0 1 0
 657 2131.713 2387.526 15 -26 0.390 0.390 0.077000 0.277 0 1 0
 658 237.539 590.237 -12 -26 0.390 29.678 0.155000 0.390 0 1 0
 659 191.639 821.808 -9 -26 0.390 0.390 0.051000 0.226 0 1 0
 660 188.127 819.854 -9 -26 0.390 0.390 0.051000 0.226 0 1 0
 661 237.689 604.878 -9 -26 0.390 0.390 0.119000 0.344 0 1 0
 662 237.842 604.878 -6 -26 0.390 0.390 0.130000 0.360 0 1 0
 664 238.248 603.315 2 -26 0.390 3.514 0.130000 0.360 0 1 0
 665 238.553 604.878 8 -26 0.390 0.390 0.119000 0.344 0 1 0
 666 238.758 604.683 12 -26 0.390 0.781 0.142000 0.377 0 1 0
 667 2916.985 2120.230 -7 -27 0.780 1.952 0.509000 0.713 0 1 0
 668 213.723 2594.503 11 -27 0.390 0.390 0.097000 0.311 0 1 0
 669 2752.239 1911.777 -13 -27 0.390 0.390 0.077000 0.277 0 1 0
 670 237.635 605.042 -10 -27 0.390 0.781 0.195000 0.390 0 1 0
 671 237.786 605.238 -7 -27 0.390 0.390 0.097000 0.311 0 1 0
 673 238.091 605.042 -1 -27 0.390 0.390 0.108000 0.327 0 1 0
 674 238.244 605.042 2 -27 0.390 0.390 0.108000 0.327 0 1 0
 675 238.396 605.042 5 -27 0.390 0.390 0.087000 0.294 0 1 0
 676 192.497 821.777 8 -27 0.390 0.390 0.051000 0.226 0 1 0
 677 238.549 605.238 8 -27 0.390 0.390 0.130000 0.360 0 1 0
 678 238.700 605.042 11 -27 0.390 0.390 0.097000 0.311 0 1 0
 679 238.854 604.847 14 -27 0.390 1.171 0.168000 0.390 0 1 0
 680 237.481 605.042 -13 -27 0.390 0.781 0.181000 0.390 0 1 0
 681 1374.015 1243.480 0 -28 1.951 1.562 0.119000 0.344 0 1 0
 682 238.391 605.386 5 -28 0.390 0.390 0.059000 0.243 0 1 0
 683 238.882 604.996 7 -28 0.390 0.390 0.051000 0.226 0 1 0
 684 238.696 605.386 11 -28 0.390 0.390 0.051000 0.226 0 1 0
 685 237.773 605.191 -11 -28 0.390 0.390 0.087000 0.294 0 1 0
 686 2084.722 1107.972 -11 -28 0.390 0.390 0.044000 0.208 0 1 0
 687 218.459 2096.731 -3 -30 0.390 0.390 0.059000 0.243 0 1 0
 688 2289.345 2201.192 7 -30 0.390 0.390 0.051000 0.226 0 1 0
 689 237.921 606.293 -4 -30 0.390 0.390 0.097000 0.311 0 1 0
 690 238.226 606.293 2 -30 0.390 0.390 0.087000 0.294 0 1 0
 691 2436.816 845.285 6 -30 0.390 0.390 0.036000 0.190 0 1 0
 692 238.530 606.293 8 -30 0.390 0.390 0.097000 0.311 0 1 0;
EndOfFile;
