FileVersion 1 2;
FileTimestamp 04-26-19 16:27:14;
InspectionStationID "NONE" "AIT" "ILS202";
SampleType WAFER;
ResultTimestamp 03-07-19 01:18:13;
LotID "192A01";
SampleSize 1 200;
DeviceID "SI57";
SetupID "SI57" 09-08-17 14:19:37;
StepID "3050SLDM";
SampleOrientationMarkType NOTCH;
OrientationMarkLocation DOWN;
DiePitch 3.4108730000e+03 3.0169870000e+03;
DieOrigin 0.0000000000e+00 0.0000000000e+00;
WaferID "@07";
Slot 7;
SampleCenterLocation 1.4800000000e+02 2.4830000000e+03;
ClassLookup 74
  0 "Uncategorized"
  1 "Small PT"
  2 "Medium PT"
  3 "Large PT"
  4 "Polymer"
  5 "Flake PT"
  6 "Scratch"
  9 "Other Defect"
  10 "Other Residue"
  11 "Wet Residue"
  13 "W Residue"
  14 "PR Residue"
  15 "Liquid Mark"
  16 "Thread Defect"
  20 "Pits"
  22 "Pattern Deformed"
  23 "Defocus"
  24 "PR BUBBLE"
  25 "Crown Defect"
  27 "Bead Defect"
  30 "CMP Scratch"
  31 "Minor CMP Scratch"
  35 "Rip Out"
  40 "Protrusion"
  42 "Top Blocked"
  43 "Bottom Blocked"
  44 "Line broken"
  45 "Metal Corrosion"
  46 "Galvanic Corrosion"
  51 "PR Popping"
  52 "Salicide Bad"
  53 "STI Dimple"
  59 "W Void"
  60 "AA Dep PT"
  61 "GC Dep PT"
  62 "CVD Dep PT"
  63 "Metal Dep PT"
  73 "Cone Defect"
  74 "Metal Depression"
  77 "Underlayer"
  78 "NUISANCE/FALSE"
  79 "Metal Grain"
  80 "Don't Care/Minor"
  95 "Missing AI"
  99 "test2"
  100 "Cluster"
  101 "CU CMP Scratch"
  102 "CU Void"
  103 "2_PO Missing"
  104 "CU Pattern Open"
  105 "CU Remain"
  106 "Circle CU Remain"
  107 "CU CVD PT"
  108 "CU Eclips"
  109 "CU CMP Residue"
  110 "Minor CU CMP Scratch"
  111 "CMP PT"
  112 "CU SEAM PT"
  113 "CU Ox"
  114 "CU Pattern Open(Minor)"
  116 "1_PO Missing"
  117 "PAD Abnormality"
  150 "Guard Ring Circle Defect"
  151 "EBR Circle Defect"
  152 "PAD Hillock"
  153 "PAD Residue"
  154 "PAD Hole"
  155 "Color PR Residue"
  201 "Bin 1"
  202 "Bin 2"
  203 "Bin 3"
  204 "Bin 4"
  205 "Bin 5"
  206 "Bin 6"  ;
OrientationInstructions "";
InspectionTest 1;
SampleTestPlan 2736
  -27 -8 
  -27 -5 
  -27 3 
  -27 6 
  -26 -10 
  -26 5 
  -25 -7 
  -25 -6 
  -25 7 
  -25 11 
  -25 13 
  -25 14 
  -24 -1 
  -24 9 
  -24 10 
  -24 15 
  -23 -4 
  -23 3 
  -22 -9 
  -22 3 
  -22 10 
  -22 13 
  -22 15 
  -22 16 
  -21 -19 
  -21 8 
  -21 15 
  -20 -6 
  -20 -4 
  -20 3 
  -20 5 
  -19 -13 
  -19 -4 
  -19 20 
  -18 -17 
  -18 -14 
  -18 -5 
  -18 3 
  -18 5 
  -18 12 
  -18 13 
  -18 14 
  -18 17 
  -17 -22 
  -17 -14 
  -17 -8 
  -17 -5 
  -17 4 
  -17 6 
  -17 9 
  -17 17 
  -16 -17 
  -16 -15 
  -16 -11 
  -16 -9 
  -16 2 
  -16 7 
  -16 16 
  -16 24 
  -15 -19 
  -15 -13 
  -15 2 
  -15 20 
  -15 25 
  -14 -20 
  -14 -19 
  -14 -15 
  -14 23 
  -13 -14 
  -13 -12 
  -13 -9 
  -13 -3 
  -13 6 
  -13 19 
  -12 -21 
  -12 -19 
  -12 -5 
  -12 2 
  -12 8 
  -12 13 
  -12 16 
  -12 19 
  -12 22 
  -12 27 
  -11 -28 
  -11 -26 
  -11 -19 
  -11 -14 
  -11 -4 
  -11 6 
  -11 8 
  -11 10 
  -11 11 
  -11 26 
  -10 -22 
  -10 -14 
  -10 -10 
  -10 2 
  -10 6 
  -10 9 
  -10 17 
  -10 22 
  -10 29 
  -9 -28 
  -9 -26 
  -9 -14 
  -9 30 
  -8 -16 
  -8 7 
  -8 11 
  -8 16 
  -8 18 
  -8 20 
  -8 30 
  -7 -27 
  -7 -23 
  -7 8 
  -7 18 
  -7 29 
  -6 -22 
  -6 -21 
  -6 -18 
  -6 -9 
  -6 0 
  -6 28 
  -5 -2 
  -5 14 
  -5 19 
  -5 22 
  -5 25 
  -4 -25 
  -4 -21 
  -4 -9 
  -4 0 
  -4 4 
  -4 12 
  -4 22 
  -4 30 
  -3 -29 
  -3 -26 
  -3 -25 
  -3 -18 
  -3 2 
  -3 5 
  -2 -18 
  -2 4 
  -2 13 
  -2 15 
  -2 21 
  -2 22 
  -1 -18 
  -1 -12 
  -1 -9 
  -1 -3 
  -1 -1 
  -1 3 
  -1 18 
  -1 23 
  0 -31 
  0 -12 
  0 -9 
  0 -8 
  0 -4 
  0 5 
  0 26 
  1 -29 
  1 -16 
  1 5 
  1 15 
  1 19 
  1 20 
  1 23 
  1 30 
  2 -27 
  2 -13 
  2 2 
  2 8 
  2 12 
  2 22 
  2 25 
  3 -25 
  3 -19 
  3 -3 
  3 -1 
  3 2 
  3 15 
  3 20 
  3 23 
  3 25 
  3 26 
  3 31 
  4 -24 
  4 10 
  4 15 
  4 17 
  4 18 
  4 20 
  5 -21 
  5 10 
  5 14 
  5 25 
  6 -16 
  6 -8 
  6 -1 
  6 5 
  6 17 
  6 20 
  6 28 
  7 -29 
  7 -25 
  7 -24 
  7 -19 
  7 -9 
  7 -3 
  7 3 
  7 6 
  7 15 
  8 -27 
  8 -23 
  8 -14 
  8 -6 
  8 1 
  8 6 
  8 9 
  8 17 
  8 23 
  8 25 
  9 -28 
  9 -21 
  9 1 
  9 5 
  9 12 
  9 20 
  9 21 
  9 29 
  10 -17 
  10 -4 
  10 -3 
  10 4 
  10 27 
  11 -11 
  11 12 
  11 19 
  11 25 
  11 26 
  12 27 
  12 28 
  13 -24 
  13 8 
  13 15 
  14 -24 
  14 -20 
  14 -16 
  14 -13 
  14 -6 
  14 1 
  14 12 
  14 19 
  14 20 
  14 22 
  15 -17 
  15 -13 
  15 -9 
  15 -3 
  15 -1 
  15 12 
  15 17 
  16 -25 
  16 -15 
  16 -4 
  16 5 
  16 8 
  16 19 
  16 20 
  17 -23 
  17 -16 
  17 -14 
  17 -10 
  17 -9 
  17 -5 
  17 -3 
  17 5 
  17 8 
  17 13 
  17 14 
  18 -21 
  18 -8 
  18 -5 
  18 2 
  18 11 
  18 17 
  19 7 
  19 20 
  20 -15 
  20 -12 
  20 -1 
  20 10 
  20 13 
  21 -13 
  21 -9 
  21 1 
  22 3 
  22 4 
  22 5 
  22 13 
  23 -15 
  23 -13 
  23 -11 
  23 -9 
  23 1 
  24 -13 
  24 -11 
  25 -5 
  25 -4 
  25 1 
  26 -3 
  26 1 
  26 2 
  27 -2 
  27 4 
  -27 1 
  -27 4 
  -27 5 
  -26 -6 
  -26 -4 
  -26 2 
  -26 4 
  -25 -12 
  -25 -10 
  -25 -2 
  -25 0 
  -25 4 
  -25 6 
  -25 10 
  -24 -8 
  -24 -2 
  -24 1 
  -24 6 
  -24 12 
  -23 -17 
  -23 -5 
  -23 5 
  -23 8 
  -23 9 
  -23 13 
  -23 15 
  -22 -17 
  -22 -12 
  -21 -20 
  -21 -14 
  -21 -13 
  -21 -2 
  -21 -1 
  -21 16 
  -21 18 
  -20 -20 
  -20 -17 
  -20 -5 
  -20 -1 
  -20 12 
  -20 14 
  -20 21 
  -19 -16 
  -19 -9 
  -19 0 
  -19 13 
  -19 18 
  -19 21 
  -18 -22 
  -18 -18 
  -18 -1 
  -18 11 
  -18 16 
  -18 23 
  -17 -20 
  -17 -13 
  -17 -1 
  -17 1 
  -17 2 
  -17 7 
  -17 10 
  -17 15 
  -16 -25 
  -16 -23 
  -16 -3 
  -16 -2 
  -16 1 
  -16 4 
  -16 9 
  -16 12 
  -16 23 
  -15 -11 
  -15 -7 
  -15 4 
  -15 12 
  -15 22 
  -14 -16 
  -14 -8 
  -14 -6 
  -14 -4 
  -14 5 
  -14 26 
  -13 -26 
  -13 8 
  -12 -18 
  -12 -13 
  -12 -12 
  -12 -8 
  -12 -7 
  -12 10 
  -11 -15 
  -11 -5 
  -11 -3 
  -11 1 
  -11 7 
  -11 24 
  -11 28 
  -10 -27 
  -10 -17 
  -10 -9 
  -10 -2 
  -10 8 
  -10 10 
  -10 11 
  -10 16 
  -10 21 
  -9 -22 
  -9 -20 
  -9 -19 
  -9 -9 
  -9 -3 
  -9 2 
  -9 12 
  -9 14 
  -9 19 
  -9 20 
  -9 23 
  -8 -11 
  -8 -2 
  -8 23 
  -7 -15 
  -7 -8 
  -7 -7 
  -7 1 
  -7 11 
  -7 25 
  -7 27 
  -6 -29 
  -6 -28 
  -6 -24 
  -6 -23 
  -6 -13 
  -6 5 
  -6 9 
  -6 15 
  -6 30 
  -6 31 
  -5 -19 
  -5 -10 
  -5 11 
  -5 17 
  -5 20 
  -5 31 
  -4 -29 
  -4 -28 
  -4 -22 
  -4 -20 
  -4 -8 
  -4 -4 
  -4 -2 
  -4 8 
  -4 11 
  -4 13 
  -4 18 
  -4 19 
  -4 25 
  -4 26 
  -3 -16 
  -3 -13 
  -3 -10 
  -3 -8 
  -3 -6 
  -3 7 
  -3 9 
  -3 12 
  -3 17 
  -3 30 
  -2 -14 
  -2 0 
  -2 6 
  -2 25 
  -1 -31 
  -1 -29 
  -1 -27 
  -1 -19 
  -1 -16 
  -1 -15 
  -1 11 
  -1 17 
  -1 22 
  -1 29 
  0 -28 
  0 -23 
  0 -20 
  0 -14 
  0 -13 
  0 -2 
  0 7 
  0 8 
  0 12 
  0 19 
  0 25 
  0 30 
  1 -18 
  1 -15 
  1 -12 
  1 -9 
  1 2 
  1 11 
  1 21 
  2 -29 
  2 -18 
  2 -16 
  2 -6 
  2 -4 
  2 3 
  2 20 
  2 26 
  3 -18 
  3 -16 
  3 -14 
  3 -13 
  3 -10 
  3 -6 
  3 6 
  3 7 
  3 11 
  3 12 
  3 21 
  4 -14 
  4 -9 
  4 3 
  4 7 
  4 11 
  5 -20 
  5 -19 
  5 -17 
  5 -5 
  5 -4 
  5 -2 
  5 13 
  5 23 
  6 -29 
  6 -23 
  6 -5 
  6 0 
  6 2 
  6 15 
  7 -28 
  7 -7 
  7 -6 
  7 -5 
  7 13 
  7 16 
  7 22 
  8 -22 
  8 -20 
  8 -18 
  8 -10 
  8 -1 
  8 19 
  8 22 
  9 -25 
  9 -16 
  9 -15 
  9 -9 
  9 -7 
  9 -3 
  9 0 
  9 2 
  9 4 
  9 10 
  9 25 
  9 26 
  9 27 
  10 -12 
  10 -10 
  10 5 
  10 8 
  10 9 
  10 13 
  10 22 
  10 28 
  11 -27 
  11 -13 
  11 0 
  11 1 
  11 5 
  11 7 
  11 8 
  12 -24 
  12 -17 
  12 -9 
  12 -4 
  12 -3 
  12 6 
  12 13 
  12 21 
  13 -19 
  13 -14 
  13 1 
  13 4 
  13 12 
  13 17 
  13 21 
  14 -25 
  14 -21 
  14 5 
  14 25 
  15 -11 
  15 9 
  15 14 
  15 20 
  15 26 
  16 -17 
  16 -16 
  16 -5 
  16 -2 
  16 0 
  16 4 
  16 9 
  17 -20 
  17 -15 
  17 -8 
  17 15 
  17 23 
  18 -12 
  18 -9 
  18 5 
  18 7 
  18 18 
  19 -14 
  19 -12 
  19 -7 
  19 -6 
  19 -2 
  19 -1 
  19 1 
  19 11 
  19 14 
  19 15 
  20 -14 
  20 -7 
  20 -5 
  20 -2 
  20 3 
  20 4 
  20 17 
  21 -16 
  21 -14 
  21 -11 
  21 -7 
  21 -4 
  21 5 
  21 6 
  21 8 
  21 11 
  22 -15 
  22 -13 
  22 -8 
  22 -1 
  23 -12 
  23 -2 
  23 0 
  23 8 
  23 13 
  23 16 
  24 -4 
  24 2 
  24 6 
  25 -12 
  25 -11 
  25 -2 
  25 7 
  25 11 
  26 -9 
  26 3 
  26 8 
  27 -4 
  27 -3 
  -28 -2 
  -28 1 
  -27 -6 
  -27 -1 
  -27 2 
  -26 -2 
  -26 0 
  -26 12 
  -25 -9 
  -25 -8 
  -25 5 
  -25 12 
  -24 -13 
  -24 -5 
  -23 -11 
  -23 4 
  -22 -18 
  -22 -15 
  -22 -11 
  -22 6 
  -21 -10 
  -21 -9 
  -21 -8 
  -21 0 
  -21 4 
  -21 11 
  -20 -18 
  -20 0 
  -20 1 
  -20 20 
  -19 -19 
  -19 -15 
  -19 -2 
  -19 2 
  -19 7 
  -19 23 
  -18 -23 
  -18 -20 
  -18 -12 
  -18 18 
  -18 19 
  -17 -17 
  -17 -15 
  -17 -10 
  -17 0 
  -17 12 
  -17 23 
  -17 24 
  -16 -19 
  -16 -6 
  -16 3 
  -16 15 
  -16 17 
  -15 -24 
  -15 -22 
  -15 -18 
  -15 -3 
  -15 9 
  -15 15 
  -15 21 
  -14 -24 
  -14 1 
  -14 2 
  -14 8 
  -14 9 
  -14 11 
  -14 20 
  -13 -19 
  -13 -18 
  -13 5 
  -13 10 
  -13 24 
  -12 -26 
  -12 -2 
  -12 -1 
  -12 15 
  -12 20 
  -11 -13 
  -11 -9 
  -11 4 
  -11 12 
  -11 19 
  -10 -12 
  -10 1 
  -10 7 
  -10 14 
  -10 19 
  -10 26 
  -9 -24 
  -9 -15 
  -9 -7 
  -9 4 
  -9 5 
  -9 15 
  -8 -29 
  -8 -14 
  -8 2 
  -8 6 
  -8 9 
  -8 10 
  -8 13 
  -8 19 
  -8 22 
  -7 -18 
  -7 -16 
  -7 -12 
  -7 3 
  -7 5 
  -7 6 
  -7 20 
  -6 -16 
  -6 -15 
  -6 -12 
  -6 8 
  -6 10 
  -6 14 
  -6 16 
  -6 19 
  -6 22 
  -6 25 
  -5 -26 
  -5 -25 
  -5 -17 
  -5 -11 
  -5 -1 
  -5 5 
  -5 7 
  -5 8 
  -5 13 
  -5 29 
  -4 -27 
  -4 -15 
  -4 3 
  -4 5 
  -4 9 
  -4 10 
  -4 20 
  -3 -28 
  -3 -24 
  -3 -17 
  -3 -9 
  -3 -3 
  -3 22 
  -2 -29 
  -2 -27 
  -2 -19 
  -2 -17 
  -2 -11 
  -2 -6 
  -2 10 
  -2 11 
  -2 26 
  -1 -26 
  -1 -17 
  -1 -11 
  -1 6 
  -1 13 
  -1 14 
  -1 16 
  0 -29 
  0 -22 
  0 -19 
  0 3 
  0 11 
  0 13 
  0 15 
  1 -23 
  1 -22 
  1 0 
  1 1 
  1 6 
  1 29 
  2 -31 
  2 -26 
  2 -22 
  2 -14 
  2 -12 
  2 -7 
  2 -5 
  2 -1 
  2 9 
  2 14 
  2 15 
  2 28 
  3 -30 
  3 -28 
  3 -26 
  3 -22 
  3 -8 
  3 1 
  3 5 
  3 17 
  3 27 
  3 28 
  3 29 
  3 30 
  4 -11 
  4 -10 
  4 4 
  4 5 
  4 31 
  5 -15 
  5 -14 
  5 2 
  5 6 
  5 30 
  5 31 
  6 -15 
  6 4 
  6 7 
  6 10 
  6 11 
  6 13 
  6 14 
  7 -30 
  7 -20 
  7 -14 
  7 8 
  7 9 
  7 19 
  7 20 
  7 26 
  7 28 
  7 29 
  8 -24 
  8 -17 
  8 -4 
  8 -2 
  8 0 
  8 4 
  8 12 
  8 14 
  8 20 
  9 -5 
  9 15 
  9 23 
  9 28 
  10 -19 
  10 -13 
  10 3 
  10 11 
  10 12 
  10 14 
  10 17 
  10 18 
  10 20 
  10 25 
  11 -25 
  11 -18 
  11 -1 
  11 4 
  11 10 
  11 11 
  11 16 
  11 20 
  11 24 
  11 27 
  12 -25 
  12 -15 
  12 -14 
  12 -13 
  12 -11 
  12 -8 
  12 -7 
  12 -6 
  12 -5 
  12 -2 
  12 -1 
  12 3 
  12 7 
  12 15 
  12 18 
  12 22 
  12 23 
  13 -26 
  13 -21 
  13 -16 
  13 0 
  13 3 
  13 6 
  13 27 
  14 -26 
  14 -19 
  14 -3 
  14 9 
  14 14 
  14 16 
  14 26 
  15 -18 
  15 -7 
  15 3 
  15 6 
  15 15 
  15 21 
  16 -22 
  16 -10 
  16 13 
  16 14 
  16 16 
  16 17 
  16 23 
  17 -21 
  17 -18 
  17 3 
  17 6 
  17 7 
  17 17 
  17 19 
  17 22 
  18 -11 
  18 -10 
  18 -4 
  18 1 
  18 4 
  18 6 
  18 10 
  18 14 
  18 20 
  18 23 
  19 -21 
  19 -20 
  19 -19 
  19 -8 
  19 -5 
  20 -19 
  20 -11 
  20 -9 
  20 5 
  20 6 
  20 19 
  21 -3 
  21 3 
  21 14 
  22 -18 
  22 -16 
  22 -12 
  22 -6 
  22 -5 
  22 10 
  22 17 
  23 -8 
  23 -5 
  23 -3 
  23 2 
  23 4 
  23 5 
  23 10 
  23 17 
  24 1 
  24 11 
  24 12 
  25 -8 
  27 5 
  -28 0 
  -27 -2 
  -27 0 
  -26 -5 
  -25 -13 
  -25 -5 
  -25 8 
  -24 -11 
  -24 -4 
  -24 3 
  -24 8 
  -24 14 
  -23 -13 
  -23 -1 
  -23 2 
  -23 7 
  -23 12 
  -22 -5 
  -22 -3 
  -22 -2 
  -22 0 
  -22 9 
  -22 12 
  -21 -4 
  -21 1 
  -21 2 
  -21 7 
  -21 12 
  -21 21 
  -20 -14 
  -20 19 
  -19 -17 
  -19 -10 
  -19 8 
  -19 15 
  -19 17 
  -18 -16 
  -18 -13 
  -18 -10 
  -18 -6 
  -18 2 
  -18 9 
  -18 15 
  -17 -24 
  -17 -19 
  -17 -12 
  -17 18 
  -17 19 
  -16 -13 
  -16 -12 
  -16 6 
  -16 26 
  -15 -26 
  -15 -20 
  -15 -8 
  -15 -6 
  -15 -5 
  -15 -2 
  -15 17 
  -15 19 
  -14 -10 
  -14 -9 
  -14 -7 
  -14 -5 
  -14 -3 
  -14 6 
  -14 14 
  -14 15 
  -13 -25 
  -13 -16 
  -13 -8 
  -13 -2 
  -13 4 
  -13 7 
  -13 13 
  -13 16 
  -12 -15 
  -12 -6 
  -12 -3 
  -12 0 
  -12 12 
  -12 14 
  -12 24 
  -11 -23 
  -11 -20 
  -11 -18 
  -11 -17 
  -11 -8 
  -11 -6 
  -11 2 
  -11 18 
  -11 25 
  -10 -24 
  -10 -16 
  -10 -15 
  -10 20 
  -9 -27 
  -9 -25 
  -9 -18 
  -9 -12 
  -9 -4 
  -9 1 
  -9 3 
  -9 18 
  -9 26 
  -9 28 
  -8 -25 
  -8 -24 
  -8 -23 
  -8 -20 
  -8 -18 
  -8 -12 
  -8 -6 
  -8 -4 
  -8 0 
  -8 14 
  -8 17 
  -8 24 
  -8 26 
  -7 -28 
  -7 -24 
  -7 -6 
  -7 -2 
  -7 2 
  -7 19 
  -7 22 
  -6 -27 
  -6 -26 
  -6 -25 
  -6 -10 
  -6 -4 
  -6 -1 
  -6 3 
  -6 12 
  -6 13 
  -6 24 
  -6 26 
  -6 27 
  -5 -24 
  -5 -23 
  -5 -21 
  -5 -20 
  -5 -6 
  -5 -3 
  -5 2 
  -5 12 
  -5 26 
  -4 -13 
  -4 -12 
  -4 -7 
  -4 1 
  -4 2 
  -4 6 
  -4 15 
  -4 29 
  -3 -22 
  -3 -14 
  -3 -11 
  -3 4 
  -3 20 
  -3 24 
  -3 26 
  -3 27 
  -2 -30 
  -2 -22 
  -2 5 
  -2 9 
  -1 -20 
  -1 -4 
  -1 1 
  -1 8 
  -1 10 
  -1 19 
  -1 21 
  -1 31 
  0 -17 
  0 -3 
  0 -1 
  0 1 
  0 4 
  0 9 
  0 23 
  1 -11 
  1 -6 
  1 12 
  1 22 
  1 24 
  1 25 
  1 26 
  2 -28 
  2 -25 
  2 -9 
  2 -8 
  2 -2 
  2 0 
  2 27 
  3 -23 
  3 -21 
  3 -20 
  3 -12 
  3 24 
  4 -26 
  4 -15 
  4 9 
  4 16 
  4 21 
  5 -30 
  5 -28 
  5 -23 
  5 -22 
  5 -16 
  5 -1 
  5 4 
  5 8 
  5 20 
  5 22 
  6 -26 
  6 -25 
  6 -19 
  6 -17 
  6 -11 
  6 -9 
  6 -4 
  6 8 
  6 22 
  6 26 
  7 -18 
  7 -16 
  7 -8 
  7 -1 
  7 2 
  7 11 
  7 23 
  7 27 
  8 -15 
  8 -11 
  8 -9 
  8 3 
  8 15 
  9 -29 
  9 -13 
  9 -12 
  9 -8 
  9 -6 
  10 -15 
  10 1 
  10 7 
  10 15 
  10 29 
  11 -7 
  11 2 
  11 3 
  11 22 
  12 -22 
  12 -19 
  12 10 
  12 19 
  12 25 
  13 -25 
  13 -23 
  13 -20 
  13 -11 
  13 -7 
  13 -4 
  13 2 
  13 13 
  13 16 
  13 22 
  13 24 
  14 -8 
  14 -2 
  14 3 
  14 23 
  15 -12 
  15 -10 
  15 -5 
  15 2 
  15 7 
  15 22 
  15 24 
  16 -8 
  16 1 
  16 11 
  16 25 
  17 -24 
  17 -4 
  17 0 
  17 9 
  17 10 
  17 11 
  17 12 
  17 20 
  17 21 
  18 -18 
  18 -13 
  18 -6 
  18 -2 
  18 3 
  19 -9 
  19 2 
  19 5 
  20 -13 
  20 0 
  20 7 
  20 16 
  20 18 
  21 0 
  21 9 
  21 12 
  21 18 
  22 -14 
  22 -11 
  22 -2 
  22 6 
  22 9 
  22 14 
  23 -16 
  23 6 
  23 7 
  24 -14 
  24 -9 
  24 -6 
  24 -2 
  24 5 
  25 3 
  25 6 
  25 8 
  25 9 
  27 0 
  27 3 
  -28 -1 
  -27 7 
  -26 -9 
  -26 -8 
  -25 -11 
  -25 3 
  -24 -15 
  -24 13 
  -24 16 
  -23 -15 
  -23 -10 
  -23 -6 
  -23 6 
  -23 10 
  -23 14 
  -23 16 
  -23 17 
  -22 -10 
  -22 8 
  -21 -5 
  -21 5 
  -21 13 
  -21 19 
  -20 -19 
  -20 -16 
  -20 -11 
  -20 13 
  -20 18 
  -19 -12 
  -19 -8 
  -19 -5 
  -19 1 
  -19 5 
  -18 0 
  -18 6 
  -17 -23 
  -17 -21 
  -17 -9 
  -17 -7 
  -17 5 
  -17 13 
  -17 22 
  -16 -21 
  -16 -1 
  -16 0 
  -16 13 
  -16 22 
  -15 -23 
  -15 1 
  -15 5 
  -15 6 
  -15 10 
  -15 11 
  -15 18 
  -15 26 
  -14 -22 
  -14 -17 
  -14 4 
  -14 19 
  -13 -27 
  -13 -20 
  -13 -15 
  -13 -11 
  -13 -10 
  -13 17 
  -13 20 
  -13 21 
  -13 23 
  -12 -25 
  -12 -23 
  -12 -16 
  -12 -14 
  -12 -11 
  -12 3 
  -12 4 
  -12 5 
  -12 9 
  -12 11 
  -11 -25 
  -11 -21 
  -11 -11 
  -11 -10 
  -11 21 
  -11 22 
  -11 27 
  -11 29 
  -10 -23 
  -10 -7 
  -10 -5 
  -10 -4 
  -10 -1 
  -10 23 
  -10 25 
  -9 -17 
  -9 -16 
  -9 -13 
  -9 6 
  -9 16 
  -9 21 
  -9 24 
  -8 -26 
  -8 -21 
  -8 -15 
  -8 1 
  -8 25 
  -8 29 
  -7 -29 
  -7 -26 
  -7 -20 
  -7 -17 
  -7 -1 
  -7 7 
  -7 13 
  -7 21 
  -7 24 
  -7 30 
  -6 -20 
  -6 -8 
  -6 -7 
  -6 -5 
  -6 2 
  -6 17 
  -5 -16 
  -5 -14 
  -5 -9 
  -5 0 
  -5 1 
  -5 3 
  -5 4 
  -5 24 
  -5 28 
  -4 -24 
  -4 -3 
  -4 23 
  -3 -19 
  -3 -12 
  -3 -2 
  -3 6 
  -3 13 
  -3 18 
  -3 19 
  -3 29 
  -3 31 
  -2 -16 
  -2 -13 
  -2 -12 
  -2 -7 
  -2 -3 
  -2 -2 
  -2 16 
  -2 18 
  -2 29 
  -2 30 
  -1 -30 
  -1 -22 
  -1 -14 
  -1 -7 
  -1 4 
  -1 25 
  -1 30 
  0 -7 
  0 6 
  0 14 
  0 31 
  1 -24 
  1 -21 
  1 -19 
  1 -10 
  1 -8 
  1 -5 
  1 -2 
  1 3 
  1 4 
  1 7 
  2 -23 
  2 -11 
  2 -10 
  2 4 
  2 5 
  2 6 
  2 7 
  2 17 
  2 19 
  2 23 
  3 -24 
  3 -17 
  3 -15 
  3 16 
  4 -25 
  4 -19 
  4 -18 
  4 -8 
  4 13 
  4 19 
  4 26 
  5 -29 
  5 -27 
  5 -26 
  5 -12 
  5 -10 
  5 -6 
  5 -3 
  5 11 
  5 16 
  5 18 
  5 24 
  6 -30 
  6 -13 
  6 1 
  6 9 
  6 21 
  6 23 
  7 -15 
  7 -12 
  7 -4 
  7 1 
  7 7 
  7 12 
  7 17 
  7 18 
  7 21 
  7 25 
  7 30 
  8 -29 
  8 -28 
  8 -26 
  8 -25 
  8 7 
  8 10 
  8 18 
  8 24 
  8 28 
  8 29 
  9 -24 
  9 -17 
  9 -10 
  9 -2 
  9 8 
  9 16 
  9 17 
  9 19 
  9 22 
  10 -23 
  10 -16 
  10 -9 
  10 2 
  11 -28 
  11 -22 
  11 -21 
  11 -15 
  11 -10 
  11 14 
  11 21 
  11 23 
  11 28 
  12 -27 
  12 -20 
  12 8 
  12 11 
  13 -18 
  13 26 
  14 -22 
  14 -18 
  14 -12 
  14 -4 
  14 6 
  14 15 
  15 -25 
  15 -23 
  15 -15 
  15 -14 
  15 4 
  16 -20 
  16 21 
  16 24 
  17 -17 
  17 -13 
  17 -11 
  17 -6 
  17 -1 
  17 4 
  18 -3 
  18 9 
  18 13 
  18 15 
  19 -13 
  19 4 
  19 6 
  19 10 
  19 21 
  20 -20 
  20 -18 
  20 -8 
  20 2 
  20 14 
  21 -12 
  21 -10 
  21 -8 
  21 4 
  21 7 
  22 -10 
  22 -9 
  22 0 
  22 7 
  22 15 
  23 -4 
  23 -1 
  23 12 
  24 -12 
  24 -3 
  24 -1 
  24 8 
  24 10 
  24 13 
  24 14 
  25 0 
  25 12 
  26 -7 
  26 -4 
  26 -1 
  26 0 
  -26 -3 
  -26 -1 
  -26 9 
  -25 -1 
  -25 1 
  -24 -12 
  -24 -9 
  -24 0 
  -24 2 
  -24 7 
  -24 11 
  -23 -8 
  -23 11 
  -22 -16 
  -22 4 
  -22 5 
  -22 7 
  -22 11 
  -21 -7 
  -21 -6 
  -21 -3 
  -21 6 
  -21 17 
  -20 -21 
  -20 -12 
  -20 -9 
  -20 -3 
  -20 -2 
  -20 4 
  -20 11 
  -20 17 
  -19 -22 
  -19 -14 
  -19 -7 
  -19 6 
  -19 11 
  -19 14 
  -19 16 
  -19 19 
  -18 -21 
  -18 -11 
  -18 -4 
  -18 -3 
  -18 -2 
  -18 4 
  -18 10 
  -18 21 
  -18 22 
  -17 -11 
  -17 -4 
  -17 21 
  -16 -20 
  -16 -18 
  -16 -14 
  -16 -7 
  -16 -5 
  -16 8 
  -16 10 
  -16 11 
  -16 14 
  -16 18 
  -15 -17 
  -15 8 
  -15 13 
  -15 14 
  -15 23 
  -14 -26 
  -14 -21 
  -14 -11 
  -14 -1 
  -14 7 
  -14 10 
  -14 13 
  -14 22 
  -14 27 
  -13 -21 
  -13 -13 
  -13 -7 
  -13 -6 
  -13 -5 
  -13 1 
  -13 2 
  -13 9 
  -13 12 
  -13 14 
  -13 25 
  -12 -27 
  -12 -20 
  -12 -9 
  -12 1 
  -12 17 
  -12 23 
  -12 26 
  -12 28 
  -11 -24 
  -11 14 
  -11 15 
  -11 16 
  -11 17 
  -11 20 
  -10 -8 
  -10 -3 
  -10 0 
  -10 3 
  -10 4 
  -10 13 
  -10 15 
  -9 -29 
  -9 7 
  -9 8 
  -9 17 
  -9 22 
  -8 -27 
  -8 -13 
  -8 -5 
  -8 3 
  -8 4 
  -8 12 
  -7 -19 
  -7 -14 
  -7 -11 
  -7 4 
  -7 15 
  -7 16 
  -6 -14 
  -6 -11 
  -6 -6 
  -6 -3 
  -6 1 
  -6 6 
  -6 20 
  -6 29 
  -5 -27 
  -5 -8 
  -5 -7 
  -5 9 
  -5 10 
  -5 15 
  -5 23 
  -5 30 
  -4 -18 
  -4 -1 
  -4 24 
  -4 28 
  -4 31 
  -3 -27 
  -3 -23 
  -3 10 
  -3 14 
  -3 15 
  -2 -31 
  -2 -28 
  -2 -25 
  -2 -24 
  -2 -4 
  -2 2 
  -2 3 
  -2 7 
  -2 12 
  -2 17 
  -2 20 
  -2 31 
  -1 -28 
  -1 -25 
  -1 -13 
  -1 5 
  -1 7 
  -1 15 
  -1 26 
  0 -27 
  0 -25 
  0 -24 
  0 -16 
  0 -11 
  0 0 
  0 16 
  0 17 
  0 20 
  0 21 
  0 22 
  0 28 
  1 -30 
  1 -28 
  1 -25 
  1 -20 
  1 -13 
  1 9 
  1 10 
  1 31 
  2 -21 
  2 -17 
  2 1 
  2 10 
  2 30 
  3 -31 
  3 3 
  3 4 
  3 8 
  3 9 
  3 18 
  4 -30 
  4 -29 
  4 -28 
  4 -22 
  4 -17 
  4 -12 
  4 -4 
  4 -3 
  4 2 
  4 8 
  4 12 
  4 14 
  4 25 
  4 29 
  4 30 
  5 -11 
  5 -9 
  5 0 
  5 7 
  5 9 
  5 15 
  5 17 
  5 19 
  5 28 
  6 -27 
  6 -20 
  6 -18 
  6 -12 
  6 -7 
  6 3 
  6 12 
  6 24 
  6 25 
  6 29 
  6 30 
  7 -23 
  7 -17 
  7 -10 
  8 -7 
  8 13 
  8 16 
  9 -23 
  9 -14 
  9 3 
  9 6 
  9 7 
  9 18 
  9 24 
  10 -27 
  10 -26 
  10 -24 
  10 -22 
  10 -14 
  10 -8 
  10 -7 
  10 -6 
  10 -1 
  10 6 
  10 10 
  10 19 
  10 21 
  10 24 
  11 -24 
  11 -17 
  11 -5 
  11 -4 
  11 -3 
  11 -2 
  11 18 
  12 -26 
  12 -18 
  12 -12 
  12 0 
  12 9 
  12 12 
  12 20 
  13 -15 
  13 -10 
  13 -6 
  13 -5 
  13 7 
  13 19 
  13 20 
  14 4 
  14 8 
  14 13 
  14 17 
  14 18 
  15 -21 
  15 -4 
  15 -2 
  15 0 
  15 1 
  15 11 
  15 25 
  16 -24 
  16 -19 
  16 -14 
  16 -9 
  16 -1 
  16 3 
  16 10 
  17 2 
  17 24 
  18 -17 
  18 -7 
  18 16 
  19 -16 
  19 0 
  19 3 
  19 8 
  19 16 
  19 22 
  20 -17 
  20 -3 
  20 1 
  20 8 
  20 9 
  20 11 
  20 12 
  20 15 
  21 -19 
  21 -5 
  21 20 
  22 -3 
  22 1 
  22 2 
  22 8 
  23 3 
  23 11 
  24 -7 
  24 0 
  24 4 
  25 -10 
  25 -9 
  25 -7 
  25 -6 
  25 10 
  26 -2 
  27 -5 
  27 2 
  -28 2 
  -27 -7 
  -27 -4 
  -27 8 
  -26 -7 
  -26 1 
  -26 6 
  -26 7 
  -26 8 
  -25 -4 
  -25 -3 
  -25 2 
  -25 9 
  -24 -14 
  -24 -10 
  -24 -6 
  -24 5 
  -23 -14 
  -23 -7 
  -23 1 
  -23 18 
  -22 -14 
  -22 -7 
  -22 1 
  -22 2 
  -21 -18 
  -21 -12 
  -21 3 
  -21 14 
  -21 20 
  -20 -15 
  -20 -13 
  -20 -10 
  -20 9 
  -20 15 
  -20 16 
  -20 22 
  -19 -18 
  -19 -11 
  -19 -6 
  -19 -3 
  -19 3 
  -19 4 
  -19 9 
  -19 12 
  -18 -15 
  -18 -9 
  -18 -8 
  -18 1 
  -18 20 
  -18 24 
  -17 -18 
  -17 -16 
  -17 3 
  -17 25 
  -16 -22 
  -16 -16 
  -16 -4 
  -16 19 
  -16 21 
  -15 -25 
  -15 -9 
  -15 -1 
  -15 0 
  -15 3 
  -15 7 
  -15 16 
  -14 -13 
  -14 -12 
  -14 0 
  -14 16 
  -14 17 
  -14 21 
  -14 24 
  -14 25 
  -13 -24 
  -13 -1 
  -13 18 
  -12 -28 
  -12 -24 
  -12 -17 
  -12 6 
  -12 18 
  -12 21 
  -12 25 
  -11 -27 
  -11 -22 
  -11 -12 
  -11 -7 
  -11 0 
  -11 3 
  -11 5 
  -11 9 
  -11 13 
  -11 23 
  -10 -29 
  -10 -28 
  -10 -26 
  -10 -21 
  -10 -19 
  -10 -18 
  -10 -11 
  -10 12 
  -10 24 
  -9 -21 
  -9 -10 
  -9 -8 
  -9 -5 
  -9 -2 
  -9 -1 
  -9 10 
  -9 11 
  -9 25 
  -9 27 
  -9 29 
  -8 -28 
  -8 -19 
  -8 -17 
  -8 -8 
  -8 -3 
  -8 5 
  -8 21 
  -8 27 
  -8 28 
  -7 -30 
  -7 -22 
  -7 -21 
  -7 -13 
  -7 -10 
  -7 -3 
  -7 0 
  -7 9 
  -7 10 
  -7 12 
  -7 14 
  -7 23 
  -7 26 
  -7 28 
  -6 -30 
  -6 -19 
  -6 -17 
  -6 -2 
  -6 7 
  -6 11 
  -6 18 
  -6 21 
  -5 -30 
  -5 -29 
  -5 -18 
  -5 -15 
  -5 -13 
  -5 -5 
  -5 6 
  -5 16 
  -5 27 
  -4 -30 
  -4 -26 
  -4 -23 
  -4 -17 
  -4 -14 
  -4 -10 
  -4 16 
  -4 17 
  -4 21 
  -3 -31 
  -3 -21 
  -3 -7 
  -3 0 
  -3 1 
  -3 11 
  -3 23 
  -3 28 
  -2 -26 
  -2 -21 
  -2 -20 
  -2 -10 
  -2 -5 
  -2 1 
  -2 8 
  -2 14 
  -2 19 
  -2 23 
  -2 24 
  -2 27 
  -1 -24 
  -1 -8 
  -1 -5 
  -1 2 
  -1 9 
  -1 12 
  -1 20 
  -1 24 
  0 -26 
  0 -10 
  0 -6 
  0 -5 
  0 10 
  0 24 
  0 29 
  1 -27 
  1 -26 
  1 -14 
  1 8 
  1 13 
  1 14 
  1 18 
  1 28 
  2 -30 
  2 -20 
  2 -3 
  2 11 
  2 13 
  2 18 
  2 21 
  2 31 
  3 -7 
  3 -5 
  3 -2 
  3 13 
  3 14 
  3 22 
  4 -27 
  4 -23 
  4 -20 
  4 -16 
  4 -13 
  4 -7 
  4 -5 
  4 -1 
  4 0 
  4 1 
  4 6 
  4 23 
  4 28 
  5 -25 
  5 -24 
  5 -18 
  5 1 
  5 3 
  5 5 
  5 12 
  5 26 
  6 -28 
  6 -21 
  6 -14 
  6 -10 
  6 -6 
  6 -3 
  6 -2 
  6 6 
  6 16 
  6 19 
  7 -26 
  7 -21 
  7 -13 
  7 -2 
  7 5 
  7 10 
  7 24 
  8 -16 
  8 -13 
  8 -12 
  8 8 
  8 26 
  8 27 
  9 -20 
  9 -19 
  9 -18 
  9 -11 
  9 -1 
  9 11 
  9 13 
  10 -28 
  10 -25 
  10 -11 
  10 0 
  10 16 
  10 26 
  11 -19 
  11 -16 
  11 -12 
  11 -9 
  11 -8 
  11 9 
  11 13 
  11 15 
  12 -21 
  12 -16 
  12 -10 
  12 4 
  12 5 
  12 14 
  12 16 
  12 17 
  12 24 
  12 26 
  13 -22 
  13 -17 
  13 -12 
  13 -9 
  13 -8 
  13 -3 
  13 5 
  13 18 
  13 23 
  14 -23 
  14 -10 
  14 0 
  14 7 
  14 10 
  14 11 
  14 24 
  14 27 
  15 -24 
  15 -22 
  15 -19 
  15 -16 
  15 -8 
  15 8 
  15 10 
  15 18 
  15 19 
  15 23 
  16 -23 
  16 -12 
  16 -7 
  16 -3 
  16 12 
  17 1 
  17 18 
  18 -15 
  18 -1 
  18 0 
  18 8 
  18 19 
  18 21 
  19 -22 
  19 -18 
  19 -17 
  19 -15 
  19 -11 
  19 -4 
  19 9 
  19 12 
  19 13 
  19 17 
  20 -16 
  20 -6 
  21 -18 
  21 -15 
  21 -6 
  21 -2 
  21 -1 
  21 13 
  21 16 
  21 17 
  22 -17 
  22 -7 
  22 12 
  22 16 
  23 -6 
  23 15 
  24 -10 
  24 -8 
  25 4 
  26 -8 
  26 -5 
  26 5 
  26 7 
  26 9 
  26 10 
  27 1 
  -27 -3 
  -26 -11 
  -26 3 
  -26 10 
  -26 11 
  -24 -7 
  -24 -3 
  -24 4 
  -23 -16 
  -23 -12 
  -23 -9 
  -23 -3 
  -23 -2 
  -23 0 
  -22 -19 
  -22 -13 
  -22 -8 
  -22 -6 
  -22 -4 
  -22 -1 
  -22 14 
  -22 17 
  -22 18 
  -22 19 
  -21 -17 
  -21 -16 
  -21 -15 
  -21 -11 
  -21 9 
  -21 10 
  -20 -8 
  -20 -7 
  -20 2 
  -20 6 
  -20 7 
  -20 8 
  -20 10 
  -19 -21 
  -19 -20 
  -19 -1 
  -19 10 
  -19 22 
  -18 -19 
  -18 -7 
  -18 7 
  -18 8 
  -17 -6 
  -17 -3 
  -17 -2 
  -17 8 
  -17 11 
  -17 14 
  -17 16 
  -17 20 
  -16 -24 
  -16 -10 
  -16 -8 
  -16 5 
  -16 20 
  -16 25 
  -15 -21 
  -15 -16 
  -15 -15 
  -15 -14 
  -15 -12 
  -15 -10 
  -15 -4 
  -15 24 
  -14 -25 
  -14 -23 
  -14 -18 
  -14 -14 
  -14 -2 
  -14 3 
  -14 12 
  -14 18 
  -13 -23 
  -13 -22 
  -13 -17 
  -13 -4 
  -13 0 
  -13 3 
  -13 11 
  -13 15 
  -13 22 
  -13 26 
  -13 27 
  -13 28 
  -12 -22 
  -12 -10 
  -12 -4 
  -12 7 
  -11 -16 
  -11 -2 
  -11 -1 
  -10 -25 
  -10 -20 
  -10 -13 
  -10 -6 
  -10 5 
  -10 18 
  -10 27 
  -10 28 
  -9 -23 
  -9 -11 
  -9 -6 
  -9 0 
  -9 9 
  -9 13 
  -8 -22 
  -8 -10 
  -8 -9 
  -8 -7 
  -8 -1 
  -8 8 
  -8 15 
  -7 -25 
  -7 -9 
  -7 -5 
  -7 -4 
  -7 17 
  -6 4 
  -6 23 
  -5 -28 
  -5 -22 
  -5 -12 
  -5 -4 
  -5 18 
  -5 21 
  -4 -19 
  -4 -16 
  -4 -11 
  -4 -6 
  -4 -5 
  -4 7 
  -4 14 
  -4 27 
  -3 -30 
  -3 -20 
  -3 -15 
  -3 -5 
  -3 -4 
  -3 -1 
  -3 3 
  -3 8 
  -3 16 
  -3 21 
  -3 25 
  -2 -23 
  -2 -15 
  -2 -9 
  -2 -8 
  -2 -1 
  -2 28 
  -1 -23 
  -1 -21 
  -1 -10 
  -1 -6 
  -1 -2 
  -1 0 
  -1 27 
  -1 28 
  0 -30 
  0 -21 
  0 -18 
  0 -15 
  0 2 
  0 18 
  0 27 
  1 -31 
  1 -17 
  1 -7 
  1 -4 
  1 -3 
  1 -1 
  1 16 
  1 17 
  1 27 
  2 -24 
  2 -19 
  2 -15 
  2 16 
  2 24 
  2 29 
  3 -29 
  3 -27 
  3 -11 
  3 -9 
  3 -4 
  3 0 
  3 10 
  3 19 
  4 -21 
  4 -6 
  4 -2 
  4 22 
  4 24 
  4 27 
  5 -13 
  5 -8 
  5 -7 
  5 21 
  5 27 
  5 29 
  6 -24 
  6 -22 
  6 18 
  6 27 
  7 -27 
  7 -22 
  7 -11 
  7 0 
  7 4 
  7 14 
  8 -21 
  8 -19 
  8 -8 
  8 -5 
  8 -3 
  8 2 
  8 5 
  8 11 
  8 21 
  8 30 
  9 -27 
  9 -26 
  9 -22 
  9 -4 
  9 9 
  9 14 
  10 -21 
  10 -20 
  10 -18 
  10 -5 
  10 -2 
  10 23 
  11 -26 
  11 -23 
  11 -20 
  11 -14 
  11 -6 
  11 6 
  11 17 
  12 -23 
  12 1 
  12 2 
  13 -27 
  13 -13 
  13 -2 
  13 -1 
  13 9 
  13 10 
  13 11 
  13 14 
  13 25 
  14 -17 
  14 -15 
  14 -14 
  14 -11 
  14 -9 
  14 -7 
  14 -5 
  14 -1 
  14 2 
  14 21 
  15 -20 
  15 -6 
  15 5 
  15 13 
  15 16 
  16 -21 
  16 -18 
  16 -13 
  16 -11 
  16 -6 
  16 2 
  16 6 
  16 7 
  16 15 
  16 18 
  16 22 
  17 -22 
  17 -19 
  17 -12 
  17 -7 
  17 -2 
  17 16 
  18 -23 
  18 -22 
  18 -20 
  18 -19 
  18 -16 
  18 -14 
  18 12 
  18 22 
  19 -10 
  19 -3 
  19 18 
  19 19 
  20 -10 
  20 -4 
  20 20 
  20 21 
  21 -17 
  21 2 
  21 10 
  21 15 
  21 19 
  22 -4 
  22 11 
  22 18 
  23 -14 
  23 -10 
  23 -7 
  23 9 
  23 14 
  24 -5 
  24 3 
  24 7 
  24 9 
  24 15 
  25 -3 
  25 -1 
  25 2 
  25 5 
  26 -6 
  26 4 
  26 6 
  27 -1 ;
AreaPerTest 2.1686999274e+10;
DefectRecordSpec 12 DEFECTID XREL YREL XINDEX YINDEX XSIZE YSIZE DEFECTAREA DSIZE CLASSNUMBER TEST IMAGECOUNT ;
DefectList
 1 419.600 367.900 -2 -31 8.000 4.100 32.000000 295.000 0 1 0
 3 1274.400 2561.000 7 -30 8.000 4.100 32.000000 203.000 0 1 0
 4 2399.800 1977.100 -1 -29 8.000 2.700 21.000000 110.000 0 1 0
 5 1010.000 2420.100 0 -29 8.000 4.100 32.000000 184.000 0 1 0
 6 1236.400 1043.098 2 -29 8.000 2.700 16.000000 84.000 0 1 0
 7 976.200 690.200 6 -28 8.000 5.400 37.000000 258.000 0 1 0
 8 1879.000 2068.199 5 -28 8.000 5.400 27.000000 135.000 0 1 0
 9 1871.000 1635.200 0 -28 8.000 4.100 27.000000 132.000 0 1 0
 10 2318.600 934.200 -12 -28 8.000 5.400 37.000000 201.000 0 1 0
 11 1694.200 1055.300 1 -27 8.000 4.100 21.000000 105.000 0 1 0
 12 2458.600 1053.300 13 -27 8.000 4.100 27.000000 181.000 0 1 0
 13 480.200 1564.400 -14 -26 12.000 5.400 37.000000 190.000 0 1 0
 14 1759.400 610.500 -3 -25 8.000 5.400 32.000000 368.000 0 1 0
 15 1555.800 588.500 -1 -25 8.000 1.400 10.000000 142.000 0 1 0
 16 2671.000 1370.500 0 -25 8.000 5.400 37.000000 357.000 0 1 0
 17 1499.200 1412.500 1 -25 8.000 5.400 37.000000 347.000 0 1 0
 19 397.200 528.500 16 -25 4.000 2.700 10.000000 168.000 0 1 0
 20 435.200 513.500 16 -25 8.000 5.400 43.000000 266.000 0 1 0
 24 2379.200 1647.700 6 -23 12.000 4.100 27.000000 114.000 0 1 0
 26 480.200 1799.700 16 -23 4.000 2.700 10.000000 116.000 0 1 0
 27 534.200 758.700 16 -23 4.000 1.400 5.000000 88.000 0 1 0
 28 510.200 1626.800 16 -22 4.000 1.400 5.000000 93.000 0 1 0
 29 479.200 653.800 16 -22 4.000 1.400 5.000000 80.000 0 1 0
 30 2668.400 1757.800 -8 -22 8.000 4.100 32.000000 145.000 0 1 0
 31 2071.000 2182.800 -15 -22 8.000 4.100 27.000000 144.000 0 1 0
 32 2573.200 706.800 -19 -22 8.000 4.100 21.000000 117.000 0 1 0
 33 1126.200 2262.800 -19 -22 8.000 2.700 16.000000 110.000 0 1 0
 34 2335.400 329.900 -3 -21 4.000 1.400 5.000000 119.000 0 1 0
 35 527.200 1575.000 16 -20 8.000 5.400 37.000000 212.000 0 1 0
 36 1335.400 883.000 7 -20 8.000 2.700 21.000000 154.000 0 1 0
 38 1677.800 524.000 -21 -20 4.000 1.400 5.000000 149.000 0 1 0
 39 861.800 2157.100 19 -19 8.000 4.100 21.000000 157.000 0 1 0
 40 2432.400 1357.200 22 -18 8.000 4.100 27.000000 229.000 0 1 0
 41 1086.000 2330.200 20 -18 8.000 2.700 21.000000 99.000 0 1 0
 42 2818.800 972.200 19 -18 4.000 2.700 10.000000 118.000 0 1 0
 44 1320.400 1224.200 -13 -18 8.000 4.100 27.000000 157.000 0 1 0
 45 468.600 568.200 -17 -18 4.000 1.400 5.000000 121.000 0 1 0
 46 325.000 2727.300 -20 -17 4.000 1.400 5.000000 151.000 0 1 0
 47 1944.000 2131.300 -20 -17 8.000 4.100 27.000000 165.000 0 1 0
 48 2896.200 754.400 11 -16 8.000 5.400 37.000000 222.000 0 1 0
 49 1958.200 695.400 -9 -16 4.000 1.400 5.000000 100.000 0 1 0
 50 1267.800 494.500 -16 -15 12.000 5.400 43.000000 188.000 0 1 0
 51 305.600 1196.500 3 -15 4.000 2.700 10.000000 176.000 0 1 0
 52 962.800 732.600 14 -14 4.000 2.700 10.000000 118.000 0 1 0
 54 2537.000 1717.600 5 -14 4.000 2.700 10.000000 113.000 0 1 0
 55 1859.200 1392.600 1 -14 4.000 2.700 10.000000 116.000 0 1 0
 56 492.000 1731.600 -5 -14 8.000 4.100 32.000000 203.000 0 1 0
 57 565.200 354.600 -9 -14 8.000 5.400 43.000000 362.000 0 1 0
 59 2447.600 1498.700 -12 -13 8.000 6.800 54.000000 528.000 0 1 0
 61 587.400 429.700 2 -13 8.000 2.700 21.000000 155.000 0 1 0
 63 475.600 370.800 3 -12 12.000 4.100 37.000000 165.000 0 1 0
 64 2597.200 2196.800 -9 -12 8.000 4.100 32.000000 135.000 0 1 0
 65 1625.000 2616.900 5 -11 8.000 5.400 37.000000 424.000 0 1 0
 67 1151.000 928.000 20 -10 8.000 4.100 27.000000 137.000 0 1 0
 68 2697.400 1837.000 12 -10 8.000 5.400 32.000000 204.000 0 1 0
 69 2534.200 2465.000 -9 -10 12.000 4.100 27.000000 158.000 0 1 0
 71 1983.800 917.000 -16 -10 12.000 4.100 27.000000 136.000 0 1 0
 73 2673.800 1234.100 -6 -9 8.000 4.100 32.000000 206.000 0 1 0
 74 1377.800 852.100 14 -9 12.000 6.800 59.000000 432.000 0 1 0
 76 1387.200 2573.100 21 -9 8.000 4.100 27.000000 242.000 0 1 0
 77 2640.800 2050.100 24 -9 4.000 1.400 5.000000 108.000 0 1 0
 78 2958.200 1421.100 26 -9 8.000 4.100 21.000000 306.000 0 1 0
 79 1233.600 2009.200 23 -8 12.000 6.800 48.000000 490.000 0 1 0
 80 799.800 1052.200 -11 -8 4.000 1.400 5.000000 83.000 0 1 0
 81 1653.400 1122.200 -13 -8 8.000 4.100 32.000000 112.000 0 1 0
 82 1096.400 1244.200 -13 -8 8.000 2.700 21.000000 122.000 0 1 0
 84 166.000 721.300 -25 -7 4.000 1.400 5.000000 140.000 0 1 0
 85 1167.600 1539.300 -12 -7 8.000 4.100 32.000000 455.000 0 1 0
 86 2936.000 773.400 5 -6 8.000 5.400 37.000000 432.000 0 1 0
 88 694.800 433.500 -26 -5 4.000 4.100 16.000000 162.000 0 1 0
 89 2662.200 1715.500 -14 -5 8.000 4.100 32.000000 173.000 0 1 0
 90 1631.000 369.500 0 -5 4.000 2.700 10.000000 161.000 0 1 0
 91 2579.000 330.500 0 -5 4.000 1.400 5.000000 130.000 0 1 0
 92 1809.000 2257.500 10 -5 8.000 1.400 10.000000 93.000 0 1 0
 94 873.800 2224.500 24 -5 8.000 4.100 27.000000 118.000 0 1 0
 95 2132.600 1519.600 18 -4 8.000 5.400 37.000000 286.000 0 1 0
 96 2131.000 369.600 10 -4 8.000 4.100 21.000000 192.000 0 1 0
 97 2723.600 389.600 -12 -4 8.000 5.400 32.000000 261.000 0 1 0
 98 1288.600 1597.700 3 -3 8.000 4.100 32.000000 225.000 0 1 0
 100 1778.200 751.700 16 -3 8.000 4.100 32.000000 153.000 0 1 0
 101 2847.000 1714.800 0 -2 12.000 5.400 54.000000 486.000 0 1 0
 103 954.800 482.800 -26 -2 8.000 4.100 21.000000 209.000 0 1 0
 104 414.400 907.900 -28 -1 4.000 1.400 5.000000 100.000 0 1 0
 105 2803.600 393.900 -27 -1 4.000 1.400 5.000000 153.000 0 1 0
 106 2265.600 434.900 -17 -1 8.000 2.700 21.000000 165.000 0 1 0
 108 343.000 2613.900 0 -1 8.000 1.400 10.000000 124.000 0 1 0
 109 363.000 2613.900 0 -1 8.000 5.400 27.000000 305.000 0 1 0
 110 403.000 2613.900 0 -1 8.000 1.400 10.000000 115.000 0 1 0
 111 2008.000 1511.900 0 -1 8.000 4.100 32.000000 150.000 0 1 0
 112 598.600 2126.900 3 -1 8.000 4.100 32.000000 275.000 0 1 0
 115 1700.400 2354.000 12 0 4.000 1.400 5.000000 98.000 0 1 0
 118 2913.600 1240.000 3 0 8.000 4.100 27.000000 177.000 0 1 0
 120 1293.400 748.100 -18 1 4.000 1.400 5.000000 88.000 0 1 0
 121 1919.800 1946.100 -16 1 8.000 4.100 27.000000 160.000 0 1 0
 122 709.000 2432.100 -15 1 8.000 4.100 27.000000 154.000 0 1 0
 125 539.800 509.200 9 2 4.000 2.700 10.000000 176.000 0 1 0
 126 2171.600 639.200 8 2 4.000 2.700 10.000000 105.000 0 1 0
 127 495.800 1111.200 -1 2 8.000 5.400 37.000000 251.000 0 1 0
 130 614.400 2617.200 -28 2 12.000 4.100 37.000000 354.000 0 1 0
 131 1600.600 1008.300 -12 3 8.000 4.100 27.000000 172.000 0 1 0
 132 583.400 438.300 -3 3 8.000 2.700 21.000000 147.000 0 1 0
 133 1994.400 2537.400 12 4 12.000 5.400 43.000000 356.000 0 1 0
 134 775.400 1449.400 -8 4 12.000 5.400 43.000000 338.000 0 1 0
 135 1773.400 2215.400 -18 4 4.000 2.700 10.000000 97.000 0 1 0
 136 2498.600 1703.500 -12 5 8.000 2.700 16.000000 116.000 0 1 0
 138 428.800 1245.500 14 5 8.000 2.700 21.000000 110.000 0 1 0
 139 1682.400 691.500 17 5 4.000 2.700 10.000000 101.000 0 1 0
 142 598.000 1171.600 20 6 8.000 1.400 10.000000 86.000 0 1 0
 144 1142.400 347.600 12 6 8.000 5.400 37.000000 259.000 0 1 0
 146 1941.200 1775.700 -19 7 4.000 1.400 5.000000 103.000 0 1 0
 147 1881.600 439.700 -12 7 8.000 4.100 27.000000 207.000 0 1 0
 148 1926.800 1666.700 14 7 8.000 5.400 37.000000 188.000 0 1 0
 149 1285.800 2867.700 24 7 8.000 2.700 21.000000 209.000 0 1 0
 150 2994.800 2086.800 24 8 4.000 1.400 5.000000 167.000 0 1 0
 152 2541.000 403.800 -20 8 8.000 4.100 27.000000 194.000 0 1 0
 153 1064.200 2218.900 -24 9 8.000 5.400 37.000000 316.000 0 1 0
 154 2819.600 1886.900 3 9 4.000 1.400 5.000000 98.000 0 1 0
 155 2054.000 1978.900 20 9 8.000 4.100 27.000000 116.000 0 1 0
 156 186.200 1457.900 21 9 8.000 2.700 16.000000 161.000 0 1 0
 157 2216.200 628.000 26 10 8.000 4.100 32.000000 373.000 0 1 0
 158 2276.600 1559.000 23 10 8.000 4.100 32.000000 217.000 0 1 0
 159 1214.600 2436.000 23 10 8.000 2.700 21.000000 119.000 0 1 0
 160 2195.400 1573.000 -13 10 4.000 2.700 10.000000 145.000 0 1 0
 161 2709.400 2390.100 -3 11 8.000 4.100 27.000000 140.000 0 1 0
 162 2026.800 1507.100 9 11 4.000 1.400 5.000000 95.000 0 1 0
 163 2567.600 577.100 23 11 8.000 4.100 21.000000 224.000 0 1 0
 164 2474.800 2426.100 24 11 4.000 2.700 10.000000 92.000 0 1 0
 165 2210.000 411.100 25 11 4.000 4.100 16.000000 162.000 0 1 0
 166 2190.000 2417.200 25 12 4.000 2.700 10.000000 93.000 0 1 0
 167 731.000 1944.200 25 12 8.000 2.700 21.000000 119.000 0 1 0
 168 586.000 2468.200 25 12 4.000 1.400 5.000000 82.000 0 1 0
 169 2488.800 1959.200 24 12 4.000 2.700 10.000000 111.000 0 1 0
 170 2237.800 1373.200 24 12 8.000 4.100 32.000000 144.000 0 1 0
 171 1975.000 407.200 5 12 8.000 2.700 21.000000 168.000 0 1 0
 174 954.800 843.300 4 13 12.000 6.800 65.000000 555.000 0 1 0
 175 543.000 2417.300 20 13 8.000 5.400 32.000000 341.000 0 1 0
 176 1363.600 1921.300 23 13 8.000 4.100 27.000000 198.000 0 1 0
 177 1131.000 1765.400 15 14 8.000 4.100 27.000000 103.000 0 1 0
 178 1415.800 1285.400 -21 14 12.000 4.100 32.000000 181.000 0 1 0
 179 1228.200 356.500 -24 15 8.000 4.100 27.000000 236.000 0 1 0
 180 2734.400 1515.500 -23 15 8.000 4.100 32.000000 244.000 0 1 0
 182 2366.200 1686.600 21 16 8.000 5.400 27.000000 183.000 0 1 0
 183 975.600 1204.600 18 16 8.000 4.100 27.000000 158.000 0 1 0
 185 1137.000 2380.600 10 16 8.000 1.400 10.000000 81.000 0 1 0
 186 2062.400 439.600 -13 16 8.000 2.700 21.000000 132.000 0 1 0
 187 1031.200 420.700 -14 17 8.000 4.100 27.000000 278.000 0 1 0
 188 1487.000 878.800 20 18 8.000 4.100 27.000000 253.000 0 1 0
 190 1645.800 259.800 19 18 12.000 5.400 37.000000 241.000 0 1 0
 192 634.800 2119.800 -11 18 12.000 4.100 27.000000 179.000 0 1 0
 193 465.400 1166.900 12 19 8.000 1.400 10.000000 97.000 0 1 0
 194 1335.200 531.000 21 20 12.000 5.400 37.000000 258.000 0 1 0
 195 2821.000 356.000 20 20 12.000 5.400 37.000000 333.000 0 1 0
 196 824.400 1659.000 17 20 8.000 4.100 27.000000 133.000 0 1 0
 197 534.400 1048.000 -3 20 8.000 5.400 32.000000 159.000 0 1 0
 198 2822.200 1886.000 -4 20 4.000 1.400 5.000000 89.000 0 1 0
 200 776.000 2318.100 -10 21 4.000 1.400 5.000000 91.000 0 1 0
 202 1818.400 1668.100 7 21 8.000 4.100 27.000000 120.000 0 1 0
 203 1520.400 1444.100 12 21 8.000 1.400 10.000000 94.000 0 1 0
 205 986.400 2295.100 17 21 8.000 4.100 27.000000 226.000 0 1 0
 208 1176.800 2244.300 4 23 8.000 4.100 32.000000 132.000 0 1 0
 209 1909.400 671.300 12 23 4.000 1.400 5.000000 99.000 0 1 0
 210 709.200 2535.300 16 23 8.000 1.400 10.000000 96.000 0 1 0
 211 762.600 919.400 8 24 8.000 5.400 37.000000 373.000 0 1 0
 212 1731.800 2062.500 9 25 8.000 2.700 16.000000 114.000 0 1 0
 214 952.800 1544.600 9 26 8.000 2.700 16.000000 107.000 0 1 0
 215 2952.400 1385.600 7 26 8.000 5.400 32.000000 199.000 0 1 0
 216 790.800 653.800 9 28 4.000 2.700 10.000000 111.000 0 1 0
 217 1732.800 744.800 4 28 8.000 4.100 32.000000 390.000 0 1 0
 218 2200.800 950.900 -6 29 8.000 4.100 32.000000 277.000 0 1 0
 219 1878.600 1269.900 3 29 8.000 4.100 21.000000 148.000 0 1 0
 221 2894.200 2354.000 6 30 12.000 4.100 27.000000 146.000 0 1 0
 222 383.800 768.100 -6 31 8.000 4.100 21.000000 152.000 0 1 0;
EndOfFile;
